#number of items n
60

#knapsack capacity b
653

#constraint coefficients a
5 15 36 38 48 28 35 24 10 7 22 3 18 31 3 2 50 30 33 6 4 47 15 38 3 16 43 25 34 19 27 29 44 43 23 42 46 5 8 31 8 47 19 16 50 11 36 24 3 33 49 4 17 45 38 3 17 31 22 41 

#linear coefficients c
34 15 96 85 0 0 96 60 72 52 0 57 0 0 20 0 0 72 0 0 0 5 0 0 0 47 42 21 0 9 0 31 76 0 0 83 0 0 100 0 92 72 0 0 13 0 47 0 0 0 0 43 29 12 73 51 31 0 0 38 

#quadratic coefficients C: i < j
98 0 4 0 0 19 60 25 24 0 0 0 0 0 0 89 59 0 34 93 0 15 58 0 34 0 60 56 97 0 0 99 60 73 0 0 56 49 0 97 94 18 0 52 91 0 0 48 76 42 3 0 31 94 88 15 57 43 3 
48 0 17 0 0 13 0 84 0 0 0 58 6 53 0 76 69 0 0 0 0 52 0 0 98 0 0 0 13 0 9 0 71 0 29 0 0 0 18 0 0 86 83 0 54 95 22 88 68 0 6 0 0 13 57 0 0 0 
48 0 0 89 92 0 96 0 94 50 29 0 96 0 0 53 77 0 0 0 0 15 0 14 0 56 56 61 76 0 31 27 0 58 0 14 0 39 58 0 98 99 62 39 0 76 62 94 7 15 23 79 18 14 44 65 38 
0 69 0 0 0 0 14 9 0 77 72 4 0 0 0 72 0 84 0 0 0 0 20 0 64 0 0 0 19 49 61 0 0 43 64 0 40 0 74 33 74 0 0 0 35 0 0 87 0 0 26 0 0 0 90 69 
68 0 0 0 0 85 68 59 0 0 0 0 0 78 0 37 5 20 0 61 0 0 13 49 35 0 0 0 31 0 100 0 100 45 77 51 16 63 91 14 2 0 0 22 90 3 69 85 45 38 98 97 46 0 0 
0 20 100 29 0 64 0 0 0 0 0 0 0 0 0 0 13 0 0 0 0 38 0 0 0 46 0 0 65 11 61 69 71 0 0 87 36 30 0 78 0 15 0 0 97 0 89 0 0 83 0 45 0 0 
0 0 10 94 79 0 21 0 57 0 0 0 26 0 96 0 64 0 1 0 10 0 28 0 0 0 0 18 30 0 8 10 31 0 31 44 21 68 33 39 0 0 17 52 0 90 18 0 0 0 0 0 0 
51 0 0 38 61 0 51 69 0 93 39 16 32 58 0 31 0 15 0 41 0 0 18 0 77 0 0 92 42 0 92 0 0 33 0 0 71 0 92 0 39 0 0 29 0 46 76 25 58 100 6 0 
29 0 0 55 0 0 0 0 97 79 0 22 0 0 45 0 16 15 0 61 0 80 54 0 0 64 77 0 52 1 22 89 0 75 0 75 24 0 0 15 0 0 0 55 84 50 59 42 95 0 49 
62 0 18 3 13 0 0 77 0 48 0 0 31 0 0 0 24 84 44 0 58 30 49 95 0 0 0 0 0 60 27 0 18 0 21 0 72 38 0 99 9 0 51 0 56 21 0 73 0 32 
0 58 0 0 57 0 0 0 47 0 97 0 98 22 37 0 0 0 0 0 59 88 0 0 47 0 97 4 0 0 64 76 0 0 0 0 0 0 10 0 0 55 0 0 0 0 53 0 9 
0 0 73 0 61 21 69 0 83 36 0 0 0 0 28 0 51 57 14 11 91 0 0 0 0 0 0 0 0 84 0 69 0 0 23 0 0 0 0 69 28 0 0 69 87 83 0 49 
95 16 62 7 47 0 58 78 55 0 91 41 0 4 4 0 0 0 47 0 0 0 0 57 0 81 0 0 0 0 0 0 26 77 71 27 0 84 0 87 0 60 86 0 1 0 79 
0 20 28 0 0 6 0 49 8 67 30 19 0 0 0 62 0 56 0 76 0 0 97 72 0 0 0 0 73 48 18 0 0 0 0 0 0 35 0 0 0 40 0 54 0 0 
9 0 0 19 0 34 65 12 0 29 0 0 0 79 0 48 0 0 0 0 0 0 0 24 37 0 0 17 52 0 0 0 19 30 0 0 93 0 9 81 0 0 0 0 47 
0 0 9 22 0 0 94 66 94 0 37 26 0 0 0 0 0 54 0 68 0 0 0 9 0 0 88 0 0 65 8 0 0 59 44 0 0 33 43 0 0 71 0 10 
0 0 54 0 51 0 73 82 37 83 61 0 0 0 0 0 37 0 0 0 13 65 62 0 0 23 0 0 48 0 0 55 0 4 38 0 36 54 0 0 0 59 34 
0 46 0 0 0 0 28 0 0 0 0 88 0 0 0 0 21 0 99 90 0 0 87 0 0 0 82 0 25 100 74 96 0 60 70 0 18 58 38 0 0 28 
67 94 92 0 37 0 2 0 0 0 15 18 28 70 65 0 92 0 94 0 0 0 0 0 92 0 78 0 0 0 0 85 0 53 55 0 16 0 17 70 91 
24 0 77 52 0 0 56 69 39 0 0 83 0 0 0 49 37 0 88 90 0 86 11 0 0 0 96 0 17 0 0 0 0 0 0 0 0 0 0 0 
89 6 80 0 37 0 0 0 0 0 0 97 87 23 55 0 61 0 58 0 12 0 0 0 0 44 36 0 37 76 0 89 19 4 0 86 3 0 0 
2 68 58 0 25 0 0 49 69 0 46 6 81 0 75 62 32 60 0 92 0 0 0 61 42 0 26 86 77 0 0 82 0 49 0 0 41 0 
69 55 86 0 76 66 6 0 90 0 0 60 24 15 27 0 85 64 0 0 50 58 90 0 0 89 50 0 0 0 0 0 65 79 2 0 91 
62 0 42 0 0 0 20 43 0 31 0 89 65 0 0 0 51 11 0 98 0 0 0 0 39 5 28 80 0 0 0 42 0 0 0 50 
0 0 0 0 67 0 0 0 0 17 77 0 62 0 38 0 20 63 0 0 0 0 0 0 4 67 0 15 74 83 0 0 27 0 0 
63 0 0 0 67 8 0 0 56 0 0 64 0 47 47 60 38 0 62 0 32 40 79 0 0 0 0 0 0 65 0 0 98 89 
0 27 3 98 10 0 16 0 3 38 79 22 64 0 21 24 0 48 23 26 79 0 98 0 61 0 0 12 0 0 0 43 0 
4 0 41 70 23 82 0 27 0 0 0 0 0 41 98 93 51 0 0 0 0 97 0 0 0 0 0 0 96 63 42 86 
30 0 64 0 0 0 0 93 0 0 94 0 62 32 98 0 0 17 0 43 0 41 0 45 0 65 0 0 31 0 53 
0 36 0 0 49 32 48 0 0 20 42 0 0 0 0 14 0 80 45 24 0 74 0 14 0 0 54 0 97 0 
0 0 0 0 91 0 0 99 0 0 74 0 9 0 12 100 35 0 53 49 89 43 0 6 0 0 83 77 26 
0 0 0 0 0 50 0 0 45 0 0 49 0 0 93 36 54 0 15 46 95 0 0 86 0 0 8 63 
80 72 0 0 0 0 0 73 6 54 67 0 99 0 40 0 0 0 0 0 69 0 0 60 0 69 30 
0 0 0 78 89 54 0 0 0 14 29 100 34 27 0 0 92 0 0 98 39 0 0 63 77 0 
23 17 97 16 49 54 88 12 61 0 0 0 1 0 0 72 0 83 1 0 0 0 96 89 81 
94 0 32 55 0 0 0 38 0 0 0 61 0 0 0 0 48 32 15 0 97 20 48 75 
0 0 40 86 15 0 100 0 0 0 0 0 69 0 95 0 0 0 49 35 23 0 0 
0 32 62 82 0 0 83 0 79 0 17 0 0 0 0 0 0 100 0 0 32 0 
0 0 92 10 0 89 0 97 37 87 0 0 68 0 0 17 0 84 97 50 0 
0 0 59 89 15 0 33 0 0 74 88 3 0 0 17 98 0 0 0 0 
70 0 0 0 0 45 55 0 49 40 0 44 0 0 67 0 0 0 0 
31 72 0 15 0 0 36 0 0 0 74 36 0 15 48 3 0 0 
0 52 31 0 75 0 0 18 27 77 59 0 0 59 0 87 93 
0 62 56 46 34 38 18 0 0 50 0 97 0 0 0 0 
32 85 0 73 20 0 0 71 0 57 0 12 90 0 47 
0 26 0 0 0 0 0 0 0 55 33 0 20 0 
18 0 70 0 0 0 6 0 0 0 0 71 0 
2 0 0 0 4 0 67 0 0 100 19 0 
13 20 0 66 10 89 63 0 0 40 6 
70 0 17 26 66 0 0 40 0 0 
0 65 0 63 0 2 12 0 87 
8 0 17 0 87 0 0 0 
0 0 0 0 66 14 69 
0 58 0 69 0 0 
0 77 0 0 0 
0 0 0 71 
51 3 22 
22 16 
80 

#cubic coefficients D: i < j < k
#i: 0
0 0 0 32 0 14 0 1 83 0 6 0 77 0 0 20 86 0 0 19 0 56 5 12 0 0 19 0 94 75 57 0 7 5 76 12 83 83 12 68 12 0 47 20 61 78 0 22 0 95 42 0 0 24 0 0 71 21 
0 10 0 43 68 0 49 63 76 0 0 56 33 37 43 0 0 64 86 36 0 0 81 56 0 0 0 40 0 0 0 98 0 0 0 0 83 0 8 0 0 98 0 95 0 71 83 0 66 50 81 0 0 25 37 0 0 
78 0 0 0 0 2 16 0 99 5 83 15 11 0 38 95 0 96 0 0 32 85 0 0 9 0 0 0 76 85 0 90 0 96 2 0 48 0 0 51 10 0 26 0 0 0 94 84 59 37 0 0 17 30 0 38 
0 0 49 96 65 78 0 91 0 43 0 0 0 10 41 53 0 0 0 50 23 0 0 0 0 27 29 8 0 41 41 0 0 34 98 0 15 0 15 16 88 0 0 90 0 0 0 0 0 0 0 0 53 0 0 
23 44 0 50 73 0 0 0 0 0 0 13 48 1 34 36 0 32 0 0 78 0 53 57 24 0 18 94 0 0 88 90 0 99 5 42 8 0 0 52 70 26 0 87 82 0 0 7 68 64 0 62 9 0 
8 10 0 47 29 31 48 45 90 0 0 0 4 0 0 0 0 0 98 84 81 49 38 0 0 44 0 39 17 0 11 96 15 0 0 0 42 0 0 5 81 2 28 0 0 0 0 0 0 29 8 0 0 
0 0 83 92 70 29 0 0 0 0 0 0 0 0 72 29 80 0 0 0 72 62 0 0 17 0 0 0 23 24 86 0 95 64 0 22 88 98 0 0 0 80 0 0 0 30 0 74 81 89 4 12 
11 91 31 25 88 49 95 0 0 0 0 83 61 72 58 0 0 0 40 25 95 62 0 0 4 0 0 76 41 0 0 0 21 0 45 0 0 76 0 10 68 0 0 25 22 23 0 23 0 0 0 
66 60 0 94 0 0 0 0 0 0 0 94 41 0 0 33 0 84 0 93 18 52 27 0 0 0 0 65 0 0 0 39 0 0 0 0 27 0 33 0 0 62 70 0 65 0 0 0 0 0 
55 65 61 8 19 0 0 94 0 0 0 45 37 12 0 32 0 62 41 0 68 0 30 0 0 0 0 21 37 63 0 8 0 74 22 5 0 88 0 64 0 0 0 1 0 0 0 65 0 
0 0 0 0 0 0 0 70 46 0 0 73 0 16 78 7 31 0 0 67 61 8 63 0 90 26 0 0 0 0 0 0 73 0 0 91 39 16 9 10 0 0 15 0 0 82 46 0 
56 0 0 0 0 0 12 0 0 0 0 0 92 0 44 0 68 45 48 0 0 0 4 0 0 0 0 38 0 2 27 0 0 7 74 0 16 80 0 85 0 0 0 45 40 0 65 
91 33 90 0 24 39 33 0 90 0 47 15 70 1 0 25 0 0 0 0 69 56 27 80 0 47 0 0 0 24 0 0 94 94 65 59 94 0 13 0 0 0 0 95 0 85 
92 47 48 26 100 0 0 0 14 43 44 0 70 0 83 0 20 0 0 64 0 0 0 0 37 0 0 0 0 0 0 3 21 0 0 0 0 72 46 0 12 41 0 0 0 
46 81 54 0 0 31 69 77 0 0 0 30 0 0 0 99 0 55 0 96 97 0 0 0 0 84 84 0 42 0 34 52 1 1 66 34 36 75 4 45 100 79 33 0 
57 0 54 0 50 0 0 0 0 46 0 0 48 0 85 0 58 76 58 0 0 0 0 24 0 56 61 0 0 0 0 0 0 0 100 0 93 0 0 41 0 43 0 
0 0 38 77 94 0 0 10 38 0 0 0 1 0 0 0 50 0 0 21 0 0 0 8 68 0 0 73 23 30 32 0 0 15 0 14 55 20 0 0 4 11 
0 0 32 0 32 0 14 60 0 0 0 59 51 0 0 53 0 34 72 97 40 0 0 60 0 90 82 8 0 23 79 62 0 0 83 46 87 0 67 0 30 
0 73 0 70 0 0 52 84 0 0 10 39 0 0 38 52 44 0 0 0 79 67 45 80 0 81 0 0 0 53 0 97 73 21 33 23 97 86 0 0 
84 0 0 0 28 0 0 0 82 0 0 24 46 0 33 0 0 18 59 0 36 0 74 0 0 0 40 61 20 43 12 0 0 96 57 0 21 67 18 
0 0 0 0 0 3 96 0 64 84 58 65 1 57 91 79 5 35 0 99 0 18 0 76 98 0 28 63 0 84 61 60 34 5 0 30 0 0 
74 45 83 0 77 83 24 0 0 0 94 23 0 48 22 0 11 0 96 0 89 38 34 0 0 16 0 70 73 0 48 87 45 0 0 0 82 
0 0 27 0 0 0 0 0 0 0 0 30 56 0 0 71 88 30 0 36 97 3 0 0 9 0 97 17 54 0 0 0 0 0 0 0 
38 0 30 15 0 18 0 28 95 36 0 0 65 0 35 0 0 94 0 20 77 0 42 0 0 89 63 80 0 46 98 85 0 0 63 
94 27 62 36 52 100 0 0 67 0 69 64 0 5 0 51 96 0 58 5 0 0 23 0 49 0 11 20 0 31 0 0 98 59 
80 0 100 0 0 0 0 0 0 0 85 20 78 12 0 9 0 0 0 0 77 88 25 0 59 0 69 53 25 0 0 0 0 
0 0 0 39 39 0 0 0 28 29 12 0 8 50 58 45 0 30 58 0 6 0 26 0 44 0 0 0 87 73 42 56 
49 0 70 27 42 57 0 0 43 25 0 0 92 0 2 0 70 0 78 36 0 4 0 96 0 28 0 0 0 46 61 
36 22 0 0 0 0 0 0 82 70 0 72 9 11 0 0 0 88 0 36 0 0 0 0 0 60 95 0 0 82 
99 88 55 20 0 11 0 11 0 70 0 0 0 7 0 0 0 0 0 61 43 0 94 65 98 76 26 0 52 
0 0 0 33 0 0 0 22 81 0 0 0 0 31 77 47 0 0 0 76 0 0 6 0 0 0 36 0 
29 88 0 71 0 4 0 0 0 16 0 49 69 17 0 20 0 0 62 54 33 45 0 0 0 39 15 
25 23 0 0 19 69 0 0 0 61 0 70 0 24 0 29 82 11 26 34 0 0 100 0 0 0 
0 96 57 0 86 69 0 1 4 0 0 0 14 43 0 73 0 0 66 0 0 22 23 0 56 
24 45 14 49 78 0 50 0 46 41 83 45 0 0 0 28 0 0 97 0 0 0 54 17 
98 0 0 0 0 46 0 82 63 0 0 77 0 0 0 0 0 0 21 80 0 94 6 
0 75 0 0 36 0 0 25 0 0 3 46 48 0 0 63 68 0 12 80 0 57 
31 40 0 0 74 0 37 0 0 45 4 2 0 0 0 29 65 0 34 0 0 
0 45 90 0 0 0 0 25 0 0 35 65 0 28 9 45 9 60 19 59 
0 56 48 0 0 0 0 0 0 0 23 0 0 83 84 98 2 2 94 
0 0 31 94 0 29 0 100 0 71 0 26 0 58 82 0 0 71 
0 0 0 0 51 49 100 0 0 0 0 0 65 0 56 0 86 
0 11 39 31 0 0 0 25 74 50 46 91 83 0 54 0 
0 27 56 20 37 25 0 75 0 22 0 0 0 0 0 
0 0 99 0 0 0 0 94 83 50 21 17 0 83 
0 0 0 0 33 0 34 36 31 0 0 0 60 
0 0 33 94 0 0 94 0 96 0 2 0 
25 48 92 74 0 54 11 60 0 0 0 
0 0 17 0 0 0 0 0 94 0 
94 16 47 0 55 70 0 0 0 
85 24 69 0 41 0 0 53 
26 17 42 77 79 0 0 
44 28 18 16 0 76 
0 69 0 7 48 
29 74 0 10 
3 0 0 
0 27 
35 

#i: 1
0 80 0 0 60 0 0 0 73 0 0 0 6 67 0 65 0 0 0 22 0 89 26 0 66 0 12 31 0 0 36 75 0 0 0 0 96 37 89 0 78 0 24 0 0 33 0 0 56 65 0 0 36 0 4 0 88 
35 98 0 69 43 56 46 66 0 26 56 0 2 0 0 79 6 0 0 18 0 0 50 0 99 0 0 0 0 0 41 20 95 0 21 0 0 87 40 0 0 0 0 45 33 0 13 56 5 38 16 0 0 0 87 0 
0 17 0 0 0 57 10 0 59 94 0 0 0 4 24 0 100 25 0 0 0 0 0 0 87 0 3 0 45 56 0 1 0 0 38 41 67 32 0 97 0 78 90 0 0 0 53 0 20 70 40 16 100 0 0 
0 87 0 68 0 78 2 0 4 0 0 15 68 0 0 0 87 0 0 96 6 0 19 0 1 85 38 0 0 38 38 0 0 0 0 0 36 0 0 12 12 22 0 0 15 0 0 0 30 26 0 24 73 0 
4 96 94 1 89 54 78 94 0 85 56 49 61 44 54 0 70 8 0 36 62 0 79 82 0 0 0 0 29 22 0 0 0 0 0 6 0 89 72 73 54 41 22 81 80 0 0 0 68 0 56 48 0 
0 76 0 44 45 98 94 0 0 61 59 0 1 0 7 67 0 0 0 77 56 86 0 30 95 47 0 49 3 0 19 0 16 11 72 28 0 0 0 0 0 0 0 28 98 76 0 40 49 95 79 0 
57 42 0 36 20 7 0 0 0 0 0 0 41 0 68 19 84 8 0 12 0 0 0 0 64 29 0 65 30 77 58 0 8 0 0 8 77 0 0 89 69 0 13 0 0 64 0 0 50 26 91 
30 33 58 0 63 93 2 51 0 0 0 39 69 99 0 56 0 51 0 0 0 0 0 0 20 55 14 87 89 25 26 0 0 0 30 0 0 0 0 11 95 79 0 65 0 50 0 37 0 59 
0 49 7 64 40 0 76 58 0 0 0 0 34 0 0 93 0 74 88 55 0 64 0 51 39 0 0 0 0 15 0 0 78 0 52 0 86 31 69 0 28 0 93 91 0 0 55 97 50 
0 0 0 0 0 41 0 0 0 36 0 0 46 13 99 0 24 55 0 0 0 99 0 0 0 66 34 34 0 0 0 85 0 9 0 0 0 6 31 0 0 0 73 0 0 69 30 0 
0 13 61 62 60 0 0 0 6 0 62 92 9 96 0 81 0 0 93 81 0 0 0 0 0 43 27 0 61 69 0 57 0 0 62 64 0 98 0 0 32 72 0 58 15 0 58 
4 45 57 0 0 0 38 83 49 0 0 0 15 0 53 0 0 0 0 49 100 0 0 0 36 0 0 0 0 87 78 0 66 34 6 0 0 0 61 0 94 0 0 0 94 75 
0 0 86 0 0 0 82 44 0 61 81 0 0 93 0 19 49 94 0 20 0 76 0 29 0 42 74 0 77 74 0 26 57 4 83 0 100 0 0 2 0 0 0 40 0 
71 0 47 74 57 58 69 0 0 20 46 0 0 0 79 70 0 0 42 0 66 63 39 0 0 0 0 32 49 50 0 0 0 0 0 0 70 53 87 0 0 0 74 1 
0 40 64 0 54 49 59 0 0 17 0 0 0 8 0 0 0 0 0 72 0 0 35 65 0 39 4 67 0 26 68 11 0 86 0 99 52 65 0 0 87 0 76 
0 0 10 61 48 46 65 0 10 0 0 38 0 22 0 14 0 17 0 33 0 0 0 69 6 26 0 0 32 60 37 0 0 26 75 0 0 4 9 70 0 0 
83 0 31 74 0 0 67 0 0 0 0 77 64 0 0 0 0 0 0 0 0 0 0 79 21 0 0 0 25 0 0 37 69 94 0 0 28 15 38 0 0 
0 62 48 4 71 23 0 18 31 86 39 67 72 0 76 0 93 29 0 0 0 85 0 0 0 0 87 0 71 68 8 0 0 76 0 0 0 45 0 6 
76 37 94 98 23 0 0 40 0 34 0 73 0 98 33 0 0 82 0 54 80 99 0 0 81 0 32 88 9 52 0 67 0 0 0 81 58 0 21 
13 0 0 39 50 36 0 0 79 0 0 55 0 38 0 0 0 0 16 0 85 0 0 38 0 0 0 0 58 57 9 0 0 0 64 0 61 8 
0 0 14 0 0 0 0 0 77 0 0 0 44 0 2 80 0 51 74 0 52 20 72 0 0 6 82 80 0 100 0 0 0 0 8 77 0 
0 49 0 94 0 0 0 0 0 24 0 90 29 30 59 0 5 0 0 0 78 19 0 55 0 0 33 67 77 0 37 26 23 72 49 25 
0 0 11 0 0 0 77 0 0 0 0 0 0 0 0 58 5 0 32 0 79 0 73 0 89 30 20 0 0 0 95 0 28 0 0 
91 51 13 46 97 29 9 89 76 64 26 0 34 1 0 1 53 42 0 29 93 0 0 18 0 100 0 0 15 0 0 0 22 0 
0 0 98 69 0 22 11 0 0 0 73 82 17 0 0 5 0 0 0 96 26 94 0 0 0 0 52 26 75 0 58 0 0 
0 0 0 16 0 11 0 23 0 97 0 0 0 0 93 0 27 0 9 0 1 0 34 73 29 0 94 0 3 0 58 82 
31 55 49 15 46 0 9 77 0 34 24 0 0 0 0 5 37 0 60 0 0 0 0 0 73 77 80 0 0 0 0 
57 0 92 84 0 46 36 84 0 0 0 0 69 54 66 0 0 0 0 40 0 0 96 0 0 0 66 0 4 52 
0 59 95 68 0 0 11 79 0 25 0 73 0 19 0 99 0 0 25 99 0 78 0 0 0 0 26 39 72 
32 0 81 0 12 0 0 0 81 20 37 3 0 55 85 7 0 17 0 0 36 86 56 41 78 0 0 0 
62 35 10 96 0 0 11 0 1 0 40 0 0 88 90 0 0 0 0 86 0 93 0 24 99 67 0 
15 7 36 0 63 58 5 0 0 13 12 0 0 0 0 0 0 0 0 59 0 0 36 6 46 0 
70 0 0 27 0 94 0 89 26 0 0 0 0 0 4 0 31 0 0 89 50 49 16 0 0 
0 0 0 0 8 0 63 89 0 54 2 0 22 21 0 0 79 0 35 0 94 10 17 0 
0 0 86 0 79 0 5 53 0 0 0 51 32 0 41 0 0 84 0 0 25 0 0 
81 16 0 44 79 0 92 0 56 0 0 0 53 97 0 63 22 21 4 0 11 0 
0 18 0 47 58 0 87 0 0 93 0 10 0 97 0 0 0 62 6 100 0 
0 0 69 60 74 29 0 0 0 11 0 0 22 0 0 74 99 0 16 0 
89 43 0 0 26 0 0 0 0 57 0 26 0 50 68 0 16 19 43 
0 66 0 69 0 0 0 2 47 73 38 0 0 40 0 0 0 55 
49 5 0 0 0 0 0 65 0 70 74 0 87 32 0 81 0 
0 0 90 0 0 0 0 0 40 0 24 21 38 81 0 0 
30 0 8 0 0 79 0 39 37 0 4 23 0 10 14 
70 8 13 79 23 0 39 0 0 0 22 47 4 49 
8 0 0 0 33 19 33 81 69 0 77 93 52 
75 0 82 79 10 0 34 17 0 0 88 0 
50 78 54 0 0 0 82 0 0 0 75 
45 85 58 0 92 82 96 0 0 0 
0 0 76 0 0 0 0 0 2 
9 90 24 45 84 0 0 25 
40 0 0 34 0 97 0 
0 0 38 48 67 0 
0 0 0 40 0 
0 0 19 0 
69 0 56 
0 72 
0 

#i: 2
0 100 0 47 0 29 3 55 0 0 43 0 81 0 0 64 0 42 50 0 0 29 13 0 0 33 0 70 0 88 84 0 0 0 13 0 0 16 95 59 4 0 82 34 80 0 59 0 8 0 0 0 95 28 84 0 
0 5 12 99 10 28 94 4 24 0 0 0 9 6 74 0 0 0 22 0 0 85 0 100 50 0 0 96 0 79 0 0 0 0 0 64 0 88 0 0 0 55 51 83 0 0 0 0 33 0 25 90 0 32 47 
96 0 0 0 0 9 0 39 53 0 0 0 0 0 0 64 0 0 49 0 66 4 12 0 0 70 94 20 14 0 0 79 0 0 0 0 92 0 56 55 96 0 96 0 26 0 0 28 0 0 0 86 0 0 
0 0 0 26 81 0 36 49 0 93 0 37 10 77 0 0 0 0 0 0 77 0 0 38 81 66 98 40 85 53 87 71 51 0 73 88 0 68 0 76 11 0 0 0 0 0 30 87 0 0 74 0 0 
47 0 0 0 0 47 0 0 56 0 0 51 0 64 84 0 0 68 0 77 0 0 0 21 71 0 91 0 0 0 0 96 56 0 0 0 0 0 88 85 0 0 57 46 93 0 0 67 0 19 0 69 
0 0 0 0 0 72 72 55 79 76 0 36 0 93 29 4 20 99 87 0 40 0 0 23 44 45 14 0 72 0 68 0 0 39 0 0 0 64 79 32 0 0 32 0 0 0 0 53 41 0 24 
81 0 0 50 24 49 11 50 0 79 0 26 0 0 97 65 5 100 9 0 0 0 0 0 0 36 0 0 57 42 60 0 0 42 13 0 0 0 36 68 0 51 0 0 57 0 0 0 6 0 
72 0 0 16 0 33 0 0 85 0 1 0 76 30 86 52 42 53 44 0 0 0 98 40 0 75 0 0 0 30 0 0 0 0 0 0 68 17 78 0 0 0 0 12 0 0 46 32 0 
100 0 0 28 0 55 98 36 2 0 0 17 0 66 0 0 0 40 0 0 2 0 0 58 57 27 100 0 0 79 0 85 16 0 54 72 0 0 0 94 0 0 0 0 0 0 91 37 
4 0 0 0 76 30 60 0 32 26 38 95 58 0 0 0 20 0 74 26 0 20 0 33 0 0 0 83 49 0 62 81 30 0 0 84 0 86 2 0 15 46 0 54 2 4 0 
0 52 26 0 95 45 41 43 0 6 0 43 0 63 0 0 30 83 50 52 0 0 69 50 58 0 0 0 51 0 41 3 80 14 0 76 73 0 65 71 24 54 33 0 0 59 
0 26 0 0 0 16 0 98 0 0 0 0 0 14 5 2 82 10 7 0 47 0 63 0 0 67 77 0 0 20 0 13 0 27 0 0 0 0 46 27 0 0 56 4 27 
6 91 32 0 90 91 0 35 0 0 3 0 0 46 0 77 0 0 39 0 27 13 0 79 0 17 0 0 0 0 63 75 22 60 0 85 0 0 0 0 0 66 0 100 
98 0 0 18 0 30 36 25 0 0 0 0 0 92 57 26 0 95 77 34 91 59 41 0 0 0 0 0 41 0 0 8 0 0 0 35 83 0 0 0 0 63 44 
97 0 0 7 72 51 51 0 75 63 0 10 0 0 0 55 0 0 96 0 73 56 0 94 0 50 74 67 54 35 97 0 0 0 0 0 0 0 0 0 59 0 
0 0 0 80 0 3 0 0 11 0 0 0 0 0 21 37 0 0 87 42 9 0 0 0 0 4 0 83 0 0 61 0 41 52 31 0 7 0 68 30 100 
0 0 39 47 96 0 5 0 80 49 0 69 0 0 0 0 0 0 6 0 0 0 0 95 0 0 0 0 65 1 46 0 64 63 0 92 0 34 0 0 
64 0 0 24 0 50 0 21 66 71 99 0 0 41 87 37 1 0 76 85 6 7 0 58 81 0 16 86 49 63 0 22 0 66 60 31 0 64 0 
0 0 6 0 0 0 0 49 0 0 94 0 0 0 0 18 24 0 0 0 0 0 0 37 0 0 52 87 0 50 0 0 0 0 91 0 12 0 
6 0 80 39 89 0 0 0 43 0 39 49 0 86 71 0 2 45 0 0 0 47 0 95 0 0 67 0 22 12 0 49 52 0 0 0 55 
42 63 0 76 29 0 0 0 0 0 0 0 86 0 88 0 0 0 0 72 0 0 0 0 0 80 16 0 96 0 0 85 0 59 0 0 
42 0 29 59 0 19 23 0 76 0 0 0 41 70 8 85 0 80 38 0 62 0 0 0 0 92 91 76 95 2 0 0 93 91 88 
0 55 29 0 0 0 32 86 34 0 0 24 38 0 41 71 0 0 0 0 46 90 0 10 0 40 0 0 57 3 83 0 0 0 
0 0 0 0 0 0 0 46 82 11 94 0 40 0 90 48 91 0 0 6 0 0 0 0 30 0 55 6 21 0 0 59 0 
10 0 18 70 34 0 6 0 52 72 85 20 89 77 30 23 0 0 0 0 0 0 0 12 98 25 88 0 4 1 0 0 
0 77 64 0 40 51 0 52 34 0 0 15 0 0 0 0 0 0 0 0 0 0 0 0 71 0 0 59 66 0 64 
0 0 45 92 9 0 49 72 0 0 78 0 53 72 42 8 0 33 42 0 0 0 47 0 0 60 0 0 0 0 
15 0 55 95 3 0 88 13 0 17 74 0 75 0 87 80 0 88 3 42 80 85 0 0 0 13 0 53 56 
0 0 0 48 92 0 62 0 76 9 0 0 52 0 100 42 0 1 71 78 0 0 43 0 0 0 0 52 
0 65 0 35 94 27 24 15 0 1 0 71 80 0 22 0 8 68 0 46 98 15 0 37 0 0 70 
22 75 81 0 27 0 0 0 0 35 0 0 0 0 34 35 0 0 55 68 50 74 0 93 0 1 
0 0 72 0 56 2 1 72 78 0 54 0 0 67 0 0 0 0 0 0 88 0 55 4 0 
0 92 67 0 39 0 0 0 37 0 0 0 48 0 82 0 18 0 99 12 96 0 0 43 
52 89 78 32 0 0 0 87 0 0 39 0 0 0 14 0 59 0 0 81 67 0 0 
0 0 0 18 38 57 0 0 0 0 0 0 0 0 0 90 13 0 0 0 95 0 
0 0 0 94 4 15 48 0 0 0 0 0 62 72 0 42 0 50 73 8 0 
24 61 0 0 0 46 17 0 71 91 0 0 32 89 0 9 0 30 31 0 
0 96 0 0 0 0 61 0 83 0 32 0 0 0 0 63 25 0 60 
27 0 18 75 0 38 0 0 41 29 0 0 22 0 44 0 6 0 
0 0 81 0 67 68 0 35 45 21 0 0 72 22 0 0 0 
0 0 50 0 0 0 59 0 38 0 0 0 0 89 0 0 
0 0 85 83 0 2 19 45 57 44 0 92 0 93 62 
27 0 17 0 67 0 10 0 0 0 17 0 0 0 
46 44 0 0 90 15 45 0 52 0 0 0 0 
0 33 0 67 0 68 33 98 69 42 0 23 
0 75 2 93 1 0 0 0 95 73 49 
0 0 0 79 73 80 0 34 0 87 
0 43 0 67 0 58 0 0 78 
76 74 47 0 0 0 80 0 
0 53 0 0 0 0 0 
33 43 0 0 19 0 
0 5 79 0 41 
96 19 20 0 
0 51 73 
93 0 
88 

#i: 3
47 78 59 72 0 0 44 75 0 0 36 0 0 0 6 0 0 46 0 52 0 62 0 83 63 0 0 0 87 0 0 0 8 0 0 28 69 96 72 0 24 13 0 0 0 0 0 0 0 0 83 72 0 93 87 
93 0 52 5 15 0 52 0 0 0 0 0 0 84 0 0 81 62 0 67 0 0 19 84 24 0 88 0 0 0 9 0 52 0 47 13 14 0 0 83 0 58 0 0 49 76 10 0 0 0 0 50 12 0 
75 11 0 19 0 82 51 0 0 78 22 91 0 0 93 0 69 3 45 41 0 0 98 0 0 9 0 0 7 0 0 36 0 58 0 0 30 47 9 0 53 76 0 0 0 0 0 0 0 25 16 46 0 
53 71 0 0 32 0 34 52 0 100 74 0 87 37 56 0 0 0 0 0 45 0 19 93 50 0 0 0 0 48 2 94 99 0 0 0 3 61 46 0 72 20 0 12 19 35 0 0 0 65 0 63 
98 0 0 0 0 9 48 30 8 20 67 0 48 99 19 0 0 88 0 86 0 55 0 0 92 90 0 99 39 0 0 18 0 60 32 97 0 59 8 0 37 62 0 79 51 68 0 72 31 39 0 
57 0 0 6 9 74 0 36 0 0 98 14 0 0 94 63 0 65 0 0 88 0 68 58 0 78 0 80 9 41 4 0 0 0 0 0 35 0 8 1 0 64 24 36 0 0 0 0 0 0 
76 70 59 0 53 24 0 5 76 0 74 0 0 0 0 0 0 51 17 13 36 2 0 0 0 70 0 80 34 0 73 21 70 80 89 0 3 78 19 0 0 0 0 0 0 0 0 0 0 
81 33 21 0 0 0 0 0 89 0 0 99 0 40 52 0 37 0 92 18 9 0 0 55 3 0 0 48 0 0 0 70 0 0 26 0 17 0 56 62 66 0 0 0 0 0 0 67 
44 92 86 55 0 100 17 69 80 33 74 86 80 0 97 39 0 21 25 0 26 0 0 27 0 0 0 72 0 32 0 0 0 40 0 0 99 69 71 0 8 53 58 0 0 45 11 
0 0 47 0 0 41 2 0 0 93 0 0 86 0 1 44 0 66 47 0 0 0 0 92 89 0 0 18 50 0 0 0 0 47 10 49 46 0 0 65 98 85 0 78 0 0 
65 0 72 1 0 0 0 40 37 83 77 0 29 66 0 0 0 0 66 0 7 0 0 31 0 52 29 0 0 0 6 0 86 0 96 0 2 0 71 0 91 0 5 30 0 
0 72 10 44 59 0 0 41 56 28 14 0 5 0 26 0 0 15 0 0 4 82 0 13 61 0 62 3 44 0 84 0 0 0 12 0 28 0 0 74 0 62 71 0 
0 0 0 86 0 0 18 57 90 0 18 0 14 82 0 0 0 70 0 27 0 0 21 0 0 0 0 54 0 74 14 7 13 50 24 0 67 0 0 62 66 0 3 
0 0 0 0 90 0 0 0 0 68 0 69 95 0 43 0 38 0 0 0 0 32 67 0 56 0 0 49 57 0 2 0 99 13 66 10 94 0 1 0 0 5 
86 23 0 36 4 0 0 86 96 89 0 0 10 88 0 0 0 87 76 52 0 18 58 0 0 0 0 0 0 0 62 70 0 71 0 0 0 54 27 78 0 
0 51 24 0 37 47 0 68 61 0 0 0 0 43 0 0 0 20 0 0 0 80 0 36 0 0 0 57 11 0 0 61 0 58 0 21 76 97 63 0 
0 51 29 0 0 0 0 0 10 0 0 0 24 0 76 55 0 0 2 55 48 49 70 0 80 79 33 94 0 0 0 0 81 53 0 56 38 46 79 
0 0 0 0 0 17 18 49 87 54 29 0 58 0 0 0 0 0 49 0 48 43 0 0 0 0 69 95 22 0 30 0 5 21 70 0 33 0 
26 0 91 0 0 71 95 62 0 30 92 0 59 28 70 0 0 0 43 0 0 0 0 99 0 0 44 0 71 22 15 5 0 24 1 0 0 
0 0 44 0 79 48 71 0 48 0 0 0 54 27 70 13 68 0 73 77 0 29 11 0 34 0 0 26 60 0 0 40 7 95 0 23 
63 0 0 16 0 0 0 100 0 0 83 73 80 60 0 0 0 0 22 0 65 54 0 0 14 11 8 0 29 0 0 0 0 0 0 
55 0 0 0 62 0 98 89 99 0 5 31 79 0 0 78 0 0 0 0 0 0 0 62 90 0 0 32 99 0 0 0 0 28 
0 0 0 83 25 5 1 0 0 0 61 0 0 0 0 34 36 0 18 65 74 0 37 9 0 25 0 79 0 46 65 33 61 
90 81 87 0 0 66 0 92 0 0 0 17 0 67 38 3 61 32 36 65 59 0 0 54 50 6 2 49 20 98 0 56 
26 70 35 27 0 0 78 0 0 0 0 5 0 0 88 0 88 61 0 80 0 0 40 25 0 17 0 83 0 0 0 
0 0 0 0 3 0 30 6 99 0 0 0 0 0 0 0 0 0 7 0 0 0 0 0 51 96 53 0 64 28 
0 0 35 0 36 0 0 0 0 0 84 17 0 0 26 13 0 0 80 0 0 67 0 0 97 91 34 0 0 
0 96 7 97 0 15 0 73 0 0 0 50 0 0 0 39 32 0 59 0 0 12 22 49 0 0 0 0 
0 0 21 97 60 0 0 9 0 0 91 0 0 76 0 10 62 0 0 0 72 68 96 0 83 0 44 
43 18 15 0 0 0 0 0 19 0 0 0 67 42 68 54 40 0 0 10 0 0 18 0 0 92 
0 0 0 3 0 0 57 97 15 82 0 0 0 0 21 12 0 0 0 57 26 0 57 42 8 
0 0 0 49 1 92 0 61 2 84 19 60 39 0 0 0 66 0 20 75 68 0 0 0 
0 0 0 0 0 62 0 0 0 0 0 43 10 0 0 67 0 0 0 95 0 24 56 
21 0 99 86 0 96 0 0 0 0 13 51 0 90 0 0 80 0 0 39 38 27 
0 0 0 44 95 0 0 0 0 0 68 75 49 12 0 0 89 0 0 23 2 
1 98 80 0 0 32 33 0 57 91 9 17 0 77 0 0 0 96 0 98 
0 0 0 14 0 0 0 0 85 3 0 0 0 0 0 18 0 0 84 
0 0 93 20 52 0 0 0 0 64 8 0 0 62 0 15 99 53 
0 15 44 0 94 0 78 0 0 0 0 0 0 83 0 32 0 
36 0 8 0 0 1 0 0 56 44 0 94 0 0 0 0 
14 0 30 67 0 49 0 0 32 0 57 0 38 54 0 
97 32 0 0 0 59 100 30 0 1 77 31 4 0 
0 0 0 0 41 37 78 0 0 2 0 25 85 
86 0 39 90 0 61 40 0 0 0 51 27 
41 90 0 13 0 0 0 44 46 0 0 
51 3 68 0 97 22 59 0 0 54 
71 51 0 0 0 90 16 100 0 
52 67 0 0 59 43 43 41 
0 0 22 83 0 10 0 
42 98 13 69 90 0 
45 0 0 0 4 
0 0 0 96 
46 3 55 
0 0 
73 

#i: 4
18 98 18 55 0 11 41 76 10 0 37 0 0 0 72 0 0 0 0 45 0 0 0 86 0 0 0 55 0 0 0 0 0 0 0 0 0 100 0 55 0 26 0 92 70 45 77 82 26 0 70 0 0 0 
0 5 51 57 0 0 13 0 24 0 51 0 0 42 54 79 30 45 34 0 79 94 57 48 74 0 37 14 0 0 43 97 0 0 0 83 77 19 0 0 0 54 34 23 0 41 0 0 30 42 26 0 16 
91 0 28 36 0 80 98 0 11 89 5 0 1 51 82 74 11 0 0 36 54 0 97 0 0 9 12 82 0 26 30 4 67 17 67 18 0 56 0 0 0 0 0 40 84 19 32 0 0 0 0 78 
0 0 4 0 32 0 71 0 0 0 100 8 94 0 0 52 0 0 0 0 0 0 6 85 7 0 44 12 0 0 59 0 0 74 0 96 0 93 48 49 0 0 39 0 79 0 0 0 0 0 0 
0 0 47 0 0 99 0 0 3 68 0 0 20 0 68 0 89 73 39 0 0 45 0 0 52 0 0 54 30 99 9 0 0 0 0 0 0 0 45 0 93 84 0 0 75 0 98 0 9 27 
77 44 49 0 0 74 46 0 0 0 20 22 84 0 80 0 0 0 40 45 61 29 0 95 10 76 38 0 63 78 0 0 0 0 41 53 18 0 0 95 26 0 0 0 0 0 0 0 0 
46 0 0 63 0 31 3 57 78 0 17 77 0 11 84 85 75 0 76 99 46 0 0 73 0 0 60 0 0 0 81 51 0 90 0 80 0 52 0 32 0 0 0 88 0 0 0 43 
0 12 68 39 44 0 74 12 91 95 38 4 90 0 80 42 63 26 0 0 0 0 0 32 61 33 89 0 54 0 0 82 69 0 65 0 0 0 28 0 0 0 94 65 0 0 80 
0 10 0 19 13 18 0 0 0 0 9 0 0 57 0 63 0 91 0 58 85 11 0 28 16 97 0 8 36 96 0 0 0 0 0 23 94 22 91 43 0 85 91 70 2 0 
0 89 43 0 0 12 95 34 0 0 0 100 35 0 0 0 2 0 34 0 0 0 27 0 0 55 0 3 0 58 1 0 0 0 0 18 0 40 0 0 0 66 0 0 0 
6 0 30 19 43 45 0 68 80 0 78 0 0 0 12 45 0 23 58 0 71 75 42 13 0 33 0 0 87 81 71 12 3 0 0 47 0 13 34 0 0 0 0 0 
0 99 0 82 11 27 59 0 0 11 0 0 51 2 36 0 0 0 0 0 97 0 0 41 82 4 0 0 53 42 92 0 0 0 34 0 10 87 36 33 13 0 0 
0 0 0 0 0 0 12 20 0 0 73 0 0 71 0 58 67 0 0 0 0 59 51 0 0 100 37 0 0 0 70 0 0 40 75 66 0 10 0 0 0 40 
0 69 0 42 44 32 0 78 0 5 0 0 0 0 56 32 68 0 0 71 0 0 40 59 0 0 78 24 0 81 0 0 32 94 0 42 72 29 94 0 83 
61 89 0 0 0 0 39 0 49 53 4 24 42 0 0 0 20 77 6 0 0 0 0 0 0 73 13 88 0 91 0 15 0 0 54 14 60 74 5 72 
0 0 0 0 0 0 51 26 33 73 0 0 0 0 23 0 57 35 66 35 0 70 49 97 0 15 0 0 7 31 0 0 0 0 0 0 0 0 80 
40 0 0 0 43 0 100 3 67 0 58 0 0 82 80 13 84 14 0 0 0 36 0 0 70 1 0 0 100 0 0 90 72 0 0 51 0 0 
28 0 0 0 0 35 7 0 0 61 0 93 91 0 0 0 0 1 93 0 1 0 19 16 56 0 0 19 0 0 0 21 48 0 0 0 0 
48 66 36 0 3 0 2 73 94 0 0 57 0 0 0 0 28 0 0 77 77 21 0 0 0 29 0 0 0 0 91 0 0 0 0 69 
0 22 74 80 5 50 0 16 49 0 0 0 69 31 0 58 28 61 90 33 58 0 60 14 0 82 0 0 85 0 9 80 81 0 0 
0 99 27 54 0 12 2 19 69 0 15 0 0 0 0 0 0 0 0 33 60 91 11 0 51 0 59 0 76 62 0 0 31 0 
0 0 0 1 0 87 0 0 0 0 0 66 0 5 40 0 0 18 0 0 0 47 0 0 0 98 48 0 0 90 0 0 0 
0 90 0 61 0 57 0 49 81 0 26 0 0 15 44 60 40 96 69 0 0 56 48 0 0 61 0 93 0 42 0 0 
0 0 0 100 41 39 0 0 0 0 4 0 0 0 33 82 21 0 90 81 0 13 0 91 22 15 13 33 27 0 58 
87 100 0 0 93 0 74 49 0 0 0 0 13 84 11 67 0 29 0 0 39 0 19 0 0 82 0 0 95 0 
0 88 12 0 94 0 80 0 67 0 89 0 80 0 0 84 62 0 13 0 0 0 1 17 0 0 50 54 0 
90 11 0 59 0 84 0 98 2 63 0 0 96 10 83 43 73 88 0 13 0 69 0 61 85 0 0 0 
0 66 0 0 4 0 92 0 0 0 0 91 32 0 20 94 48 82 4 23 0 45 96 12 0 0 0 
0 53 0 36 0 25 100 0 40 49 31 78 0 95 0 32 0 1 0 25 0 0 79 0 73 0 
0 70 0 0 0 87 0 0 49 0 67 0 0 66 0 50 75 18 52 0 0 0 0 0 0 
10 67 3 0 0 0 41 0 74 0 9 20 68 0 67 0 0 33 0 0 29 0 10 0 
55 91 0 86 85 0 21 38 16 0 0 91 49 0 0 62 0 12 0 92 49 0 0 
97 0 0 0 6 0 0 0 0 43 0 57 78 26 17 13 61 0 70 55 0 0 
0 0 21 32 0 0 7 42 21 0 0 29 45 0 15 4 37 0 22 0 0 
0 41 39 0 0 0 0 57 23 25 6 63 0 1 0 0 37 80 30 26 
86 0 0 0 20 0 93 0 0 0 5 63 0 85 15 0 0 0 51 
0 0 9 81 53 0 59 0 99 0 0 0 0 0 0 0 0 0 
78 0 77 0 5 0 0 57 0 100 0 0 47 100 57 0 0 
75 36 0 67 0 0 0 0 0 0 83 0 33 0 0 0 
0 32 75 0 0 0 0 0 0 0 0 0 0 69 31 
0 62 0 0 91 0 0 0 31 61 50 0 0 0 
25 0 0 53 98 92 76 0 0 0 0 0 0 
0 88 47 59 0 78 0 0 0 34 0 0 
0 49 75 15 0 73 0 0 0 24 35 
0 75 90 0 0 0 0 4 0 0 
0 0 0 43 0 69 0 66 0 
85 0 0 96 7 0 63 77 
59 0 100 80 49 21 0 
60 0 0 33 69 0 
0 79 60 0 0 
0 68 0 0 
0 42 0 
20 91 
0 

#i: 5
57 0 30 22 0 0 72 0 0 10 72 37 1 88 0 34 0 55 35 13 65 0 0 5 0 16 13 0 89 68 57 0 80 66 5 0 34 90 27 0 86 88 54 54 0 26 0 0 0 47 0 0 0 
47 0 0 30 0 0 0 100 0 0 86 31 56 0 0 88 0 0 71 57 0 17 93 6 0 0 0 54 0 61 91 72 0 45 0 67 0 0 10 7 62 0 0 0 0 0 0 0 0 47 0 69 
73 62 0 56 99 36 70 0 0 64 0 48 0 0 0 79 0 0 45 61 59 8 0 56 0 39 57 0 49 0 50 35 59 6 0 0 0 17 0 0 0 11 4 94 0 0 69 0 32 30 0 
0 60 0 71 0 99 0 89 32 0 51 91 82 0 81 0 80 78 0 65 7 100 0 38 19 90 0 93 0 0 0 61 0 54 35 28 89 0 12 0 77 0 0 65 0 28 23 0 45 0 
52 0 0 4 28 0 0 40 0 0 76 64 78 90 67 76 0 92 85 5 0 0 0 34 83 24 39 70 44 0 0 3 19 0 0 17 32 39 0 0 0 0 21 81 0 54 63 0 0 
62 0 0 55 18 63 0 0 91 0 6 10 37 54 0 83 0 0 0 97 0 0 0 33 26 24 0 43 84 0 52 3 52 0 0 67 73 0 0 70 15 81 0 0 0 93 61 13 
0 46 0 0 13 0 0 0 53 37 0 0 0 36 89 0 78 0 0 42 96 10 0 94 0 0 0 0 81 0 0 0 5 0 78 85 0 56 0 0 0 94 1 96 0 53 22 
0 0 0 0 98 3 30 0 0 0 0 54 0 0 0 85 0 0 30 29 42 0 27 1 0 94 46 0 0 0 0 6 33 55 0 0 43 45 0 0 40 0 0 72 0 0 
0 63 0 79 0 0 93 19 22 0 75 12 97 0 49 21 0 0 0 0 56 20 52 51 17 0 56 6 0 0 98 58 62 20 0 21 7 0 50 0 0 17 63 7 64 
27 0 0 75 0 0 95 0 0 0 0 0 0 0 0 58 0 78 84 0 0 0 0 86 0 37 5 33 0 41 0 0 57 0 0 0 0 0 12 52 0 4 0 3 
0 56 0 0 4 0 91 86 0 86 0 0 0 48 0 0 67 0 13 0 47 6 95 8 0 0 71 21 45 0 0 0 90 0 11 29 0 45 46 47 0 13 0 
0 58 71 0 10 0 0 0 90 16 41 0 0 0 0 0 43 11 0 0 0 22 47 0 0 63 56 0 52 0 69 56 0 86 0 0 0 0 0 68 62 43 
0 98 0 0 95 0 0 92 0 0 64 0 41 0 0 0 0 20 61 0 57 0 0 81 65 0 31 0 0 97 0 9 0 0 0 0 29 81 48 15 50 
0 0 0 58 0 89 32 16 24 0 0 0 0 0 55 36 97 0 89 0 51 0 31 0 0 0 89 64 0 0 27 48 0 0 0 0 9 23 85 0 
0 0 0 0 0 9 0 0 38 75 97 100 25 3 67 0 0 0 65 88 75 0 48 0 42 0 68 0 39 52 0 61 72 2 0 67 76 37 85 
86 0 0 49 53 0 100 5 0 78 1 0 51 64 37 0 0 0 0 0 0 0 21 0 0 0 65 35 51 49 61 92 41 0 0 6 86 0 
0 0 0 0 69 48 0 0 0 0 7 0 20 0 41 0 7 65 40 0 31 0 96 57 80 0 0 46 0 0 0 76 0 0 0 94 20 
0 0 89 54 0 0 87 0 14 0 92 72 0 97 0 64 39 0 0 27 0 0 0 86 72 0 34 0 0 16 100 0 82 56 75 0 
73 4 54 69 0 82 0 50 12 0 9 12 0 10 0 53 13 78 0 0 0 0 0 28 63 0 53 85 74 0 0 30 0 46 0 
0 92 0 0 0 0 0 62 76 0 28 0 27 3 100 0 0 54 2 34 71 0 0 0 68 0 91 75 0 0 0 20 75 0 
98 0 0 0 0 0 0 69 27 0 0 75 0 0 15 88 26 0 0 23 5 99 0 52 0 0 24 7 5 0 0 41 0 
35 0 48 75 0 0 0 0 0 0 40 80 0 87 96 36 0 92 0 0 4 55 0 0 59 39 30 0 0 0 89 12 
0 0 70 0 0 0 70 0 14 0 8 0 34 43 66 0 86 0 90 43 25 3 74 0 99 24 0 73 69 34 45 
6 68 68 14 0 79 0 16 81 0 0 0 0 0 4 95 0 82 0 71 73 9 88 90 0 0 54 0 7 82 
0 0 0 59 0 7 66 0 0 41 10 55 13 73 0 58 0 0 0 53 0 44 3 63 89 40 74 91 13 
17 44 66 0 0 0 0 0 0 0 0 0 31 33 0 0 99 27 98 0 56 0 0 0 0 69 0 60 
76 8 51 0 56 18 0 42 0 0 21 39 18 55 70 68 0 0 0 77 66 54 4 0 63 0 0 
0 51 0 85 0 0 0 0 0 0 43 16 0 0 78 0 81 98 49 0 0 58 94 0 0 0 
0 13 0 0 0 0 49 0 0 43 0 95 2 0 0 40 0 0 0 71 0 0 0 67 0 
0 77 0 5 0 0 96 21 0 22 36 49 0 0 66 0 0 0 0 13 60 69 0 6 
0 71 0 41 19 0 2 0 0 0 0 0 0 16 78 0 69 0 0 77 9 90 99 
0 0 0 0 1 0 0 0 0 48 0 65 66 76 19 0 0 0 85 20 0 76 
0 5 0 0 64 0 0 0 11 71 54 51 70 64 0 73 90 0 0 0 0 
90 53 0 0 82 0 0 88 95 30 16 99 4 0 18 0 6 8 0 33 
0 0 0 0 38 0 0 0 42 0 0 0 0 0 0 0 0 48 0 
0 3 0 0 50 79 0 0 0 96 33 59 12 10 0 0 5 0 
0 0 0 86 66 85 0 0 0 0 0 0 0 90 0 7 0 
0 0 0 73 0 47 20 39 0 64 71 0 91 0 0 0 
22 0 8 84 0 50 0 85 64 92 0 0 0 38 1 
5 0 77 0 88 0 0 0 68 0 0 74 26 42 
0 85 67 0 0 45 34 0 0 43 53 53 58 
0 0 0 64 90 27 21 64 5 70 58 40 
83 0 0 32 18 0 0 0 58 0 9 
0 27 0 81 54 0 25 0 71 37 
20 0 0 0 0 0 73 51 0 
0 81 90 0 99 0 0 0 
85 20 0 0 0 93 0 
0 0 49 66 27 0 
54 0 0 36 0 
46 64 0 0 
11 0 19 
0 61 
0 

#i: 6
0 0 55 9 59 41 71 0 46 28 23 76 0 97 0 0 35 0 100 0 0 17 0 21 0 0 88 0 0 37 0 0 0 74 0 0 40 0 46 59 0 89 0 35 72 51 1 0 0 0 54 0 
0 0 67 0 79 0 0 6 54 32 0 96 9 90 43 0 81 0 41 0 0 63 21 0 60 16 77 0 32 79 94 91 68 60 24 49 29 17 0 87 72 0 0 0 48 16 0 0 98 0 64 
0 0 0 9 18 34 46 72 0 0 59 45 0 38 0 0 0 65 3 70 29 0 14 93 65 10 0 90 0 39 57 0 28 85 72 0 45 0 0 0 0 0 0 10 0 0 0 0 99 8 
49 31 0 0 43 0 0 0 32 0 2 68 0 0 0 34 7 0 0 0 63 69 3 89 0 21 30 18 0 0 0 2 0 85 55 77 0 0 0 93 0 95 65 0 75 0 0 79 55 
0 0 25 0 0 0 83 0 21 0 64 0 0 47 0 52 0 0 0 0 1 0 42 0 56 41 35 14 0 0 0 0 0 0 19 1 0 4 0 0 0 94 0 4 0 76 0 0 
0 12 0 0 0 59 0 50 0 5 79 0 0 0 0 0 0 0 25 0 0 22 0 0 0 0 69 51 69 16 18 0 0 90 13 0 49 3 0 0 0 69 0 76 0 23 0 
74 85 0 50 51 82 90 0 0 0 0 26 16 97 69 0 17 0 47 95 67 0 0 78 0 14 66 98 0 0 8 0 3 59 39 80 0 0 38 0 61 82 73 70 13 0 
0 97 0 36 100 0 27 0 16 0 0 0 19 50 0 48 0 0 30 0 0 0 0 33 0 98 0 0 0 0 0 0 0 0 47 0 0 56 0 36 0 0 0 0 0 
68 4 0 0 5 6 90 4 0 14 0 0 0 7 0 30 0 30 64 60 0 57 25 76 0 28 0 50 46 0 0 0 4 45 0 0 0 30 91 37 0 48 49 32 
12 0 26 0 0 0 17 0 90 98 19 0 58 60 16 14 51 0 75 0 69 0 76 53 5 7 33 33 0 0 89 0 0 0 23 100 0 0 26 0 0 0 30 
0 0 4 92 0 20 36 0 0 0 0 0 0 53 0 0 37 19 0 91 38 0 73 51 0 0 81 89 52 79 0 0 0 15 70 55 65 74 78 0 79 0 
36 29 46 0 0 0 0 0 0 0 0 70 37 68 96 0 74 0 0 0 40 0 0 92 0 53 63 0 31 0 54 0 42 16 0 0 55 13 0 0 8 
0 0 0 0 14 0 0 91 0 0 35 0 98 90 96 96 30 0 71 89 0 47 78 0 0 0 0 0 0 38 0 3 0 0 0 0 0 0 0 0 
0 0 70 0 33 0 57 97 28 0 0 0 0 0 0 0 44 0 67 0 0 0 86 0 0 0 0 0 26 0 96 0 100 74 0 0 84 4 0 
38 86 0 63 58 17 0 0 68 93 39 74 98 0 36 0 35 5 52 0 14 0 17 0 40 72 0 27 0 0 0 86 1 0 69 19 45 0 
49 0 12 91 39 0 97 75 32 30 15 62 1 0 0 25 0 13 62 1 66 44 29 44 0 13 0 67 58 0 61 0 86 0 0 48 73 
89 0 14 81 0 92 0 0 0 47 31 0 0 67 0 0 0 19 0 60 1 0 13 77 0 0 0 0 0 69 0 0 0 0 0 73 
9 44 0 53 57 0 0 22 57 0 0 0 0 30 60 0 3 75 43 0 78 0 26 98 69 0 0 0 0 0 0 16 0 96 0 
0 0 0 29 0 4 0 2 30 0 78 0 0 41 0 0 45 0 61 0 45 48 0 86 0 0 96 25 78 0 89 35 0 59 
58 92 10 55 29 20 11 17 0 0 0 93 43 0 0 0 10 0 64 92 32 0 58 7 0 0 62 0 0 25 97 0 2 
0 0 0 0 0 20 0 0 0 72 0 0 80 8 0 68 0 89 0 0 34 0 0 85 43 0 99 0 56 0 0 0 
31 0 0 25 65 71 82 0 0 0 12 0 0 42 96 3 0 0 67 5 0 11 93 83 0 0 0 6 0 0 69 
57 0 0 77 92 86 0 9 3 100 0 0 18 22 58 48 44 0 0 90 0 7 99 73 32 35 50 69 95 12 
0 0 73 53 0 84 18 0 0 0 15 0 31 0 0 2 74 99 0 0 30 85 0 19 0 0 79 100 69 
38 0 80 0 0 0 54 15 100 44 0 0 0 6 0 0 45 0 66 0 0 78 77 0 0 0 0 63 
0 0 15 0 0 0 49 0 0 0 0 69 0 84 20 63 0 0 0 0 34 85 67 0 0 0 50 
0 93 0 2 36 0 0 35 39 0 0 0 0 0 62 0 0 16 22 28 0 32 67 63 64 0 
0 32 65 87 0 38 0 0 20 100 88 0 29 0 66 0 84 8 82 53 43 0 0 77 77 
99 0 0 0 0 29 100 0 69 0 72 0 0 0 33 0 83 0 0 0 2 21 0 0 
74 72 0 0 57 3 0 24 66 90 98 0 0 0 79 8 0 0 61 26 0 12 98 
0 26 57 0 0 0 0 0 21 0 0 0 0 97 0 12 62 0 48 0 0 25 
15 95 25 0 16 0 0 0 80 0 49 0 0 38 35 43 0 0 91 53 91 
0 0 0 45 98 15 7 0 0 0 0 0 0 82 0 43 15 87 4 96 
2 0 0 37 0 0 94 0 73 81 0 11 0 0 0 42 0 92 0 
0 3 0 34 54 0 0 0 0 0 0 74 0 0 24 0 75 0 
57 0 0 31 0 52 93 0 0 52 0 92 0 0 65 0 0 
0 37 11 12 0 82 94 42 0 51 0 30 2 97 0 69 
0 49 1 7 0 0 0 48 0 0 0 0 21 34 17 
87 0 0 0 63 33 95 41 61 25 0 4 0 0 
0 90 85 31 0 0 0 0 0 38 99 94 0 
0 0 0 65 0 7 0 0 0 0 0 91 
32 0 98 0 0 27 0 0 0 2 51 
74 47 10 20 89 0 0 0 0 0 
0 0 57 0 18 28 0 0 61 
0 33 0 0 50 0 91 0 
6 0 0 0 25 0 0 
4 0 0 79 0 12 
0 0 62 18 0 
0 99 0 0 
74 0 0 
97 73 
0 

#i: 7
40 0 59 100 56 0 0 44 25 89 29 0 13 0 39 20 0 0 0 69 0 50 0 0 0 0 54 43 12 0 41 91 41 0 0 0 0 74 0 0 0 78 0 0 0 78 0 0 0 0 0 
29 0 0 50 38 52 21 0 0 0 35 49 0 0 0 92 45 0 34 54 0 0 0 0 0 60 0 0 20 0 0 0 0 84 77 0 16 11 8 21 33 0 55 34 48 0 0 0 34 0 
22 77 0 61 0 0 18 0 0 72 0 73 18 14 0 68 0 44 19 0 18 0 0 22 20 74 0 0 0 0 0 60 28 0 33 0 0 96 0 85 55 0 64 23 82 97 49 0 0 
0 0 0 0 0 0 0 42 0 0 0 45 0 54 0 0 0 0 41 0 0 0 0 0 5 0 19 56 28 73 31 0 10 0 93 0 19 0 0 0 0 40 46 54 0 0 70 0 
0 0 16 46 0 0 0 0 0 29 0 0 0 7 0 57 1 0 0 0 0 0 54 0 0 0 43 66 0 43 0 43 71 91 0 0 45 33 0 7 43 42 0 0 22 95 0 
0 0 90 0 0 60 0 0 0 0 0 0 2 0 0 56 78 90 7 0 54 0 0 6 75 85 24 31 0 33 0 0 0 0 0 87 71 84 72 66 49 18 46 25 40 78 
27 9 0 24 3 0 21 0 76 0 60 0 40 0 0 0 0 0 81 0 0 27 38 0 0 0 47 0 73 67 0 0 49 0 0 0 45 0 0 74 69 93 14 94 0 
0 0 71 0 0 28 91 41 0 0 0 0 99 13 34 0 24 0 0 0 0 7 0 42 24 39 75 12 54 90 0 0 0 85 75 86 2 0 0 0 0 0 47 76 
82 56 0 28 0 0 9 95 99 0 0 34 40 0 23 36 0 0 0 1 31 97 0 96 14 75 50 0 0 40 3 0 50 43 91 49 0 25 76 0 0 16 73 
0 32 28 0 0 3 0 0 95 0 0 0 0 43 57 0 0 100 51 3 0 0 39 0 0 81 72 0 0 0 48 0 0 33 0 0 0 100 93 0 0 0 
0 33 69 90 0 0 0 8 10 43 0 64 70 0 0 41 0 68 54 0 0 66 0 37 67 67 56 36 0 95 75 42 0 0 8 0 9 0 93 0 0 
0 0 100 0 28 0 30 0 0 2 25 0 0 24 0 57 11 0 76 35 38 16 6 62 24 0 0 0 80 22 14 22 0 0 0 31 21 26 5 0 
0 94 21 69 93 48 0 42 4 38 0 0 0 0 48 0 0 0 20 0 0 0 0 0 0 84 0 0 5 86 37 29 95 31 60 97 0 49 90 
3 28 0 84 0 0 0 35 0 0 8 55 47 33 46 0 42 98 0 95 0 0 8 0 0 0 0 0 0 86 49 63 0 0 0 0 0 7 
0 77 61 30 35 0 0 0 59 0 80 89 46 0 9 10 80 0 0 10 0 81 99 87 0 0 37 20 0 16 8 0 0 32 27 35 14 
20 38 0 93 0 31 18 61 25 40 95 85 0 65 28 96 55 0 33 90 0 29 31 26 0 21 0 0 83 92 81 0 0 0 66 9 
0 0 0 9 100 0 53 93 0 0 49 0 47 48 84 44 0 65 5 67 67 74 0 43 0 0 0 0 0 0 99 18 55 68 21 
89 79 84 0 0 0 84 95 0 0 23 77 0 25 0 0 74 7 0 59 0 0 100 42 66 0 94 0 0 90 0 0 76 0 
0 0 0 0 3 13 14 0 94 0 0 0 0 0 54 89 58 20 0 0 1 0 94 0 0 79 99 0 0 93 2 46 94 
41 99 0 99 96 63 0 0 30 0 0 0 0 0 63 0 72 0 0 92 0 0 0 0 15 26 0 0 0 0 67 68 
80 56 0 0 74 0 92 65 6 15 25 76 0 0 0 0 76 0 0 97 92 85 0 0 0 3 0 0 56 4 3 
0 0 9 39 0 36 0 0 49 0 0 43 0 1 0 0 37 0 0 88 43 0 42 0 0 68 14 17 26 37 
0 0 0 89 0 0 0 0 64 0 0 39 90 0 91 0 0 2 94 76 0 0 51 0 0 0 0 29 0 
59 0 0 0 62 0 97 30 0 0 0 0 64 33 9 0 100 0 31 0 0 12 8 0 0 0 0 0 
0 0 55 75 0 0 0 81 0 33 0 32 0 6 12 0 0 0 0 0 0 0 74 0 0 95 0 
0 61 43 0 0 0 0 36 0 0 0 0 0 0 87 0 84 0 82 0 0 0 43 0 90 32 
58 0 0 93 0 0 24 57 39 44 21 0 16 0 0 0 7 0 72 0 43 0 90 0 0 
0 2 9 88 0 95 0 64 76 0 0 88 0 12 36 61 0 0 77 0 0 27 7 99 
96 0 0 0 0 0 0 0 0 0 0 20 0 49 67 68 8 0 68 20 99 27 0 
66 0 81 69 0 62 72 96 0 0 99 35 14 72 42 0 71 0 0 0 52 21 
0 21 0 8 77 33 0 21 34 26 0 0 75 0 16 34 0 55 0 0 0 
83 0 81 21 44 6 75 47 0 85 0 67 80 0 27 0 0 0 0 67 
87 69 21 0 0 87 67 0 0 67 0 24 0 4 0 0 0 0 0 
25 0 0 0 73 1 0 81 0 76 0 0 10 0 0 0 0 83 
9 0 0 89 0 26 75 0 28 48 84 83 87 0 0 0 7 
0 45 73 0 0 0 0 68 57 0 96 0 66 49 0 12 
0 51 40 0 0 90 0 0 0 31 0 29 43 0 0 
0 0 0 92 100 70 0 14 0 0 62 0 64 0 
0 0 29 20 14 0 69 24 38 76 0 27 0 
82 4 0 0 0 0 0 0 0 0 28 0 
0 0 0 74 15 35 37 16 19 0 0 
92 70 0 58 90 65 0 21 87 6 
0 71 41 0 38 0 0 0 0 
0 0 0 89 0 44 0 0 
20 0 0 0 0 67 39 
83 40 0 32 39 0 
0 92 0 0 0 
32 95 0 61 
0 0 0 
43 0 
15 

#i: 8
0 20 0 0 88 60 63 80 0 0 69 0 48 0 72 51 0 0 83 40 44 0 0 40 0 18 44 0 0 83 83 0 0 0 6 0 0 42 0 69 0 0 79 0 0 45 0 0 0 0 
75 54 17 0 56 1 72 55 90 7 86 46 30 85 0 27 0 51 0 0 0 0 0 0 42 22 97 0 38 0 0 0 0 0 74 39 37 0 58 0 0 0 0 35 0 92 1 0 0 
49 0 0 0 0 0 0 40 4 0 0 0 56 0 0 85 0 0 0 0 0 0 0 0 3 0 49 0 0 0 0 98 11 0 0 0 79 0 10 81 0 30 1 0 0 100 0 36 
0 0 22 84 14 0 32 0 0 92 3 0 0 0 41 0 30 0 0 0 0 0 0 0 84 6 84 69 73 0 0 56 72 13 53 54 16 24 70 29 0 0 37 0 40 0 0 
0 0 26 0 32 0 22 0 0 0 91 0 0 0 0 36 0 32 0 52 0 0 28 66 0 93 0 52 87 0 0 0 0 0 0 0 75 0 18 0 17 0 0 55 0 0 
96 30 0 25 0 0 0 16 0 46 96 0 0 0 2 51 98 0 0 0 83 0 5 0 0 0 62 59 18 34 0 0 0 0 31 0 0 0 10 21 38 67 0 21 0 
0 0 0 0 0 0 20 62 6 0 0 0 0 96 0 0 10 27 0 97 0 0 19 0 0 0 0 0 0 0 67 0 0 33 53 0 0 45 5 76 20 0 0 85 
60 32 16 0 39 53 0 0 76 99 62 0 21 0 0 100 0 0 0 0 0 0 21 0 19 0 87 81 9 0 0 31 0 0 0 4 46 61 0 0 0 95 74 
90 47 54 71 0 0 96 70 0 30 0 0 0 67 0 81 0 63 0 71 0 0 91 0 81 0 53 84 90 43 39 24 0 10 0 48 65 0 80 6 0 87 
64 0 0 0 0 41 55 0 0 0 13 19 0 67 52 64 0 0 11 53 0 0 0 0 48 15 0 42 0 36 92 0 0 0 0 33 0 0 88 0 50 
0 40 0 59 30 0 26 78 0 0 0 0 0 0 86 0 0 55 0 0 0 0 54 62 73 90 0 0 88 7 0 14 0 94 0 0 15 0 30 0 
87 0 0 61 0 74 0 97 57 88 21 88 43 0 0 92 82 0 46 58 0 92 10 22 0 0 48 0 0 92 29 24 43 64 0 54 82 75 0 
0 0 0 0 48 0 0 4 17 54 0 51 32 76 0 0 62 0 39 78 0 0 0 0 35 65 0 100 0 0 11 77 41 59 11 0 0 64 
0 0 37 63 17 84 60 75 0 0 0 0 94 0 75 78 36 56 11 24 36 0 54 88 37 0 0 0 0 44 0 0 20 0 0 99 0 
0 27 0 21 0 30 0 0 0 94 5 10 0 63 0 99 0 0 82 0 56 69 5 44 0 32 62 0 0 0 73 74 0 66 18 0 
0 65 0 0 0 42 33 71 36 0 31 0 65 81 0 0 24 0 30 95 0 28 57 0 99 0 13 0 4 88 93 72 0 0 0 
0 0 42 93 71 71 81 0 43 0 1 0 0 0 0 0 0 0 3 0 0 0 68 0 25 0 39 0 57 32 0 80 0 49 
0 0 0 54 0 76 33 0 48 41 27 0 0 0 0 9 0 0 44 28 91 18 0 19 34 87 90 0 0 0 70 96 67 
5 0 0 0 0 0 93 4 3 0 21 0 0 19 34 10 0 74 0 0 0 89 92 93 0 0 31 78 0 0 77 0 
14 0 0 53 84 96 0 84 0 0 0 18 99 0 9 0 61 0 0 6 0 0 0 0 0 0 0 0 86 0 44 
38 0 80 0 93 0 0 0 43 48 0 0 30 48 0 0 0 30 36 70 13 0 0 24 0 97 34 3 0 0 
9 0 61 90 8 0 0 0 85 3 16 0 0 7 0 75 20 3 97 44 44 2 41 0 50 89 0 27 2 
0 5 64 0 0 46 30 58 0 0 11 28 0 0 88 8 24 84 0 0 65 0 88 32 63 44 80 74 
39 50 51 39 0 70 0 0 0 0 0 0 0 0 46 75 0 0 0 0 0 99 26 35 52 0 0 
21 63 0 64 0 99 0 0 69 0 0 43 81 72 45 0 0 0 0 22 0 0 0 0 0 0 
95 98 12 0 0 0 78 79 0 36 0 0 53 0 65 1 0 0 28 0 0 0 9 0 40 
62 0 0 0 0 0 5 0 45 5 0 29 84 90 0 0 0 0 0 0 31 0 8 10 
0 78 0 9 77 0 0 0 93 0 95 0 91 80 0 61 77 67 0 40 96 0 0 
0 13 27 53 31 0 0 0 80 0 0 0 0 80 0 0 0 84 41 31 41 0 
38 0 2 0 0 0 0 0 79 55 73 49 67 0 0 0 83 0 0 0 72 
79 0 28 0 0 49 33 58 0 0 80 0 0 95 64 0 7 88 0 0 
12 9 51 2 49 0 0 82 8 36 0 24 0 0 0 0 0 75 35 
99 42 0 0 76 0 15 22 0 98 0 76 0 22 32 43 0 27 
8 17 0 11 86 0 36 51 0 0 32 70 54 97 0 39 35 
70 97 13 89 0 0 0 54 36 38 62 95 34 10 0 0 
0 22 0 0 42 60 0 46 24 80 0 0 58 82 13 
49 0 100 95 63 0 0 0 48 0 0 0 0 90 
0 0 53 66 79 70 0 22 0 64 0 0 78 
0 20 0 95 0 94 18 0 0 0 5 0 
0 0 27 10 0 0 0 0 0 55 87 
0 0 0 0 0 72 16 0 75 71 
56 0 0 77 0 71 22 15 25 
28 0 0 0 97 65 0 17 
51 28 0 0 0 0 57 
0 0 0 0 0 0 
92 88 0 11 0 
0 6 79 0 
94 29 0 
0 95 
0 

#i: 9
40 0 0 57 0 23 0 9 0 0 50 3 0 13 0 64 15 17 59 0 65 98 31 95 32 11 0 0 0 57 0 52 59 0 2 0 0 0 0 25 0 9 0 94 0 77 0 2 4 
27 92 0 74 62 37 0 0 59 0 0 0 0 5 35 0 3 0 33 0 0 77 42 62 15 20 34 40 79 0 0 0 0 0 41 46 0 0 95 0 0 65 3 61 94 89 0 0 
0 0 99 74 0 0 0 44 0 0 91 0 69 0 10 36 0 71 83 0 84 8 44 32 32 83 44 0 0 0 0 58 2 0 0 68 37 47 61 0 0 0 0 0 0 86 79 
52 37 91 0 74 0 51 53 0 32 0 0 20 0 74 14 0 0 65 0 62 0 6 0 0 2 0 20 0 0 35 34 68 0 0 83 37 0 0 60 0 43 0 0 0 35 
80 48 85 28 15 0 76 0 57 0 0 83 0 19 7 38 60 0 30 0 88 0 0 63 0 0 0 0 0 0 47 0 35 28 47 0 0 11 0 0 4 0 25 55 0 
60 87 0 86 87 0 94 0 19 96 0 85 57 0 60 13 0 79 23 0 35 58 32 0 49 0 30 83 64 10 0 72 0 91 35 23 38 0 78 0 68 0 0 6 
0 0 0 0 40 0 36 0 0 57 0 2 0 0 0 41 45 0 0 0 5 93 74 0 57 0 64 0 29 100 89 1 41 32 0 0 8 18 0 0 51 11 81 
0 0 8 50 0 20 33 41 96 78 0 0 8 72 57 0 0 68 54 0 32 27 0 74 0 63 63 76 0 34 0 80 0 0 0 0 0 0 56 46 0 78 
0 92 0 30 7 32 82 0 5 0 24 88 35 85 9 65 0 0 0 0 0 0 82 19 27 68 86 0 21 34 75 79 76 74 0 0 54 0 0 0 91 
0 0 81 74 0 41 54 0 61 0 60 0 42 0 82 47 1 0 69 10 7 0 93 83 90 0 47 78 59 0 0 0 0 1 0 37 17 0 45 0 
88 19 48 0 63 72 45 0 99 0 0 88 0 58 0 86 0 0 0 0 0 0 0 0 26 0 5 41 72 23 44 0 86 0 0 36 0 0 54 
90 3 0 0 0 0 56 23 0 0 17 0 0 68 0 16 17 55 57 3 0 97 0 0 0 0 0 0 37 0 0 58 96 0 0 69 0 9 
0 0 0 0 0 57 0 0 0 0 0 0 96 0 35 24 11 56 31 95 0 0 0 55 0 0 0 11 84 50 37 26 0 0 93 4 0 
0 3 32 4 84 0 0 0 88 21 0 14 36 26 0 8 0 59 21 9 0 37 0 0 9 0 0 40 6 0 70 0 37 72 84 71 
43 24 0 0 0 100 33 44 98 27 41 0 0 0 0 0 98 56 0 89 93 78 94 36 95 100 8 0 0 8 20 25 67 0 0 
0 0 0 75 0 99 96 0 72 92 98 48 0 0 21 59 56 0 93 0 0 89 65 43 97 19 42 0 0 0 24 15 53 33 
7 13 75 69 0 0 0 53 28 19 4 0 36 53 87 77 74 0 35 0 0 0 0 39 9 0 50 99 98 0 0 0 67 
62 0 14 0 0 50 16 0 93 0 3 0 85 0 0 81 0 0 0 0 58 0 71 40 4 0 0 29 44 5 0 28 
0 0 92 0 77 84 32 0 0 0 0 95 0 18 37 4 64 0 66 0 12 63 17 0 30 81 0 0 64 29 50 
15 0 0 0 0 0 40 43 0 0 30 0 71 47 99 0 37 69 77 33 0 56 15 27 0 0 0 0 38 5 
67 33 100 0 0 0 73 0 0 37 0 0 93 0 0 0 36 60 0 0 0 0 0 0 0 50 0 43 0 
24 1 0 0 12 46 0 0 64 33 2 84 6 44 13 0 98 0 0 0 0 0 11 0 15 32 72 0 
0 25 81 0 30 30 0 0 0 0 0 4 0 0 77 0 93 45 12 0 41 77 32 74 0 95 38 
0 41 12 29 62 0 0 0 53 30 66 0 0 0 0 97 0 0 63 0 78 0 15 0 78 99 
22 0 69 85 35 0 0 0 0 54 36 94 21 14 37 89 84 0 0 0 0 0 17 79 0 
0 0 37 0 61 0 0 66 13 0 0 0 0 0 62 46 0 0 0 0 0 0 0 78 
0 0 85 5 0 0 0 39 71 0 0 18 0 0 46 0 7 21 4 0 0 55 0 
88 11 0 0 79 0 35 20 0 0 19 98 27 0 33 72 0 36 9 0 84 0 
0 82 0 79 0 0 0 0 56 28 0 0 79 52 0 90 83 40 0 0 0 
36 0 79 43 0 0 0 0 0 12 0 0 0 0 23 0 78 63 0 0 
99 43 83 16 0 0 0 0 0 71 82 87 80 0 71 22 0 46 77 
75 98 0 82 0 0 0 5 0 29 0 0 0 54 73 58 0 12 
72 88 66 30 26 0 68 0 27 3 0 0 17 0 0 0 0 
70 0 0 0 77 0 50 78 61 2 24 0 0 45 0 4 
64 47 0 99 52 78 100 0 54 0 57 44 0 0 73 
0 0 0 70 77 45 56 92 86 29 0 92 97 100 
32 11 23 0 69 0 0 0 16 0 0 95 0 
67 0 38 64 17 0 0 76 0 0 0 19 
0 0 72 55 0 0 0 0 48 0 0 
88 0 0 35 0 0 0 33 0 0 
17 44 87 0 98 17 25 4 0 
0 0 0 79 72 0 86 0 
8 90 0 0 0 53 21 
0 0 0 0 34 0 
93 0 0 54 0 
56 0 0 41 
0 77 0 
55 0 
96 

#i: 10
94 0 53 0 29 0 0 0 0 80 0 56 38 89 6 0 15 76 0 74 0 22 59 38 1 91 0 0 82 0 0 83 0 14 0 0 8 0 0 95 0 0 90 0 0 10 0 69 
0 67 54 0 13 55 0 45 16 0 0 0 0 78 0 15 0 37 89 57 54 0 44 56 0 0 52 0 0 81 0 0 0 0 0 0 73 32 58 0 0 0 0 0 0 0 0 
53 0 88 0 0 0 0 0 17 0 0 0 0 0 1 0 60 0 0 0 0 0 0 30 0 49 0 16 0 0 0 0 0 23 0 50 0 0 0 0 0 0 66 0 10 94 
0 26 30 0 0 0 0 0 0 0 78 0 0 0 0 1 0 32 98 74 71 13 0 0 47 17 64 0 0 96 0 38 68 0 0 10 0 13 36 0 0 0 27 42 90 
42 66 28 2 0 17 53 0 47 0 0 0 0 0 38 0 17 41 82 23 0 70 82 45 85 0 0 0 0 7 25 61 0 89 0 0 7 54 100 0 23 71 42 77 
91 71 0 95 0 0 0 67 26 0 0 0 63 0 0 0 19 0 31 0 0 10 19 1 0 0 13 8 67 39 0 0 0 40 0 0 26 0 24 38 95 82 19 
0 0 0 0 0 0 44 0 98 81 0 53 0 0 57 0 36 0 0 39 32 67 23 100 15 80 46 0 54 0 0 36 24 25 0 0 62 0 0 69 0 0 
9 0 62 0 0 0 0 15 84 0 63 49 0 0 15 87 0 73 0 0 82 0 0 27 0 37 76 67 86 79 78 38 0 32 15 0 58 0 44 20 0 
2 0 18 0 0 0 31 85 33 79 76 37 95 0 12 2 0 0 0 11 0 21 0 0 0 0 70 22 0 0 0 19 92 0 70 94 18 84 0 0 
30 29 65 42 0 0 99 6 0 0 59 10 0 0 0 77 90 0 2 0 73 44 40 2 0 10 35 19 0 20 0 73 49 0 0 44 0 99 3 
88 48 0 64 96 0 0 0 0 0 25 0 0 26 100 0 17 36 19 6 0 0 18 14 0 29 43 100 0 0 0 0 0 0 56 0 0 0 
75 40 0 21 0 0 75 0 3 0 0 0 0 79 0 12 0 11 0 78 0 99 0 0 0 12 0 0 48 80 0 64 0 0 84 0 24 
44 0 0 18 0 39 95 84 0 47 81 0 0 0 50 0 0 0 0 0 0 0 0 95 0 67 0 22 34 0 0 0 58 0 49 78 
0 75 0 85 13 7 0 0 0 4 0 59 0 0 26 0 100 28 0 99 0 0 0 0 32 47 0 0 0 3 24 0 0 0 36 
0 0 45 0 74 0 80 68 83 0 39 0 58 0 0 0 39 0 0 93 0 0 0 0 44 0 60 0 87 66 55 39 54 0 
0 0 0 20 5 27 0 93 40 91 0 54 0 0 0 90 0 0 0 75 92 75 0 19 8 48 53 69 0 42 19 0 0 
0 21 25 84 0 0 88 0 92 37 0 0 79 95 52 96 0 0 34 0 23 8 57 0 0 11 0 57 98 0 0 43 
0 0 0 19 76 0 0 69 18 0 28 0 95 71 72 10 0 0 42 0 26 0 0 0 20 41 0 0 73 0 0 
42 10 91 0 47 0 1 0 55 39 0 73 0 0 0 0 0 57 38 90 57 65 97 0 77 75 0 25 0 0 
0 0 39 95 99 40 0 0 0 0 0 60 0 0 75 43 69 22 90 29 0 74 36 0 0 37 0 87 4 
48 0 0 0 0 0 0 82 88 31 0 38 0 27 91 2 51 34 97 0 55 89 62 0 92 0 25 64 
0 0 0 0 0 0 0 87 0 0 0 0 0 0 0 55 0 0 0 15 100 0 44 0 40 56 40 
26 0 0 0 3 90 0 15 0 48 46 0 76 51 0 61 63 0 0 0 0 84 86 0 6 73 
13 38 0 0 0 70 51 84 45 22 0 69 40 0 19 0 0 0 69 61 0 0 0 76 0 
0 0 0 11 3 70 55 0 81 78 0 0 0 76 85 0 99 0 0 0 70 0 22 0 
0 93 0 0 62 0 21 0 75 0 0 0 0 8 0 93 84 33 0 0 0 6 99 
6 0 0 60 2 0 0 69 88 0 39 0 52 73 0 19 36 0 0 4 26 53 
21 83 49 0 0 3 5 39 49 0 55 17 5 82 0 0 80 28 87 0 69 
20 0 48 9 81 0 0 0 0 67 86 0 47 78 42 85 31 11 0 0 
15 51 0 0 0 36 0 0 0 53 83 0 86 0 0 0 76 30 88 
80 0 56 98 0 61 65 80 0 0 94 0 39 49 0 0 0 0 
0 0 0 3 0 25 0 83 0 0 41 69 0 59 85 0 0 
0 0 0 0 51 0 91 51 0 48 37 26 0 0 47 33 
32 0 42 57 42 83 20 54 59 0 71 2 0 0 0 
40 34 0 0 88 48 89 0 22 0 14 69 0 0 
0 12 52 54 7 0 0 16 0 75 0 0 0 
0 56 53 66 45 48 100 0 9 0 87 17 
0 23 0 0 47 91 0 23 0 13 91 
41 0 0 46 0 56 25 65 21 3 
78 0 70 43 77 65 74 95 0 
0 41 17 83 0 0 0 0 
54 0 0 0 0 0 0 
70 0 68 0 32 0 
40 0 0 87 100 
81 48 90 0 
16 27 0 
0 0 
0 

#i: 11
46 0 0 55 48 7 0 15 0 55 0 58 53 97 0 0 46 0 84 0 0 3 0 0 14 67 96 75 4 0 0 27 0 66 81 0 0 0 74 0 0 85 32 0 0 0 0 
26 0 92 49 70 0 33 94 0 33 71 2 30 0 0 0 0 0 0 11 69 0 0 43 70 67 0 35 0 0 66 67 70 64 0 0 32 0 0 0 56 0 0 0 30 80 
32 27 0 0 0 40 0 39 0 38 0 0 4 0 0 0 0 21 10 77 0 89 0 0 7 0 0 36 0 0 0 0 0 0 19 96 0 17 0 5 0 4 95 44 0 
0 0 0 28 0 0 34 13 0 0 47 23 0 0 75 22 52 82 0 61 83 48 1 92 0 16 0 0 0 24 33 53 0 0 0 42 0 44 63 0 2 92 0 0 
0 0 37 0 0 75 54 93 0 0 0 69 36 0 68 29 0 55 12 0 0 0 0 68 3 24 33 3 0 0 34 78 0 0 0 19 29 50 0 69 68 0 23 
0 0 0 0 0 29 3 0 0 82 0 0 0 0 0 0 66 87 0 92 0 89 0 73 62 0 0 38 0 0 0 99 60 0 90 0 0 0 0 57 0 0 
0 0 63 11 91 0 27 66 99 52 0 47 18 23 0 0 0 35 63 0 21 15 0 78 82 0 24 0 95 0 34 0 67 8 0 0 0 0 0 21 0 
0 0 0 0 0 36 0 0 39 0 69 0 0 57 97 0 16 0 47 87 0 68 0 0 84 56 0 35 86 19 79 54 0 0 0 0 0 0 49 41 
0 98 0 90 36 0 77 38 64 14 0 0 41 0 0 92 0 16 100 0 67 0 0 17 0 0 23 0 36 0 0 0 0 0 0 0 79 0 0 
0 0 77 0 50 15 93 0 0 12 26 0 0 98 0 7 11 0 72 0 0 37 91 44 0 16 0 0 0 0 73 0 0 32 79 82 69 59 
47 2 0 0 0 55 31 0 66 0 0 0 96 80 0 0 0 59 0 54 0 28 0 79 34 0 0 100 34 36 0 0 31 0 0 0 0 
79 91 78 21 0 21 0 0 0 0 0 71 20 57 28 0 51 2 0 0 59 0 0 0 75 0 0 41 35 0 0 63 0 0 29 0 
38 0 100 62 38 23 47 0 39 0 0 0 71 46 0 27 0 0 0 69 66 0 0 38 68 0 84 0 0 0 25 0 0 71 0 
61 0 73 0 0 0 21 93 0 0 0 86 100 34 0 81 4 92 0 84 56 17 0 26 80 30 48 0 79 11 0 76 0 0 
52 0 44 0 0 33 23 32 0 0 80 0 41 0 36 0 0 0 0 13 0 0 0 0 0 37 27 0 0 30 27 0 0 
48 93 36 9 0 72 55 0 0 1 57 0 54 0 0 0 0 68 97 88 76 0 0 53 39 65 24 45 100 19 0 68 
0 0 34 83 81 0 0 0 36 69 0 0 0 0 0 0 0 0 0 0 0 0 22 19 0 30 0 58 0 0 32 
73 0 22 0 14 0 0 19 94 0 0 65 0 0 0 0 0 0 0 15 0 38 0 0 94 75 58 29 0 0 
0 0 0 0 52 0 39 0 0 0 0 3 80 0 0 0 0 0 56 0 0 1 0 0 0 98 32 0 0 
40 62 12 66 91 98 0 0 0 2 58 0 39 44 47 85 21 43 0 58 6 90 2 97 0 0 0 36 
99 0 6 0 0 3 56 0 51 0 29 38 71 81 22 51 0 53 0 75 24 70 43 0 0 96 17 
0 42 36 44 89 0 0 0 0 0 0 24 0 0 16 0 48 68 85 0 0 48 29 26 0 0 
27 0 59 98 13 0 12 0 51 0 0 18 0 53 77 0 55 42 0 24 5 12 64 0 0 
0 0 95 0 0 0 82 0 0 0 9 40 0 0 82 52 0 5 0 66 0 0 82 0 
0 60 15 0 0 0 0 5 0 0 76 0 47 0 53 0 93 33 0 41 0 0 5 
50 43 0 0 0 0 35 85 0 0 0 18 0 0 37 0 39 0 0 0 0 23 
0 39 0 0 48 42 49 0 60 0 0 0 0 0 51 57 58 92 0 0 0 
0 0 0 99 99 38 0 89 94 0 0 14 77 27 0 0 0 81 0 0 
61 0 0 0 0 0 0 81 51 66 36 0 0 0 0 36 76 0 0 
39 0 0 25 11 41 75 0 62 0 57 0 13 97 19 47 33 91 
10 78 79 0 7 0 17 1 3 0 0 0 0 0 0 50 1 
0 57 0 0 86 0 0 38 0 0 3 0 0 62 69 95 
8 92 0 74 0 60 0 0 54 0 0 0 39 0 77 
0 98 0 53 28 0 82 79 10 37 0 80 77 2 
97 0 0 0 0 16 95 85 92 25 0 28 32 
7 65 53 83 42 82 65 0 0 0 0 94 
0 18 0 6 0 0 0 0 0 0 0 
0 0 27 0 0 0 95 77 0 0 
40 40 23 0 48 0 82 55 43 
22 0 0 0 6 0 79 92 
0 0 91 83 7 0 62 
69 27 31 85 21 0 
0 0 29 85 0 
0 0 64 0 
0 95 0 
85 0 
4 

#i: 12
21 0 0 35 0 0 28 10 97 0 31 79 0 0 60 24 39 0 0 84 0 0 42 0 7 16 67 1 20 16 0 0 0 0 83 0 0 0 0 0 0 0 0 36 43 0 
0 96 51 0 97 55 0 76 0 97 11 98 62 90 0 97 11 37 55 0 29 35 0 49 0 11 0 95 23 95 0 0 0 97 98 0 0 0 0 45 0 0 39 100 10 
0 62 0 0 4 1 48 0 54 0 0 68 10 78 0 0 18 0 52 0 38 26 0 0 75 76 74 0 0 0 0 0 0 0 0 65 0 68 0 0 0 0 0 0 
38 49 87 35 0 0 44 66 54 0 62 0 2 0 28 24 30 90 9 0 0 56 0 0 0 0 85 57 0 16 0 31 38 98 0 10 52 43 10 49 0 28 0 
0 0 36 88 0 40 96 0 62 0 0 56 81 54 0 0 0 0 14 0 86 62 100 0 0 0 0 0 41 6 0 19 0 0 89 0 0 20 25 78 0 0 
67 0 1 69 45 62 0 0 24 0 0 0 0 78 50 42 0 0 1 58 22 32 0 3 90 0 0 0 6 0 13 91 18 0 39 30 58 33 30 8 51 
0 0 0 0 1 50 42 98 44 0 0 0 0 0 49 33 40 46 0 0 33 0 56 0 0 0 0 87 0 99 0 0 0 0 0 0 80 0 93 0 
4 74 62 0 67 0 0 0 92 0 0 51 64 0 0 0 77 0 0 96 0 0 77 0 0 0 0 41 0 0 79 0 66 54 86 18 12 65 70 
13 88 6 1 51 73 0 94 0 0 64 0 0 0 0 0 54 83 14 72 66 46 18 0 4 0 0 0 99 96 19 0 0 0 0 0 0 80 
85 40 0 0 0 94 82 0 53 0 26 43 13 62 82 0 0 0 0 9 57 35 0 99 18 0 0 0 0 14 49 8 0 50 44 4 2 
0 0 0 0 0 0 49 36 0 42 0 74 0 81 41 14 88 57 0 0 78 0 61 0 0 0 49 89 55 14 37 34 0 0 79 99 
49 59 0 0 0 4 0 0 58 0 0 0 98 62 26 10 0 3 82 0 0 0 87 68 0 23 58 0 48 0 97 29 63 0 0 
0 67 24 48 0 0 81 32 0 0 13 0 10 5 0 56 36 0 0 37 78 0 78 47 0 0 47 0 3 45 49 0 37 59 
0 49 38 0 0 84 0 0 0 84 0 5 100 0 0 0 0 27 49 99 0 91 45 0 93 67 31 0 36 0 85 54 76 
0 0 30 0 79 95 97 63 0 0 0 0 38 0 22 78 0 0 42 0 0 0 0 0 14 0 35 0 0 0 0 100 
0 47 0 26 0 42 0 16 0 27 0 81 0 19 39 78 0 7 37 77 19 0 0 0 84 2 0 0 74 0 0 
94 33 100 0 0 0 1 0 86 0 0 72 0 0 0 54 0 0 0 39 0 0 0 0 77 0 85 87 0 25 
33 0 40 0 0 8 100 94 0 81 0 0 30 0 0 0 95 0 34 0 19 12 98 0 0 40 67 47 64 
37 80 46 0 10 7 41 0 12 0 0 80 80 0 77 0 49 0 0 25 73 59 0 0 90 59 0 32 
0 0 10 0 20 80 22 0 35 91 0 83 8 0 93 0 0 13 41 0 0 0 0 64 60 37 77 
0 0 0 66 0 84 28 0 0 54 31 0 8 0 0 0 0 0 52 40 75 83 0 39 0 57 
0 11 0 0 0 84 74 0 36 0 0 25 19 0 0 0 90 22 24 0 84 12 41 37 0 
0 20 73 68 0 0 76 0 0 85 0 97 0 0 44 0 0 29 0 0 16 57 93 0 
0 90 0 0 0 0 0 56 0 62 4 24 6 0 60 0 67 0 0 50 71 26 65 
29 0 0 0 0 0 73 38 27 0 35 94 99 0 0 0 0 0 0 0 0 3 
51 26 0 49 0 55 1 0 83 44 0 0 42 0 0 0 55 33 0 27 49 
0 40 85 59 0 0 88 0 0 35 94 42 98 24 0 63 0 64 50 0 
0 70 91 98 0 52 0 15 85 0 0 0 0 0 99 86 0 0 0 
0 0 0 54 66 85 97 67 0 73 0 0 0 75 46 0 89 25 
64 35 0 90 79 75 0 100 0 4 58 0 0 0 85 17 0 
0 4 0 0 80 95 0 0 0 0 26 0 21 34 0 51 
24 80 84 65 0 0 85 30 60 85 0 0 35 96 38 
29 94 43 0 0 45 0 0 34 0 8 0 14 48 
14 0 0 75 88 0 83 0 97 0 43 0 32 
0 84 0 94 0 0 80 0 0 38 0 6 
92 0 59 0 42 0 98 0 0 8 93 
98 33 0 13 71 50 0 0 71 0 
0 28 0 61 64 14 20 56 34 
0 0 54 0 18 67 5 0 
97 0 0 15 9 0 85 
0 15 74 0 51 81 
87 67 0 97 2 
57 65 0 40 
0 40 0 
41 4 
0 

#i: 13
46 0 89 0 96 0 2 89 0 2 0 71 68 6 0 0 35 0 31 43 94 86 0 64 92 59 0 0 63 0 5 54 0 0 44 84 49 0 0 0 0 0 0 44 62 
0 1 0 22 0 0 0 53 0 4 0 0 0 0 0 0 0 0 0 0 0 0 89 0 0 88 9 0 0 0 0 10 0 35 69 78 88 0 0 0 61 0 70 0 
0 0 5 0 30 0 0 0 0 0 26 0 86 0 65 0 31 55 53 82 61 0 0 0 0 0 88 0 97 26 0 30 89 0 45 0 0 37 6 23 0 0 79 
49 59 0 15 74 14 82 0 0 0 43 80 0 47 46 91 43 0 51 0 0 0 0 0 83 0 71 34 77 0 14 0 0 97 0 5 12 0 53 9 73 84 
22 0 0 78 0 66 0 82 88 31 0 0 0 0 0 28 0 0 11 0 81 58 80 69 0 41 0 74 86 65 5 68 0 0 0 0 55 35 74 0 66 
0 0 0 93 0 53 0 99 92 11 0 0 5 0 4 46 69 0 0 0 37 0 0 86 0 25 45 0 0 0 0 0 0 0 0 4 49 0 0 29 
17 35 32 0 0 43 0 10 62 0 33 0 92 25 3 78 0 8 19 11 70 66 0 0 0 100 0 50 0 0 0 41 16 0 25 72 0 81 0 
64 97 18 0 15 4 24 22 0 0 57 0 0 28 0 0 0 78 0 78 0 0 24 26 0 94 0 0 26 0 74 0 0 0 0 0 7 88 
0 67 0 47 38 72 21 36 0 0 0 0 0 0 0 0 0 0 95 43 78 26 46 19 0 25 0 12 0 0 9 80 0 4 87 0 62 
1 0 63 18 0 91 0 53 46 53 0 0 0 0 0 0 70 88 0 0 16 40 80 34 0 0 0 0 91 61 0 38 0 98 83 0 
49 0 0 0 23 18 0 51 0 0 20 66 0 0 86 0 70 69 38 51 0 0 9 54 57 0 10 63 21 0 92 0 0 85 39 
4 0 0 0 0 96 43 6 41 22 0 41 99 89 3 61 30 79 0 0 0 52 51 11 39 66 0 0 0 97 0 84 0 0 
85 56 99 0 0 0 0 48 85 0 72 0 51 98 100 0 0 40 0 50 72 70 59 0 0 32 46 0 0 0 38 30 4 
0 16 70 61 5 79 0 17 84 0 0 36 0 44 9 0 29 5 43 0 0 45 51 0 13 0 0 0 0 37 0 0 
0 0 54 91 24 0 0 75 64 89 0 0 47 0 29 0 32 0 90 57 0 86 34 41 59 12 0 0 45 27 0 
0 0 16 0 71 95 70 0 25 71 17 21 21 41 1 0 0 0 0 98 0 19 96 0 0 92 0 44 0 99 
87 0 55 0 80 0 100 0 0 0 18 0 91 66 0 0 68 0 53 0 71 0 0 28 43 0 0 0 0 
11 0 0 0 0 0 0 0 90 79 0 1 0 16 51 38 0 25 4 88 0 35 0 16 26 62 16 85 
56 0 0 0 0 0 0 0 75 51 0 0 59 34 0 44 0 0 0 0 0 84 0 53 20 0 40 
52 59 0 0 48 0 0 0 37 0 45 0 0 82 71 0 57 0 26 63 0 0 77 0 0 20 
0 3 58 0 0 0 77 0 64 51 0 0 0 43 48 0 39 85 0 65 51 0 9 32 0 
10 0 92 0 0 0 0 0 0 60 42 35 0 54 25 34 48 26 83 51 0 68 0 42 
57 0 9 0 0 0 0 0 19 0 0 74 73 0 22 15 9 0 60 0 7 0 0 
0 0 0 11 60 99 60 18 0 0 0 0 3 0 0 32 0 71 0 30 58 0 
4 56 63 5 23 69 38 0 0 75 0 0 0 0 0 0 92 25 6 0 0 
0 88 0 0 0 30 0 0 0 0 0 6 42 0 0 0 96 12 52 100 
0 0 45 0 0 1 0 0 14 28 0 0 0 0 94 0 28 0 0 
51 8 0 81 8 27 25 76 0 40 67 0 69 93 0 86 0 53 
0 0 0 59 0 0 9 34 0 0 0 34 0 0 0 0 0 
0 0 0 84 23 49 28 78 0 34 0 41 28 0 0 0 
0 0 11 0 93 0 6 0 100 95 0 41 0 0 0 
24 6 72 56 0 40 97 26 0 0 69 4 5 37 
0 24 91 0 0 80 0 0 51 0 0 0 7 
82 0 0 0 41 0 70 0 0 29 0 56 
53 76 85 28 27 43 0 0 0 0 30 
0 0 14 0 0 0 19 0 17 0 
0 66 0 0 4 5 8 0 46 
0 12 0 71 0 38 95 0 
70 0 87 55 0 0 0 
88 0 37 1 0 0 
59 64 0 3 0 
27 7 0 33 
37 12 0 
100 77 
88 

#i: 14
76 0 0 43 61 0 0 0 28 0 0 0 0 87 60 0 66 4 0 73 0 9 0 0 82 0 0 99 0 0 82 0 0 0 0 46 34 0 0 97 0 0 88 0 
5 40 0 0 80 4 0 67 56 0 41 56 0 78 0 0 71 0 18 74 0 80 0 1 36 0 62 0 0 30 0 0 23 34 0 0 75 0 0 65 63 58 18 
0 0 18 0 0 0 33 0 0 0 0 20 58 0 41 42 0 0 0 0 19 47 12 71 72 26 0 75 0 0 88 0 25 77 0 0 85 94 0 0 0 0 
1 57 0 23 0 0 84 0 7 29 0 0 26 50 80 0 0 20 7 12 18 0 0 70 0 2 25 0 81 0 52 0 0 23 48 0 0 81 0 71 0 
0 0 97 83 2 10 0 75 0 0 0 0 0 34 0 0 72 0 0 45 0 0 14 0 0 34 2 0 0 0 0 0 0 0 0 0 33 0 13 6 
0 0 0 12 32 0 0 56 91 73 0 86 42 53 84 40 0 0 0 11 4 40 0 0 96 74 0 0 0 0 0 0 0 0 0 95 77 0 81 
0 0 74 66 77 0 63 56 0 0 34 100 85 0 0 0 0 0 8 0 0 89 89 44 0 64 0 0 0 93 0 97 0 17 80 0 0 86 
0 0 0 0 97 0 21 0 28 71 17 100 0 0 3 96 0 0 0 92 14 48 0 0 79 0 0 50 0 0 0 18 49 0 0 26 0 
30 69 0 0 89 64 0 55 0 87 0 10 58 33 0 0 15 18 0 15 19 0 7 13 0 0 51 0 60 0 57 60 64 12 6 29 
16 24 85 0 86 0 63 31 37 71 0 0 74 0 0 0 65 0 83 0 0 0 0 94 98 0 0 87 49 0 0 0 27 0 64 
0 86 13 43 95 53 78 0 0 23 0 8 0 0 0 37 70 0 0 0 0 0 0 9 44 0 64 0 0 8 69 0 22 9 
69 0 0 88 28 0 49 0 98 36 43 92 12 40 68 0 0 0 72 0 0 85 93 31 51 76 0 30 80 0 46 0 54 
9 0 0 0 40 0 0 0 91 0 0 90 0 76 0 96 68 11 0 0 89 0 0 44 13 62 0 12 28 63 19 4 
0 0 84 0 0 0 81 13 40 72 82 58 32 0 47 0 0 48 80 7 0 16 31 0 0 26 20 41 0 0 98 
0 0 47 0 30 0 64 0 0 0 0 0 81 40 0 0 0 0 0 91 0 71 0 0 77 0 98 51 44 0 
0 58 0 40 0 0 85 38 99 85 0 0 0 67 0 61 24 21 21 0 0 0 47 5 0 0 0 80 0 
55 90 0 94 0 18 60 39 0 96 0 0 0 0 0 59 67 27 0 0 0 75 48 0 20 4 2 0 
41 0 0 60 0 0 0 60 0 0 63 0 30 83 52 0 0 0 0 0 54 0 0 0 56 0 21 
0 0 68 0 26 3 0 0 2 0 36 78 29 0 77 59 5 0 0 0 84 55 0 50 31 0 
89 38 51 0 92 0 97 92 32 29 96 66 0 45 0 81 23 16 0 0 0 35 64 0 11 
0 0 2 54 9 0 27 0 0 0 0 94 98 21 91 0 71 49 56 59 0 90 84 28 
0 0 0 0 0 25 0 23 0 94 65 0 18 0 0 51 0 11 8 0 0 0 72 
0 67 0 0 74 53 0 0 0 0 55 64 57 90 28 0 0 53 0 86 0 11 
85 83 16 0 22 47 74 0 45 0 0 0 0 72 64 38 0 85 49 0 0 
11 90 0 35 79 97 48 0 0 0 0 17 0 0 0 83 71 34 0 0 
0 0 0 11 0 0 0 0 0 0 18 0 9 0 85 0 15 13 73 
46 0 0 64 71 50 0 55 0 79 0 0 0 94 10 70 38 0 
69 0 0 70 40 14 57 0 0 47 0 0 0 0 57 0 50 
0 0 0 0 0 5 91 86 0 28 0 0 34 0 53 0 
0 23 0 0 92 0 66 0 100 43 0 0 3 0 0 
0 81 0 0 0 0 0 41 36 42 60 76 89 0 
0 45 0 0 16 46 0 0 70 49 0 5 0 
0 0 0 0 0 25 0 39 9 97 0 0 
48 79 50 0 64 0 32 6 0 0 57 
56 0 0 17 70 0 0 13 0 0 
11 0 0 12 5 0 89 0 45 
0 0 48 0 0 36 0 63 
82 11 75 76 0 84 0 
35 0 0 0 10 0 
100 15 0 0 0 
77 90 0 0 
0 0 0 
0 35 
0 

#i: 15
49 44 31 0 0 0 0 100 0 0 0 93 91 0 28 63 38 0 0 0 0 63 0 17 42 0 64 0 36 0 0 0 36 0 4 0 64 65 40 0 0 77 0 
19 11 22 56 0 6 50 0 0 0 0 0 23 0 0 11 87 33 0 0 93 0 0 0 0 0 0 86 0 0 8 19 85 0 37 0 70 0 59 0 0 0 
24 94 6 28 92 0 0 0 0 14 0 0 93 61 0 32 0 80 0 0 0 0 0 90 66 0 0 0 50 30 37 0 84 80 75 56 0 0 81 0 80 
0 86 37 37 13 0 0 0 0 66 0 0 0 0 0 0 80 34 0 0 0 0 0 0 32 0 0 0 62 0 98 0 98 6 7 0 0 0 0 0 
74 0 19 1 34 0 0 0 0 86 58 0 85 76 37 13 0 29 87 0 56 0 6 37 0 71 89 0 84 16 28 14 0 81 0 45 0 0 11 
0 0 1 63 0 75 26 58 26 0 71 0 0 0 0 41 7 76 0 0 0 0 0 64 90 0 4 69 0 0 0 0 42 0 67 63 78 71 
50 72 33 94 37 54 10 0 0 0 2 0 39 0 82 24 0 0 35 67 0 77 0 0 0 39 0 19 0 8 62 0 0 50 0 60 0 
57 0 25 0 0 32 44 30 13 0 0 0 0 97 0 0 0 0 38 0 64 6 2 0 0 72 37 0 31 0 2 0 79 55 56 0 
0 0 0 18 38 12 24 69 91 0 54 33 75 0 69 94 83 0 0 0 0 40 61 0 51 0 63 49 0 0 90 0 0 0 0 
54 0 0 71 0 0 34 0 0 0 22 0 14 0 36 72 35 29 16 75 0 20 0 1 0 14 42 79 0 98 0 91 91 56 
0 0 99 0 95 49 91 5 0 80 0 36 80 51 5 15 97 71 27 55 0 27 0 4 0 93 38 56 89 22 12 40 48 
70 0 0 0 98 85 93 23 33 13 0 0 0 0 0 0 8 2 93 82 27 0 0 28 0 0 0 0 0 77 40 16 
0 0 0 81 0 13 93 16 88 0 0 58 84 42 45 81 0 0 47 60 0 36 59 74 56 0 70 0 0 41 44 
0 72 21 9 0 31 8 0 0 97 84 0 0 96 0 19 0 0 0 72 0 32 29 83 36 0 0 92 0 0 
83 3 15 0 63 0 96 0 0 0 30 36 0 0 0 58 0 49 0 0 0 0 2 47 95 4 0 51 12 
0 70 24 58 70 17 0 64 0 68 93 21 0 0 51 30 0 51 0 0 7 0 93 0 28 18 30 98 
77 51 81 6 0 50 0 0 89 54 0 0 0 0 21 13 94 14 98 56 0 0 0 17 0 0 0 
68 64 0 0 41 34 11 0 23 46 20 67 0 8 0 32 100 0 5 79 0 0 0 0 57 0 
24 5 11 3 43 12 57 88 0 32 25 98 0 63 27 61 0 93 0 0 0 0 0 93 97 
0 0 0 0 0 81 0 0 55 0 96 64 17 26 0 40 0 71 0 0 0 41 38 17 
88 0 0 83 13 4 46 0 0 89 78 0 57 0 0 22 0 0 40 0 51 82 0 
9 27 37 84 61 0 0 0 0 4 60 38 0 8 0 74 98 0 0 0 22 0 
52 81 80 13 0 0 0 20 40 0 0 33 20 0 5 0 19 0 78 52 0 
56 0 94 0 0 0 0 0 73 15 9 0 0 32 0 0 0 0 0 0 
47 26 0 0 0 43 0 51 0 0 60 0 0 90 5 7 31 93 0 
0 94 18 0 39 10 0 91 80 0 0 26 0 0 0 0 0 0 
0 0 0 98 0 0 0 0 25 0 0 80 0 18 0 83 100 
0 28 23 0 87 0 0 0 0 0 58 53 66 0 50 47 
86 24 59 15 0 4 82 6 0 87 49 0 0 48 0 
64 0 0 0 0 0 0 0 97 0 91 65 70 0 
80 60 82 0 15 0 0 0 90 83 4 0 47 
93 9 15 89 4 0 5 96 0 0 20 0 
36 10 0 0 0 68 42 79 34 0 44 
0 0 0 15 6 0 16 0 0 56 
13 94 23 56 85 0 0 76 98 
65 4 0 0 58 0 91 48 
67 40 42 6 77 0 55 
31 96 2 0 0 45 
0 0 0 0 0 
0 45 16 0 
45 0 0 
69 0 
84 

#i: 16
3 62 39 25 56 91 70 47 0 69 0 92 0 95 38 24 0 20 39 4 0 0 10 39 40 15 57 11 42 0 0 0 0 82 49 0 17 0 0 0 14 4 
0 26 32 0 0 45 0 0 68 0 52 0 100 62 0 0 14 0 31 90 24 48 85 88 0 0 0 0 28 0 0 35 25 0 60 17 0 72 0 0 20 
85 0 2 10 0 4 0 16 46 1 0 0 45 0 81 19 95 0 32 0 20 4 0 82 0 19 72 0 32 34 8 0 0 18 0 0 1 88 15 0 
94 0 99 21 0 0 83 43 0 0 0 13 0 0 0 37 0 73 0 0 0 3 0 0 0 11 89 0 55 30 26 0 29 82 0 0 98 0 73 
0 99 0 39 98 99 48 92 0 0 73 0 0 0 77 82 71 0 87 0 19 0 35 17 65 59 20 55 0 66 100 6 0 70 0 55 0 0 
0 0 21 0 71 0 72 97 12 82 96 81 0 91 0 83 96 0 24 94 79 29 0 80 0 28 6 0 83 73 76 78 71 0 0 59 17 
0 0 0 99 0 16 0 0 0 95 0 21 95 0 0 93 37 76 36 0 0 0 0 63 80 45 4 9 100 0 92 72 82 0 0 30 
75 0 0 0 39 0 21 0 68 0 37 64 6 88 71 100 0 0 0 67 73 56 0 52 34 27 27 0 0 0 0 0 0 0 64 
9 47 0 60 66 54 19 34 0 0 0 0 0 94 71 0 14 73 8 54 0 74 0 73 14 73 70 0 81 0 10 94 0 9 
0 0 0 0 0 0 0 90 84 0 0 0 14 32 0 0 12 0 59 0 0 0 0 0 45 0 0 46 0 0 68 36 0 
0 56 12 0 71 0 0 0 20 43 12 84 14 0 0 55 0 58 0 0 83 0 27 76 0 32 0 0 0 96 80 0 
43 0 0 0 56 30 3 80 0 0 0 0 94 0 37 94 91 0 56 0 85 0 99 9 97 0 0 0 7 0 0 
0 59 0 0 0 17 0 0 0 66 2 13 35 0 14 0 0 0 81 25 92 83 0 31 11 0 19 0 0 0 
85 0 0 0 66 0 61 10 48 46 0 0 0 40 73 0 48 0 69 30 100 2 95 53 0 52 0 0 0 
54 0 35 21 9 90 0 0 26 67 58 0 63 43 0 22 55 0 0 63 18 44 0 0 15 10 0 0 
65 39 0 5 0 0 35 0 40 0 0 55 0 0 0 0 28 0 0 2 0 98 33 0 0 3 0 
0 71 0 0 0 0 88 0 0 8 94 43 80 0 0 28 64 0 45 0 7 0 75 35 87 48 
0 0 0 0 0 61 13 95 53 6 0 0 6 0 0 0 0 45 0 31 0 0 49 0 0 
93 0 0 0 0 0 52 30 0 0 0 99 36 0 0 92 0 46 87 0 13 1 57 42 
0 0 0 0 40 70 77 63 60 94 22 0 0 0 36 0 0 0 24 18 0 53 69 
0 7 0 0 0 29 0 77 68 0 33 46 48 34 0 77 20 69 58 0 0 0 
0 95 0 0 34 0 45 0 0 2 56 0 0 77 11 0 7 0 0 0 0 
5 45 0 0 0 0 0 66 0 0 0 53 41 63 0 0 58 39 5 19 
0 0 0 46 96 0 0 0 37 0 0 0 55 48 0 59 0 56 93 
0 91 0 36 0 56 0 33 12 0 70 36 0 0 0 0 32 32 
0 66 0 10 0 70 0 19 0 0 40 18 22 0 0 0 0 
85 91 31 0 0 66 72 0 10 0 0 17 93 0 72 0 
0 38 0 0 49 0 0 77 31 95 25 27 37 0 4 
0 0 98 0 18 33 0 53 60 0 39 88 70 64 
0 0 0 61 70 0 89 0 0 63 24 0 40 
80 73 29 45 0 0 0 85 100 0 0 15 
0 50 62 0 39 0 3 90 56 0 0 
0 84 0 0 0 0 23 21 0 11 
0 92 0 30 0 0 17 55 51 
60 0 0 97 0 70 76 47 
0 58 98 0 0 0 0 
33 96 0 45 0 28 
42 0 29 0 65 
0 6 0 0 
0 24 10 
0 43 
0 

#i: 17
0 0 0 100 0 22 0 0 0 33 0 1 3 0 26 38 0 12 0 0 17 89 41 0 9 0 0 0 0 0 0 0 94 75 49 76 0 89 0 0 0 
56 6 58 11 9 0 97 16 23 0 0 89 0 46 90 87 24 0 41 62 0 96 42 0 0 0 0 83 39 19 82 20 57 30 0 93 0 0 0 57 
66 15 0 0 95 0 0 88 0 0 41 21 0 86 0 0 0 0 20 95 16 0 0 0 77 10 75 96 0 73 0 0 0 0 0 93 75 81 62 
32 0 80 18 0 3 98 13 0 66 0 0 0 91 0 0 0 64 0 44 61 0 0 44 30 71 0 0 0 39 62 0 86 37 0 90 0 0 
17 36 0 0 22 30 0 21 0 33 92 0 0 0 0 0 0 0 44 12 96 65 32 88 42 0 16 0 0 4 0 32 13 0 44 0 62 
0 14 0 37 79 60 45 0 39 0 48 0 39 0 22 0 43 0 95 6 0 0 0 45 2 5 97 86 55 0 0 0 0 17 92 0 
90 23 21 79 0 68 0 0 38 0 0 0 0 52 0 46 15 0 0 63 88 0 1 0 0 97 24 48 58 0 74 41 96 0 38 
0 0 0 46 88 67 0 0 0 0 14 55 0 97 77 12 0 29 0 44 22 0 64 25 93 0 53 0 0 20 7 0 26 0 
25 49 0 0 86 91 39 0 79 79 0 0 5 0 0 0 49 38 0 75 0 0 79 79 0 43 38 0 0 0 34 38 0 
6 15 0 34 0 0 26 0 0 31 36 0 47 0 0 57 0 66 0 52 32 17 38 0 0 78 0 91 18 0 0 92 
68 87 2 70 90 0 7 79 12 0 93 0 0 94 78 87 0 0 33 0 24 78 95 0 7 0 0 0 38 16 20 
51 0 0 53 0 0 26 59 0 0 74 0 0 64 0 0 0 0 0 3 0 100 44 0 84 0 0 32 98 5 
17 18 0 47 0 0 0 0 0 0 0 96 0 7 4 0 0 27 0 0 50 0 0 84 0 16 0 41 100 
72 70 0 0 48 14 61 72 59 61 0 0 69 21 0 0 0 8 0 0 74 94 96 48 31 0 0 0 
0 0 0 0 0 0 0 99 36 0 0 0 58 0 0 23 92 98 87 0 0 0 42 0 77 0 0 
0 0 96 37 96 0 0 39 0 0 0 86 0 61 0 0 0 73 0 94 0 0 71 0 0 0 
86 0 59 0 95 0 73 0 0 10 85 3 0 3 22 62 4 0 0 83 33 14 88 95 50 
0 0 0 0 0 31 91 87 0 0 0 50 0 18 0 66 91 49 75 69 48 0 85 88 
0 0 25 33 0 0 0 88 66 0 48 0 0 95 0 0 0 100 0 85 0 58 90 
0 0 0 97 28 59 0 0 40 65 97 0 82 0 35 0 0 38 0 18 0 31 
19 38 0 5 0 52 0 74 0 0 76 0 0 48 73 98 35 62 0 0 20 
89 0 91 0 48 89 9 14 0 0 0 0 0 88 0 95 42 0 47 0 
47 47 0 0 0 51 0 0 78 0 95 0 64 0 0 47 0 0 0 
94 21 0 0 0 75 82 33 0 0 67 0 0 0 34 53 50 38 
56 28 0 0 0 87 0 0 0 0 0 6 7 0 91 0 0 
0 12 0 78 13 90 64 71 0 0 0 20 0 86 37 0 
6 57 0 0 0 72 0 40 0 0 100 79 79 35 31 
80 52 0 7 24 98 0 0 0 0 0 14 37 16 
3 0 0 57 0 0 72 0 31 0 0 0 0 
91 0 0 0 4 19 20 27 0 88 0 22 
77 0 10 1 0 41 18 0 0 0 65 
0 0 0 0 71 12 0 0 0 98 
0 0 0 0 0 0 0 0 0 
0 0 0 0 50 49 65 0 
0 9 80 8 0 0 8 
0 0 0 85 0 18 
0 0 0 0 0 
0 0 0 37 
48 99 0 
0 71 
0 

#i: 18
99 58 16 80 0 0 0 0 0 71 0 61 75 0 0 26 0 56 0 0 0 54 0 0 9 70 13 0 28 16 0 65 32 15 9 0 0 57 0 29 
42 0 0 0 0 0 16 60 0 0 0 0 0 0 0 0 0 0 83 20 0 67 24 0 3 0 0 72 71 0 0 75 0 0 91 0 0 1 25 
41 2 1 51 0 83 68 8 85 12 0 0 87 53 50 0 12 65 52 78 0 27 80 78 0 13 0 37 48 79 13 51 24 0 0 0 0 0 
95 10 0 88 10 54 0 42 56 0 0 2 0 86 7 0 85 36 38 0 46 5 74 0 81 0 0 6 0 0 53 85 47 93 80 0 0 
0 0 28 55 14 9 100 23 0 82 80 69 0 96 16 0 73 3 0 48 61 83 24 98 84 0 0 0 75 0 0 0 0 35 71 0 
0 74 64 97 0 60 0 0 0 100 0 84 39 40 0 0 40 63 34 0 0 0 60 0 0 65 30 0 89 6 69 5 0 0 0 
95 0 99 74 89 89 0 7 77 0 0 0 6 0 18 0 0 0 76 69 0 0 0 49 10 0 97 64 0 47 70 42 26 0 
0 66 34 0 0 0 52 0 54 0 0 0 0 73 43 39 69 33 0 0 8 64 0 0 85 69 82 66 0 9 0 0 0 
0 41 0 0 92 0 0 0 0 20 48 69 0 93 0 22 29 55 25 0 34 80 34 0 0 1 94 0 0 87 0 33 
0 0 92 11 0 0 0 0 0 66 48 0 19 87 89 70 0 21 27 0 64 0 86 25 85 0 0 45 0 0 0 
61 0 11 0 53 1 0 7 0 0 0 96 78 0 25 44 0 33 81 0 0 63 23 0 0 11 0 60 36 71 
1 100 0 96 0 0 74 99 0 16 0 0 0 20 79 0 0 47 75 0 0 0 79 0 97 11 0 0 23 
0 0 13 0 60 0 20 10 0 76 23 13 0 90 0 65 0 90 67 0 0 0 39 0 0 97 0 44 
0 0 31 11 91 82 0 0 7 76 0 0 0 0 99 80 0 53 0 67 10 0 78 0 0 0 86 
34 0 43 82 29 0 0 100 99 0 0 0 0 0 57 0 43 79 53 0 0 0 0 0 0 0 
0 73 93 28 0 59 0 16 93 0 0 55 73 0 3 72 0 0 95 31 80 72 24 0 43 
0 0 29 40 79 0 0 25 71 25 27 0 82 0 0 72 0 84 0 83 0 0 0 0 
0 79 93 0 0 0 68 69 19 95 0 0 23 0 0 0 0 92 0 0 35 0 0 
0 54 70 0 12 0 0 77 0 0 55 0 92 32 76 6 0 0 0 66 34 0 
27 45 2 0 35 13 0 0 71 0 7 75 0 0 0 0 52 0 75 0 0 
20 0 4 0 0 0 0 44 44 0 0 84 33 0 0 70 0 0 0 77 
1 32 58 0 0 0 3 97 34 19 0 0 40 0 0 0 0 12 0 
0 12 0 28 70 0 0 10 0 23 0 47 26 71 0 22 6 48 
0 32 6 0 0 25 16 0 0 0 0 0 31 0 0 0 0 
28 7 0 0 11 4 0 69 90 100 0 21 0 22 0 0 
12 5 25 95 31 29 0 1 0 39 62 62 0 0 0 
0 4 0 0 79 41 0 0 91 0 0 0 96 0 
0 0 61 0 0 34 0 65 0 0 81 87 42 
38 0 79 77 0 84 11 80 67 89 0 100 
0 0 0 0 16 79 0 95 0 12 59 
0 35 54 0 86 0 38 72 15 0 
30 81 0 33 44 0 0 68 0 
81 64 0 75 0 0 96 72 
0 0 0 55 75 0 98 
0 0 77 37 0 68 
43 93 39 12 0 
70 0 72 24 
38 66 64 
44 0 
79 

#i: 19
0 96 0 0 57 0 100 61 0 60 0 0 0 19 0 67 88 1 95 44 0 72 0 13 0 16 95 41 0 0 53 0 0 13 0 66 3 0 0 
0 17 0 0 0 0 0 45 0 0 0 0 0 43 32 23 73 0 0 59 0 40 47 10 0 0 3 55 0 0 0 0 7 40 38 57 35 0 
18 28 44 0 0 48 0 0 5 0 100 3 0 0 0 0 0 54 0 0 0 23 100 18 73 4 0 14 64 97 0 0 0 0 0 90 92 
64 50 0 11 0 0 0 8 0 0 0 0 0 56 97 0 0 80 0 73 0 0 64 0 0 0 0 0 56 23 0 29 0 47 90 0 
0 0 0 0 75 0 0 0 0 0 0 0 53 69 94 0 0 99 13 0 18 0 0 99 97 0 18 0 47 57 0 0 0 30 0 
31 0 0 0 0 0 0 0 0 0 62 0 0 0 0 56 88 28 0 83 0 62 0 0 0 81 9 42 49 80 76 16 0 58 
55 74 13 61 86 21 0 0 98 0 0 0 65 63 0 0 0 44 0 0 0 49 0 33 29 77 0 0 80 76 0 96 52 
0 57 55 26 11 57 88 66 0 0 0 78 0 0 0 100 0 0 5 0 76 0 8 32 91 83 54 55 22 0 0 7 
5 23 0 0 82 41 68 0 0 22 94 0 0 10 33 61 95 0 0 27 0 73 0 4 0 0 86 0 0 0 0 
51 0 7 49 0 52 0 7 0 92 0 91 0 81 0 68 0 0 0 60 0 94 0 86 0 0 0 58 0 0 
0 0 0 0 83 0 59 0 0 0 0 43 73 0 99 0 0 44 1 0 67 0 5 83 0 0 22 35 0 
0 22 72 0 33 94 81 0 0 0 0 0 56 0 99 68 0 0 0 0 38 24 0 0 23 77 47 0 
29 0 0 0 0 0 0 0 0 0 78 0 0 46 0 19 0 0 0 0 52 39 92 8 44 14 0 
0 0 54 77 0 0 36 0 45 90 0 0 1 100 98 0 0 0 75 18 0 77 0 0 0 0 
0 0 51 0 0 0 0 46 12 53 59 39 28 0 0 34 19 35 0 33 91 8 0 0 0 
0 0 0 78 0 76 45 0 0 14 4 63 58 0 0 20 59 14 0 0 81 0 11 0 
0 0 0 0 0 73 95 0 0 0 0 0 76 47 96 0 55 0 57 0 89 0 26 
43 78 78 44 42 86 0 26 10 0 76 0 0 0 54 76 0 44 28 96 50 0 
0 0 10 0 66 20 85 39 14 0 64 20 0 0 19 14 0 0 0 0 0 
91 0 0 0 68 3 62 23 36 0 12 0 62 0 57 0 50 38 76 0 
64 5 0 71 0 96 8 52 72 0 6 76 48 0 27 66 61 0 63 
91 73 12 54 0 23 55 39 0 0 100 0 0 0 71 4 43 0 
97 84 76 0 0 68 52 0 0 45 0 0 77 0 0 93 0 
83 0 0 0 66 20 0 36 0 42 0 79 35 0 0 0 
0 0 89 0 56 0 15 0 78 0 0 0 0 73 20 
0 0 0 0 72 0 0 54 11 0 0 0 0 0 
0 0 0 0 53 0 83 13 90 0 68 48 0 
0 92 0 32 53 80 21 33 0 53 0 75 
52 0 67 0 0 0 0 0 0 0 35 
0 1 67 63 83 73 53 0 95 8 
0 0 29 0 41 0 0 0 0 
29 54 76 51 96 71 14 0 
41 84 0 0 28 54 98 
0 86 19 0 0 65 
0 0 0 73 0 
0 20 0 63 
0 30 0 
39 0 
95 

#i: 20
85 0 0 0 61 14 3 0 47 71 0 0 0 52 0 0 0 39 56 14 60 0 0 0 0 51 0 0 68 89 0 70 63 33 0 52 0 95 
0 0 0 24 95 0 23 3 24 0 63 60 41 0 0 60 57 49 0 2 0 0 0 0 54 25 0 0 100 92 53 0 0 0 0 0 20 
18 0 0 32 3 95 0 0 18 0 0 0 80 0 0 7 73 0 28 0 87 0 0 41 50 61 0 0 86 0 0 0 25 0 1 0 
0 99 0 6 0 0 93 76 0 86 0 46 3 0 82 34 0 8 71 54 47 12 0 24 0 0 0 0 46 54 0 63 73 0 68 
62 96 37 0 0 59 0 16 86 0 87 36 0 0 86 0 0 44 0 0 1 0 0 33 0 28 0 95 97 23 100 27 51 98 
0 0 0 0 0 28 0 0 0 19 0 0 39 37 14 34 95 0 0 0 0 0 0 17 0 36 0 58 0 0 58 76 0 
0 16 70 0 19 0 31 0 0 10 66 36 0 62 15 0 0 0 13 0 0 0 88 19 0 57 94 0 0 79 83 0 
60 0 27 9 0 0 40 0 0 0 67 0 58 88 88 27 94 6 80 0 56 18 66 7 0 87 71 0 48 12 0 
48 26 0 0 0 82 0 90 0 18 22 0 0 14 89 0 0 0 65 44 17 0 0 0 0 96 0 61 36 57 
0 0 17 82 0 70 0 0 0 0 0 26 0 0 59 0 50 95 0 0 56 40 97 4 0 0 0 0 49 
0 0 54 0 0 0 0 20 39 0 0 43 0 0 79 82 45 87 0 43 18 0 0 0 0 34 37 85 
4 0 6 0 0 69 0 0 28 0 10 43 0 0 91 18 48 0 87 0 2 78 0 0 0 73 77 
10 18 2 0 3 86 0 49 72 0 31 0 0 2 0 33 0 0 94 60 0 0 0 0 33 0 
99 68 4 55 16 0 56 0 0 89 89 21 0 0 0 30 0 0 0 0 71 0 0 0 15 
0 21 45 80 33 68 22 0 20 0 58 61 64 55 0 0 36 34 0 0 0 28 88 73 
0 0 0 0 0 47 15 81 78 52 0 0 0 24 0 0 23 0 83 0 0 0 0 
98 7 8 58 0 0 0 76 0 28 0 0 0 0 0 0 14 0 0 0 0 30 
25 67 60 0 93 0 92 71 0 86 61 0 0 92 60 98 0 0 26 0 0 
85 39 0 61 0 0 61 0 84 0 29 0 10 0 0 25 0 67 28 47 
0 76 90 0 53 0 59 84 36 0 0 34 49 0 0 0 65 0 0 
0 0 95 0 0 0 74 0 83 11 0 0 0 45 40 0 0 75 
55 5 0 2 10 99 36 0 45 31 0 64 0 26 97 86 70 
0 15 53 38 0 3 0 0 36 11 76 0 15 0 70 0 
0 31 0 0 86 0 90 45 60 13 0 0 52 100 47 
0 96 68 6 0 26 83 21 0 0 0 0 34 78 
0 38 41 0 87 0 0 74 0 0 0 0 0 
0 0 0 0 0 0 16 0 0 0 0 0 
4 25 97 0 84 0 29 0 16 74 0 
21 0 0 0 0 0 35 3 95 6 
59 73 21 83 25 0 0 0 38 
0 0 0 16 10 0 0 71 
89 71 0 53 0 18 95 
0 0 41 44 0 9 
69 0 0 7 51 
0 92 0 0 
0 11 0 
0 0 
0 

#i: 21
99 12 84 0 0 17 10 0 0 0 0 62 0 80 48 54 98 0 0 59 96 16 0 98 0 23 10 21 0 11 0 0 81 31 39 0 4 
0 0 45 95 41 0 0 0 20 0 29 0 0 0 43 0 51 41 0 97 69 78 0 0 0 27 10 0 0 0 64 0 0 32 0 0 
0 0 0 29 96 22 0 13 98 0 6 0 17 0 53 38 14 0 0 0 0 0 0 0 65 0 0 0 0 0 66 0 51 58 0 
0 0 0 89 1 51 1 0 60 0 50 14 15 58 0 0 19 8 18 28 51 49 82 0 0 0 0 0 54 0 0 78 55 0 
31 0 0 0 0 0 76 0 39 36 0 23 0 0 0 77 45 87 0 6 0 82 48 100 0 0 32 0 51 0 83 4 22 
0 75 0 0 99 0 22 0 0 0 0 81 34 0 0 97 73 0 0 96 0 0 61 32 0 58 55 0 4 30 0 10 
0 0 0 19 37 69 73 0 0 0 58 0 21 49 0 55 48 33 0 0 0 0 29 0 0 27 97 0 0 68 10 
78 0 94 21 0 8 59 17 11 0 41 0 0 71 48 0 58 74 10 34 10 10 14 0 28 33 0 0 62 66 
0 0 0 41 0 15 0 53 0 0 92 32 1 86 0 61 0 0 0 0 0 0 22 7 86 32 65 0 11 
77 0 55 77 86 0 4 75 51 28 27 40 0 0 70 99 43 96 22 99 0 2 16 6 0 3 0 0 
22 55 0 66 0 0 0 100 0 16 68 0 0 52 30 36 0 0 3 0 4 2 0 0 43 48 47 
18 0 0 0 83 7 2 0 74 46 4 30 48 34 5 38 73 79 0 39 31 0 97 0 0 0 
78 0 0 0 0 29 48 0 0 0 45 32 0 83 6 10 0 99 0 0 0 0 0 58 0 
0 13 0 0 0 0 77 66 67 0 0 72 58 70 0 100 90 0 86 0 0 50 0 38 
84 51 58 65 0 92 24 37 0 0 0 24 42 76 0 67 0 0 0 0 92 36 77 
55 75 0 100 53 0 50 87 41 4 0 0 16 0 92 0 0 0 0 50 80 0 
48 13 95 89 61 92 96 0 0 0 9 63 40 34 95 65 0 37 0 0 29 
68 0 100 0 34 10 0 0 0 0 0 0 41 25 0 0 11 80 42 28 
64 0 0 80 0 94 86 55 0 0 0 0 0 99 0 0 99 0 28 
0 0 0 62 84 26 0 0 0 0 85 31 93 53 0 0 58 42 
0 0 71 35 0 61 0 0 28 0 32 0 0 0 10 0 30 
0 12 50 22 97 0 13 61 69 0 62 20 0 27 0 0 
0 0 0 0 0 33 64 56 50 0 62 75 0 0 0 
50 0 39 21 42 55 0 0 0 24 12 0 0 24 
26 0 0 78 0 0 7 0 83 58 61 0 83 
45 31 93 93 37 92 40 0 0 0 0 0 
0 0 0 0 0 0 85 0 0 11 0 
78 0 0 0 71 33 0 0 0 3 
0 0 0 49 0 0 0 0 0 
37 0 90 48 37 97 92 0 
43 0 2 63 0 18 0 
0 0 46 18 67 0 
58 0 0 40 0 
95 69 1 0 
22 87 0 
0 0 
0 

#i: 22
0 91 0 81 0 0 21 0 62 0 12 0 0 0 67 56 0 0 82 0 63 3 0 69 63 19 66 0 74 0 0 88 0 0 0 0 
92 0 0 46 92 40 2 0 89 0 14 0 0 0 0 0 10 89 25 0 0 43 43 0 0 90 0 0 71 44 0 0 0 0 0 
0 0 90 24 55 0 0 60 0 0 35 20 67 77 0 38 10 0 4 100 2 0 0 78 0 92 33 13 0 89 12 45 0 13 
0 0 72 90 13 0 0 0 0 25 37 0 0 0 60 0 76 0 0 100 0 0 28 0 0 0 35 0 22 92 88 12 0 
99 15 92 0 0 27 58 0 0 88 0 0 0 0 0 0 0 0 100 0 18 59 0 83 0 0 0 14 0 0 0 0 
34 31 0 0 5 88 0 0 92 10 0 0 39 62 5 0 0 60 0 0 24 5 0 71 9 0 4 24 24 0 0 
0 0 4 31 0 9 41 0 0 0 0 0 66 0 31 49 9 0 0 59 85 28 30 62 0 8 90 0 0 0 
0 0 41 31 0 87 0 0 69 72 0 0 0 41 0 9 0 44 0 97 0 0 0 0 4 0 0 36 0 
34 12 0 0 66 0 1 3 0 0 0 0 48 11 0 78 0 3 0 88 0 0 54 0 65 0 82 0 
0 0 0 0 99 66 0 0 0 65 0 55 0 0 100 14 91 0 56 0 20 0 8 0 0 0 0 
31 0 0 0 0 0 13 0 77 0 55 32 0 88 0 0 0 0 0 0 99 64 49 0 0 46 
0 0 0 56 24 65 0 0 32 74 0 0 49 0 0 0 28 0 0 0 62 34 63 0 0 
76 0 62 0 0 44 0 19 0 54 43 0 0 31 70 3 78 0 79 0 88 0 0 76 
0 65 0 0 86 0 100 57 32 0 0 66 24 87 64 0 40 0 13 3 0 0 0 
0 99 26 0 0 34 0 82 79 47 0 0 0 0 0 36 0 4 23 0 0 12 
17 94 35 60 0 95 0 0 5 0 0 0 0 0 45 29 0 0 56 57 0 
0 64 46 50 0 0 0 0 67 0 0 0 56 20 0 0 0 0 60 0 
92 0 0 0 0 0 0 40 3 0 47 0 65 0 44 53 24 0 39 
0 54 4 0 31 19 0 0 0 22 98 22 0 0 0 48 41 0 
16 45 22 60 0 4 56 0 0 2 48 88 53 0 93 83 0 
46 31 45 0 20 43 92 11 0 85 0 72 0 26 2 0 
33 0 0 33 2 77 19 61 80 0 0 23 0 0 10 
0 86 90 0 83 100 0 0 0 0 0 73 0 89 
0 0 0 89 78 94 0 77 44 0 92 0 70 
0 28 0 13 30 90 89 0 98 0 49 0 
0 5 15 55 0 52 67 0 22 91 0 
54 0 0 36 32 55 70 67 0 0 
95 37 0 0 63 0 0 0 0 
0 0 38 46 0 0 0 32 
59 23 0 18 93 0 0 
0 25 0 97 73 96 
0 8 41 93 0 
40 11 7 89 
0 0 43 
0 0 
73 

#i: 23
0 78 4 0 42 0 0 81 16 94 0 86 0 19 13 38 55 0 0 0 0 28 0 93 0 28 0 0 23 0 0 33 0 20 0 
0 68 0 0 51 79 0 0 0 29 0 72 0 74 100 15 40 0 0 0 37 54 72 0 62 0 0 0 81 0 0 0 23 0 
0 38 44 74 55 0 0 0 12 0 66 0 0 24 0 0 79 0 69 0 0 0 79 95 20 5 95 76 0 5 0 2 85 
3 86 0 0 0 82 0 0 76 0 32 49 0 39 37 44 0 0 0 0 0 0 50 0 22 0 0 99 0 0 0 0 
66 48 0 0 73 0 43 76 20 13 0 53 0 67 0 19 0 61 92 0 87 83 0 0 28 0 0 0 78 51 97 
49 7 0 0 0 0 100 0 0 39 0 0 0 82 39 0 0 52 15 0 73 20 9 15 26 7 0 0 0 0 
0 0 98 0 0 52 0 73 53 0 0 0 31 6 0 45 0 24 0 0 0 26 0 0 21 15 19 72 98 
20 63 72 3 27 0 0 0 39 0 0 0 0 0 0 74 0 0 81 0 0 0 0 61 42 0 0 4 
50 0 0 87 20 97 100 72 80 19 0 81 28 0 40 100 100 0 0 50 82 0 67 20 97 71 0 
0 24 0 0 46 18 19 0 0 35 47 87 0 71 25 0 28 0 0 0 0 28 80 98 0 0 
0 28 17 20 0 0 0 82 0 0 0 52 50 66 0 0 33 0 0 0 83 0 68 0 0 
63 0 46 0 0 72 0 64 75 0 0 0 31 0 40 0 57 0 89 0 67 57 43 91 
0 0 0 89 33 0 0 0 79 0 55 73 0 4 0 0 0 0 0 0 97 0 0 
0 56 44 0 0 0 0 71 0 0 20 87 71 0 0 0 92 0 0 0 0 47 
5 0 0 0 31 93 70 0 0 42 57 62 0 15 80 0 0 85 22 6 94 
51 8 0 56 16 31 63 8 0 22 89 34 78 0 0 55 32 32 0 37 
99 0 0 26 81 0 0 95 0 0 0 22 0 44 0 30 0 0 0 
19 0 0 0 13 54 16 0 78 0 0 69 0 48 99 0 8 91 
49 14 26 45 0 0 23 66 8 49 0 96 0 25 23 94 0 
0 0 0 60 0 81 0 0 82 75 0 0 0 53 67 0 
39 58 0 0 56 0 96 58 5 0 17 0 0 0 5 
72 14 0 0 67 0 3 78 55 60 0 0 0 0 
0 0 51 0 100 74 59 63 9 83 0 0 44 
90 96 0 75 0 53 0 57 0 0 27 13 
0 0 0 9 0 39 0 0 0 0 0 
53 24 0 0 62 0 11 0 0 80 
35 0 0 0 28 0 84 0 0 
10 4 0 81 0 0 0 53 
0 0 0 0 0 0 0 
51 0 0 0 54 73 
0 0 0 8 0 
0 0 0 39 
0 83 44 
60 0 
22 

#i: 24
0 0 97 55 0 42 0 0 0 38 0 0 0 23 0 7 98 0 0 64 0 73 0 73 34 0 0 66 40 0 0 0 0 0 
0 53 0 24 35 10 78 0 0 0 0 4 89 45 98 19 0 71 0 0 46 16 0 0 21 37 0 0 84 0 72 0 0 
0 0 0 0 0 0 0 0 21 80 0 0 0 38 53 45 0 96 0 57 0 18 0 85 76 11 0 71 0 0 30 0 
0 17 0 77 0 1 0 0 0 18 0 7 47 71 97 0 0 0 34 48 54 39 0 4 42 0 4 0 0 80 71 
0 70 64 52 59 94 68 15 70 43 0 98 100 86 34 0 0 0 0 0 0 75 0 92 0 0 6 0 38 0 
0 0 0 0 76 0 0 10 0 0 39 0 4 97 0 52 0 61 72 20 61 0 0 29 27 99 0 47 0 
90 5 0 74 21 0 0 0 0 76 0 0 55 0 45 0 90 0 0 0 0 15 99 0 0 0 20 58 
0 0 0 0 0 0 0 69 72 69 52 77 80 0 12 84 0 50 33 91 0 67 66 0 0 0 99 
1 92 13 0 0 100 3 13 0 56 49 81 0 0 75 0 0 0 0 8 68 75 50 87 50 0 
0 85 0 0 0 0 83 0 0 0 0 58 4 0 0 27 98 0 80 12 0 0 31 17 52 
84 0 38 46 60 0 0 0 62 0 0 87 0 0 15 87 0 0 45 26 0 27 11 0 
90 0 0 36 9 13 0 57 38 0 88 0 66 9 51 18 73 0 0 0 86 0 92 
30 0 0 0 41 0 62 0 11 93 0 0 8 0 0 45 0 0 0 0 0 52 
0 86 0 32 100 25 0 0 0 0 31 0 0 12 89 0 5 0 0 96 99 
0 78 0 0 0 0 0 51 64 0 22 0 13 0 0 0 0 19 90 0 
0 83 13 80 41 49 0 80 0 0 0 10 10 53 0 5 28 0 0 
0 71 0 0 7 68 0 0 21 0 69 76 0 80 0 0 0 7 
0 20 0 62 61 0 0 0 7 89 37 84 22 81 0 12 0 
66 0 0 64 0 0 0 24 14 42 35 72 66 26 79 0 
39 19 13 0 0 85 24 26 0 28 35 49 0 0 0 
0 41 0 0 91 21 0 0 3 0 55 48 0 11 
35 32 64 98 0 0 32 50 0 0 0 98 63 
100 10 0 0 0 92 0 0 63 0 0 0 
62 67 0 39 0 31 77 0 39 0 0 
0 0 80 39 0 94 48 86 0 0 
47 46 5 64 0 20 0 0 0 
23 53 57 0 53 78 0 0 
0 34 0 0 79 70 0 
0 39 90 73 1 0 
38 68 89 86 53 
0 41 34 75 
81 0 0 
0 0 
80 

#i: 25
84 0 0 43 0 0 84 0 37 88 94 0 31 0 75 0 0 56 74 21 0 85 10 0 44 0 61 50 71 69 0 85 96 
46 0 0 0 99 0 0 11 49 36 0 0 58 0 53 84 1 0 12 11 98 37 28 0 45 80 23 0 11 0 0 0 
0 0 0 0 69 0 0 0 0 0 44 0 0 0 86 0 29 64 21 68 6 70 53 0 0 0 0 23 0 0 87 
70 0 67 0 25 0 33 38 0 0 42 0 6 47 12 0 0 56 45 0 0 83 0 0 52 0 89 46 0 0 
0 0 2 0 0 0 0 99 81 66 0 0 56 0 0 0 0 36 38 71 0 93 86 0 0 78 87 65 61 
0 0 65 14 0 0 0 72 60 0 0 0 59 0 0 67 69 7 42 20 17 0 99 0 75 0 0 35 
69 0 42 0 0 15 0 0 31 0 0 12 12 52 99 0 0 90 4 24 25 38 0 36 0 0 0 
0 0 0 16 10 62 0 0 0 0 29 0 0 0 0 0 38 0 0 0 0 9 0 0 13 6 
25 97 0 42 0 85 71 0 0 69 74 0 0 0 0 38 0 85 0 14 0 0 38 0 0 
30 0 0 2 73 89 0 0 0 57 68 0 38 0 34 0 0 11 0 17 100 44 0 0 
47 0 39 47 0 0 16 88 0 0 40 77 37 0 0 81 0 95 0 0 0 16 0 
9 89 0 0 0 1 61 88 49 14 25 0 63 18 0 0 98 6 0 49 0 21 
0 0 0 91 0 0 56 49 82 0 0 0 0 0 0 74 3 92 77 32 0 
0 88 0 0 40 19 0 0 40 65 92 70 0 60 0 14 14 15 0 0 
44 42 0 15 55 0 12 53 52 81 53 0 12 23 0 98 0 0 56 
0 90 38 14 0 0 76 0 0 0 2 0 65 29 71 0 13 0 
0 0 31 0 0 69 0 47 0 51 74 19 61 30 0 63 29 
8 0 0 44 24 57 0 12 0 0 0 0 89 86 73 3 
49 19 0 0 49 42 0 51 50 0 0 27 0 0 29 
0 89 10 0 88 0 0 0 0 0 78 82 48 0 
60 0 0 0 66 43 0 0 0 76 19 76 54 
0 0 0 99 41 57 9 86 97 75 50 79 
0 0 0 39 5 0 11 94 0 0 12 
0 90 0 0 99 0 87 0 57 11 
91 91 52 45 0 17 0 0 88 
0 0 78 73 0 0 0 0 
61 40 0 0 0 7 82 
0 18 1 82 47 79 
11 83 42 0 0 
72 0 47 0 
0 53 0 
0 0 
53 

#i: 26
9 52 0 62 73 0 72 0 0 0 0 0 0 71 0 23 26 0 0 0 58 81 0 0 0 0 21 0 0 95 0 0 
0 76 0 90 0 0 83 57 0 0 13 55 0 0 0 0 36 0 22 98 0 80 0 0 27 5 46 0 0 82 90 
43 0 0 84 49 0 42 7 44 50 48 0 94 0 0 37 95 0 30 68 33 93 0 0 0 51 6 0 0 62 
0 75 0 98 0 0 96 0 0 6 0 0 44 0 36 0 46 0 0 0 10 67 0 0 0 48 81 82 0 
0 35 0 36 0 0 0 75 3 6 31 0 52 83 0 0 10 20 74 0 53 23 0 0 0 0 50 50 
0 36 51 32 9 0 77 0 27 0 19 46 0 0 0 53 0 91 75 41 60 0 35 23 0 46 0 
84 79 0 0 0 0 54 0 0 67 84 87 0 0 63 0 0 0 0 0 0 18 0 0 0 0 
94 0 0 38 51 53 0 0 10 10 73 42 22 0 90 0 15 5 0 20 1 0 0 0 0 
0 73 0 86 80 0 0 93 0 69 70 94 88 0 0 15 0 0 0 0 45 0 0 0 
49 0 0 0 86 100 0 82 0 0 79 0 60 0 2 0 55 49 97 100 47 7 0 
0 85 67 0 0 0 0 95 0 19 0 0 32 25 61 0 0 30 59 53 75 0 
32 0 0 0 0 0 32 0 72 46 0 0 0 95 17 0 0 84 0 0 52 
0 0 92 0 32 0 0 55 0 0 51 0 0 0 0 0 0 0 100 24 
0 80 71 0 27 52 19 0 22 0 59 0 37 77 0 4 55 12 52 
0 58 0 65 0 0 0 0 54 0 0 13 0 44 40 74 0 0 
0 0 26 0 33 0 18 84 38 23 0 67 33 0 50 85 19 
96 0 0 0 17 13 87 0 94 41 31 0 0 38 0 52 
55 0 0 0 0 5 32 0 0 0 0 4 93 10 76 
39 52 0 58 65 33 0 0 0 0 88 14 49 22 
100 96 24 54 0 34 0 0 18 71 0 53 0 
0 0 0 73 20 0 81 0 0 0 20 9 
51 37 0 80 21 0 0 70 0 0 0 
84 34 0 0 0 42 99 78 0 0 
0 0 69 64 23 78 67 37 0 
60 27 78 0 29 0 64 0 
14 0 69 0 0 0 0 
0 96 0 0 0 0 
44 36 0 0 26 
0 9 0 0 
0 0 0 
32 0 
0 

#i: 27
26 52 21 5 0 71 91 0 0 57 0 0 0 0 27 95 88 0 0 0 0 13 30 0 0 0 56 32 34 40 0 
90 0 87 0 74 0 7 0 78 0 0 91 69 0 95 36 0 85 99 29 34 44 0 48 53 38 0 91 6 0 
0 90 56 65 63 0 0 90 52 45 0 36 0 0 64 0 0 11 0 18 0 0 47 0 0 36 59 74 3 
0 0 0 52 0 1 29 82 0 0 0 30 79 0 53 0 0 0 85 16 42 89 0 17 0 0 0 0 
34 0 94 0 0 63 77 0 0 84 1 8 0 0 28 79 48 98 0 13 2 65 0 88 0 74 0 
0 40 39 25 90 0 0 42 55 42 0 20 0 0 3 0 0 34 18 0 23 18 98 0 10 74 
12 0 0 0 0 76 61 74 0 58 86 0 23 96 0 38 0 6 0 0 4 33 94 0 0 
84 34 0 47 0 23 0 0 3 27 0 0 86 0 38 42 21 0 0 0 54 0 0 0 
45 0 0 0 0 56 24 67 63 0 0 29 0 37 0 0 0 54 0 0 6 8 11 
62 48 0 0 0 0 27 0 0 0 0 0 0 0 57 0 35 20 0 0 0 28 
41 75 74 15 0 83 0 0 90 0 0 0 54 0 0 0 44 0 0 0 45 
31 95 0 0 73 57 39 0 0 0 27 32 0 53 38 57 0 0 0 70 
64 66 0 0 0 1 38 0 0 15 99 8 0 0 0 18 96 0 87 
15 12 0 0 65 0 0 29 38 71 0 93 53 3 0 10 93 32 
57 0 78 0 53 0 36 0 0 43 16 0 94 13 39 0 26 
42 38 0 0 0 77 0 71 24 0 20 0 0 6 0 32 
88 0 0 35 0 28 2 0 0 96 0 47 62 0 0 
53 56 25 22 82 0 0 0 39 45 92 2 7 0 
59 0 27 0 53 0 0 6 0 55 0 75 0 
32 0 85 47 19 0 71 0 14 0 0 100 
59 12 65 81 64 35 0 0 0 80 0 
95 83 16 0 88 0 25 21 23 13 
11 0 14 0 0 0 0 0 0 
0 87 0 0 0 0 38 0 
0 99 61 0 0 21 33 
0 0 0 65 63 11 
0 0 61 29 0 
7 0 0 93 
0 41 80 
0 0 
49 

#i: 28
8 0 0 41 0 0 0 0 0 16 98 0 26 0 16 76 50 51 0 0 0 74 97 6 50 40 0 10 41 72 
60 0 96 0 0 0 14 13 49 16 30 0 15 0 0 0 57 0 87 78 0 14 89 12 0 77 45 63 0 
0 65 77 0 0 0 0 57 0 35 0 87 0 0 0 50 63 0 46 0 0 100 67 73 0 0 63 84 
0 34 73 0 2 77 0 4 0 6 26 0 86 15 3 51 57 77 69 65 32 0 0 0 6 44 52 
0 0 16 5 13 55 0 0 0 0 0 0 0 68 0 0 63 0 75 35 0 70 20 28 0 0 
0 47 23 89 0 69 18 0 56 10 3 0 0 0 0 5 64 0 0 59 7 43 0 7 0 
0 0 3 28 54 33 0 70 17 0 84 0 1 0 52 0 94 0 0 84 0 44 65 0 
82 0 67 27 0 31 62 0 23 0 44 0 0 68 45 0 10 53 58 58 7 65 0 
49 77 3 23 16 31 92 0 0 34 55 0 0 0 2 0 47 0 0 26 84 0 
95 0 71 0 0 58 0 0 54 78 0 0 73 74 0 0 17 32 0 0 21 
0 83 5 0 0 33 18 0 0 4 0 85 0 0 0 0 0 74 8 0 
0 0 79 23 30 0 29 43 0 18 83 77 0 62 79 9 0 100 93 
0 7 96 5 0 49 37 0 84 0 10 42 11 0 14 77 99 75 
0 80 47 0 100 80 0 42 23 0 0 3 73 14 52 0 40 
95 5 0 39 14 0 42 0 5 0 0 40 98 73 45 0 
0 0 0 88 0 0 0 0 93 13 46 0 69 0 0 
0 0 0 3 0 0 46 0 94 69 91 0 0 0 
21 0 0 0 78 0 85 0 67 0 81 62 74 
0 0 47 0 0 24 0 13 0 27 0 0 
0 45 99 0 0 4 0 0 0 52 31 
0 0 59 0 17 0 0 43 0 0 
0 62 85 45 0 11 0 76 33 
62 0 27 0 26 97 50 0 
28 0 71 51 0 0 61 
0 0 27 55 0 46 
0 0 72 64 4 
80 0 86 21 
0 83 70 
0 61 
0 

#i: 29
97 0 0 0 0 0 0 56 85 44 55 0 0 0 0 60 74 96 0 0 0 86 0 57 2 24 92 0 90 
24 13 19 58 0 69 0 77 66 0 49 89 0 25 0 0 0 63 6 83 18 0 66 0 0 0 0 0 
76 0 51 62 0 34 17 0 74 8 0 79 90 41 80 25 0 0 93 91 0 0 88 71 0 0 93 
0 0 0 2 98 14 69 0 0 52 0 29 0 77 0 0 1 0 0 75 84 0 0 2 90 22 
0 0 0 0 0 0 97 0 73 0 0 55 0 90 0 8 94 26 55 13 66 0 37 76 0 
13 0 0 0 54 63 77 9 80 5 41 0 0 0 78 75 6 7 82 33 100 64 0 55 
94 0 0 7 76 78 0 92 80 56 21 0 99 0 0 0 52 0 58 86 0 0 58 
0 2 92 94 48 0 17 87 39 85 0 0 22 0 3 52 8 17 0 7 59 47 
25 0 0 0 0 0 12 0 0 0 0 0 19 0 85 85 0 0 44 2 0 
16 0 80 0 0 0 0 0 0 76 70 0 80 0 94 0 37 0 0 0 
0 55 24 28 0 75 72 18 36 30 68 38 0 0 0 0 76 0 0 
33 0 97 0 0 7 0 0 57 48 0 60 0 0 85 13 0 87 
0 0 43 0 0 0 78 15 25 22 83 85 16 56 0 34 53 
57 0 0 0 0 0 97 0 45 0 76 68 0 31 11 0 
0 61 45 0 0 56 0 0 0 8 0 0 79 0 0 
0 0 77 80 0 63 0 0 0 0 0 26 0 22 
85 20 0 99 0 0 15 33 0 63 0 65 52 
0 0 0 73 0 0 0 3 0 8 49 0 
0 0 96 12 0 0 88 0 0 17 24 
41 0 0 53 0 0 83 0 54 0 
0 86 11 0 4 79 0 0 0 
0 0 48 62 0 29 0 0 
0 0 0 12 0 80 0 
76 52 0 0 0 22 
0 13 0 58 22 
0 5 0 9 
0 58 0 
0 27 
0 

#i: 30
95 0 0 68 0 0 0 71 0 42 59 4 0 22 0 0 11 0 20 28 21 0 0 56 12 43 89 0 
0 29 0 0 0 54 55 4 0 0 0 0 5 52 0 0 0 0 0 35 89 22 0 0 0 0 0 
0 0 95 36 61 47 42 88 42 37 0 99 0 0 27 0 0 21 0 0 76 0 23 57 3 52 
41 8 0 3 10 33 35 0 40 0 0 5 0 63 14 24 73 0 0 0 0 0 38 29 0 
0 64 24 0 0 31 5 0 85 0 72 0 41 0 0 37 0 0 69 0 0 0 0 46 
23 0 52 0 91 0 74 18 73 0 60 0 96 38 26 0 50 15 0 81 81 9 57 
0 74 0 86 0 70 0 0 58 0 0 91 0 0 6 66 0 46 22 22 0 0 
20 0 0 0 93 45 0 4 75 13 49 0 79 81 0 0 51 0 0 6 91 
0 81 0 0 0 0 93 0 28 80 66 0 4 51 49 0 46 0 14 65 
33 47 54 0 33 65 0 0 38 0 13 0 0 76 95 11 36 27 50 
0 0 71 0 14 0 0 0 0 83 0 0 70 91 31 27 22 42 
0 94 0 0 6 10 0 0 0 0 95 0 84 35 66 74 65 
0 0 18 0 0 0 0 1 56 0 0 81 0 0 29 65 
0 0 15 39 0 57 0 49 0 10 66 0 71 0 0 
0 0 9 56 1 76 67 0 28 0 97 31 0 99 
40 67 0 6 0 0 0 0 76 0 73 83 0 
55 0 0 64 0 65 0 0 49 0 80 44 
61 0 22 90 0 0 0 31 35 0 89 
23 77 0 51 25 0 61 55 12 0 
28 12 90 0 86 0 0 87 0 
0 65 76 0 36 28 0 99 
29 100 0 97 49 0 93 
0 0 0 100 0 0 
65 43 0 0 0 
0 37 0 15 
0 40 18 
33 48 
71 

#i: 31
0 5 0 73 61 42 88 0 48 0 97 0 67 94 22 0 77 88 10 0 0 2 86 42 0 86 0 
0 0 69 41 21 35 8 0 0 0 6 0 0 0 0 0 95 92 0 38 14 19 26 0 0 0 
93 13 0 0 0 0 0 79 88 0 0 0 5 0 0 75 0 0 21 0 43 86 0 76 95 
0 0 0 9 0 56 96 0 17 0 78 67 0 0 95 38 17 0 94 0 0 19 0 0 
0 50 0 0 13 38 65 0 0 0 64 0 32 0 4 0 0 39 0 0 65 38 10 
24 0 34 0 0 0 0 62 0 76 32 0 35 0 85 25 0 31 4 78 0 10 
93 0 0 0 0 39 0 0 25 0 0 31 0 38 0 0 0 0 0 0 0 
0 5 0 73 60 0 0 13 33 0 0 0 7 69 0 97 62 0 0 0 
77 97 14 0 6 0 0 0 0 88 92 32 80 0 0 0 60 51 48 
0 48 0 0 54 94 85 90 0 0 45 74 0 0 43 53 100 39 
0 0 0 0 73 0 79 0 35 25 0 47 0 0 8 99 9 
3 82 0 31 0 0 31 75 0 33 45 0 51 0 0 24 
87 0 0 39 0 69 36 90 0 98 3 0 0 14 5 
47 55 37 80 0 0 0 0 0 0 0 30 0 92 
33 0 0 0 2 9 30 69 70 0 0 0 0 
67 0 20 0 0 0 0 0 9 0 0 42 
80 0 0 0 80 63 0 0 36 0 0 
0 0 76 0 10 85 16 0 0 0 
0 19 0 53 63 0 13 96 30 
90 0 0 16 79 64 0 0 
100 0 42 12 0 19 0 
0 69 0 75 0 8 
0 89 0 4 0 
0 0 0 0 
0 0 0 
40 100 
61 

#i: 32
0 77 44 15 0 0 0 0 0 85 95 43 0 0 30 45 0 0 30 0 74 0 0 95 0 79 
0 4 3 24 97 35 0 0 42 0 0 0 0 64 99 42 0 71 0 0 33 82 0 7 0 
60 0 0 0 0 0 7 50 0 64 0 0 5 0 0 10 13 0 29 0 89 0 45 37 
0 61 0 100 0 0 94 22 43 5 67 0 0 0 0 0 0 100 0 43 0 39 0 
0 0 68 93 8 0 0 0 0 0 0 0 86 0 0 0 95 14 13 23 0 68 
98 0 59 77 76 0 0 36 51 0 0 0 5 0 0 0 0 53 0 0 0 
8 0 0 63 0 0 0 0 0 0 0 0 91 0 0 75 0 54 0 0 
87 0 0 85 0 67 58 0 8 57 85 24 0 36 79 9 0 0 76 
84 14 13 62 0 0 29 0 60 18 0 50 71 0 95 0 87 0 
0 0 0 0 0 46 0 38 93 88 0 86 0 15 0 0 2 
73 77 0 25 0 0 0 0 0 0 0 0 0 74 51 0 
0 23 12 0 0 0 0 87 0 0 82 4 89 0 0 
0 0 47 0 0 0 0 0 0 88 0 0 96 30 
0 34 98 0 0 0 100 0 0 0 64 0 94 
0 0 66 62 100 26 25 0 0 74 0 52 
0 81 0 0 63 23 0 82 55 82 30 
0 89 0 0 0 77 23 0 0 71 
9 0 0 0 0 0 74 56 0 
91 59 77 80 70 0 62 46 
85 0 13 0 85 48 0 
0 57 77 0 75 46 
23 0 23 16 59 
0 20 0 0 
0 84 0 
91 0 
0 

#i: 33
11 65 24 72 58 19 0 64 0 33 0 22 0 0 90 66 79 0 49 0 52 71 0 0 0 
0 0 56 0 26 94 94 29 0 0 0 0 0 39 14 0 0 57 30 65 0 0 35 89 
79 0 0 67 58 84 27 87 0 64 58 48 0 0 17 0 0 0 51 0 83 49 51 
0 64 0 0 48 0 0 0 0 0 85 54 0 4 0 57 77 46 81 1 0 0 
0 83 86 0 91 34 0 43 0 82 9 0 0 66 0 0 73 0 0 0 97 
0 0 0 52 16 0 40 70 19 0 0 44 0 0 0 0 0 91 0 94 
30 0 72 0 97 0 5 45 5 50 57 0 0 0 81 0 0 0 93 
0 17 0 0 0 0 0 30 0 0 22 0 0 0 0 0 0 0 
0 1 0 18 6 53 74 0 0 17 0 0 17 32 52 0 79 
99 19 0 31 91 0 86 0 59 0 0 0 16 0 55 79 
0 77 99 53 38 29 17 0 0 63 0 14 70 0 0 
60 37 13 36 0 0 0 83 0 0 0 0 0 62 
0 0 0 0 0 0 89 18 70 68 27 40 42 
0 0 9 67 15 40 0 0 16 0 96 49 
47 28 0 0 0 0 0 98 10 20 0 
0 33 0 90 0 73 0 33 76 0 
0 24 50 71 20 0 0 0 0 
0 41 48 0 75 53 29 11 
0 31 43 42 59 0 0 
0 84 40 0 36 0 
0 14 83 0 0 
0 0 0 0 
69 44 83 
33 0 
53 

#i: 34
67 85 0 0 0 63 6 0 0 61 0 30 31 67 0 79 0 0 1 0 0 0 0 0 
0 0 1 96 0 0 0 0 0 34 10 0 0 75 74 56 0 0 0 43 49 0 69 
46 55 0 0 0 0 99 45 27 0 0 54 28 54 0 0 74 6 88 68 47 0 
77 5 77 97 0 0 73 0 64 83 0 0 0 5 0 0 0 74 61 53 0 
11 0 0 0 0 85 0 66 77 8 0 0 81 97 0 88 0 89 0 97 
0 0 0 6 50 67 43 39 47 0 57 0 60 0 0 0 76 0 54 
35 35 22 6 57 79 0 29 1 28 79 60 0 36 59 46 0 28 
0 0 0 0 7 0 3 26 60 0 75 0 19 62 62 70 0 
49 0 0 54 0 0 0 100 69 15 50 0 24 0 0 0 
22 0 95 0 63 28 37 0 0 0 0 96 92 95 0 
0 91 26 0 0 70 28 15 0 98 21 54 0 21 
22 0 0 0 0 0 0 0 0 6 0 36 19 
0 0 0 54 0 84 0 68 0 73 0 76 
32 1 65 15 0 30 0 79 0 53 13 
55 54 0 11 0 0 0 49 52 0 
0 0 0 0 44 76 18 12 14 
0 64 10 49 74 87 58 10 
23 14 0 47 90 0 0 
0 26 0 0 0 30 
0 67 43 0 67 
0 19 13 0 
0 0 0 
0 0 
65 

#i: 35
0 78 0 0 34 69 77 0 93 45 4 90 0 85 66 45 0 16 0 37 0 0 0 
0 0 68 0 0 0 0 0 47 10 5 0 35 0 0 0 0 27 85 81 0 5 
0 0 0 23 0 71 0 67 54 0 0 40 0 41 94 0 0 0 35 0 0 
70 0 0 11 63 55 47 10 0 0 24 0 81 32 45 0 0 0 0 9 
0 0 0 0 71 0 0 85 37 37 3 0 91 0 0 0 0 57 0 
40 14 58 94 66 56 0 13 0 71 0 0 0 20 52 94 0 82 
0 0 0 0 71 98 0 0 85 0 76 0 0 0 0 0 43 
0 35 99 0 0 0 6 0 0 83 29 0 41 0 59 0 
30 69 0 0 0 0 78 0 0 87 0 0 0 43 0 
0 0 67 69 0 100 0 70 72 0 0 0 0 0 
0 74 0 0 22 62 0 0 52 80 11 28 66 
0 43 63 69 65 3 50 0 0 20 0 58 
0 32 0 0 0 0 59 0 68 0 19 
0 0 46 81 81 91 100 0 44 0 
92 40 58 0 0 0 91 32 0 
0 0 22 13 0 0 0 35 
6 67 86 85 17 0 0 
0 17 0 0 0 0 
58 79 54 38 52 
0 47 16 98 
0 0 91 
92 0 
59 

#i: 36
0 0 0 53 0 0 21 83 0 60 28 0 9 66 0 0 0 80 0 0 0 39 
0 0 0 0 13 87 60 30 64 54 0 50 93 0 0 0 0 0 99 78 1 
0 43 0 58 7 0 7 0 0 0 0 0 0 0 0 0 70 80 81 0 
0 99 0 81 0 2 20 68 84 34 72 96 64 20 97 0 85 0 95 
0 79 7 52 76 0 92 20 56 93 88 0 0 31 36 13 0 0 
0 50 0 98 94 55 0 0 0 96 0 83 0 0 93 100 46 
0 0 75 0 0 0 0 0 0 44 0 29 0 23 0 0 
92 0 74 21 84 64 0 71 36 0 0 0 22 65 0 
0 29 15 68 4 59 94 0 0 0 0 0 83 95 
62 0 84 0 0 58 37 0 63 82 0 0 0 
66 51 87 0 0 11 27 0 0 0 0 77 
64 81 47 88 0 0 69 10 0 0 0 
0 57 97 61 0 92 0 0 0 0 
99 0 0 30 0 33 10 0 0 
0 27 100 71 0 0 0 0 
12 0 0 9 0 0 7 
99 25 0 0 0 63 
79 77 0 16 62 
0 0 0 90 
0 56 24 
16 30 
0 

#i: 37
13 0 61 85 0 0 0 0 52 32 0 95 49 0 14 0 82 56 0 80 0 
0 26 39 63 0 11 0 35 37 94 0 0 2 0 0 21 0 61 71 63 
0 0 26 0 0 0 0 0 42 0 1 0 69 41 36 0 0 32 74 
30 59 0 80 0 79 79 0 94 6 0 36 0 0 22 23 37 0 
29 25 0 21 40 0 0 0 18 0 32 85 88 0 0 0 42 
0 68 0 0 0 49 7 0 46 82 0 77 47 0 0 26 
90 58 49 0 0 0 0 0 0 47 76 29 18 82 75 
0 0 0 66 73 0 0 1 2 0 0 29 25 0 
0 53 48 6 95 22 0 18 0 0 0 29 0 
50 49 25 32 50 0 68 34 19 0 0 0 
39 0 0 0 0 0 56 0 96 32 14 
1 9 94 14 0 0 0 91 29 6 
0 0 57 61 58 45 4 0 0 
84 47 4 65 14 48 77 0 
0 24 70 0 0 12 10 
0 0 0 0 0 0 
0 6 54 0 10 
0 95 0 15 
0 0 90 
0 0 
0 

#i: 38
0 0 0 88 0 97 0 0 45 0 0 0 53 0 89 0 0 0 0 23 
0 85 36 15 0 46 99 0 0 41 0 79 95 90 55 30 0 48 0 
3 94 31 0 0 0 12 62 57 0 0 79 0 0 0 0 42 24 
0 0 50 9 0 25 26 59 18 72 0 0 0 99 0 44 0 
95 6 45 0 81 0 0 0 27 43 58 0 47 50 0 62 
0 0 6 0 0 0 0 0 0 0 36 0 96 0 0 
0 68 0 79 0 60 0 86 74 16 0 0 80 3 
0 91 0 1 0 74 10 45 70 95 0 53 99 
0 0 0 0 0 0 76 14 65 2 0 0 
89 99 51 18 0 0 62 31 0 85 0 
0 0 0 0 0 0 84 44 8 67 
97 76 0 62 33 43 100 0 89 
0 13 72 0 78 0 1 0 
0 27 0 0 0 61 73 
0 0 0 0 48 0 
0 0 75 49 57 
20 74 0 0 
0 0 17 
79 0 
81 

#i: 39
0 0 0 0 33 51 0 0 0 0 3 77 56 0 0 35 37 29 0 
0 0 41 21 30 0 0 97 7 13 0 16 73 65 45 0 0 0 
0 0 0 0 8 20 20 0 82 89 0 0 0 0 0 70 0 
35 36 93 82 4 0 0 0 24 0 55 76 0 87 85 90 
25 0 0 0 0 19 0 0 37 0 0 0 26 97 0 
0 12 0 0 88 0 0 0 55 0 0 0 0 0 
0 0 1 99 0 43 0 0 0 60 6 0 0 
45 0 4 0 0 16 0 27 50 15 23 27 
95 0 0 72 51 0 0 0 0 0 0 
75 0 17 0 0 99 0 10 0 0 
70 0 0 65 0 0 73 0 52 
62 97 0 0 24 77 0 74 
65 77 0 68 25 0 36 
94 21 0 0 67 0 
0 12 0 0 5 
0 0 0 59 
35 78 0 
60 0 
57 

#i: 40
0 0 0 0 0 0 36 86 0 0 0 44 90 0 0 78 61 0 
23 45 0 0 77 30 58 44 0 36 0 0 26 46 64 0 0 
69 0 88 43 0 8 76 23 0 0 12 34 96 29 0 0 
66 54 44 0 0 0 0 0 15 92 0 57 31 0 87 
3 27 0 82 0 72 0 0 49 67 0 0 91 0 
0 12 12 88 0 0 82 91 65 0 15 0 72 
0 13 53 61 0 44 31 0 0 88 0 0 
0 0 0 50 0 48 53 71 64 0 65 
28 38 0 0 0 13 39 0 0 0 
0 82 13 73 96 85 2 89 84 
0 0 0 56 0 74 0 94 
73 76 34 0 71 0 0 
64 0 0 0 0 41 
65 61 0 84 0 
0 49 1 0 
0 0 0 
56 0 
0 

#i: 41
0 30 89 93 40 0 43 0 70 45 97 0 53 0 0 54 98 
24 56 0 0 6 0 0 29 0 0 0 3 14 78 0 52 
0 0 0 0 40 0 24 0 76 3 0 88 0 80 56 
0 0 0 0 93 34 23 41 13 0 0 31 56 0 
0 0 0 0 0 22 0 0 62 0 28 41 0 
0 0 72 0 0 28 24 0 0 93 0 0 
0 98 0 0 0 0 91 0 0 0 49 
41 64 0 23 26 97 17 3 43 0 
0 0 60 24 27 0 44 96 0 
61 59 93 0 0 21 49 0 
22 0 0 55 86 59 54 
0 0 0 0 0 0 
98 0 1 6 0 
0 0 95 62 
95 65 0 
0 82 
2 

#i: 42
0 87 45 87 0 92 0 93 47 29 93 60 57 0 0 62 
54 0 14 26 0 0 0 0 61 0 63 0 0 55 0 
91 0 65 0 0 0 0 78 18 0 0 16 25 0 
0 84 0 91 0 0 0 63 66 65 30 0 0 
0 48 93 0 71 0 48 0 0 0 98 23 
92 0 0 96 0 0 41 0 0 0 0 
59 0 0 41 0 0 62 2 29 94 
0 51 72 89 41 62 0 79 9 
0 57 9 4 0 0 20 96 
0 30 49 0 0 53 58 
81 3 73 77 0 14 
0 0 0 57 0 
0 0 0 0 
75 0 99 
52 46 
37 

#i: 43
8 32 0 54 2 0 89 0 0 0 0 83 0 0 0 
83 0 37 63 0 12 42 0 0 15 0 63 0 81 
0 19 75 0 0 0 57 25 0 0 40 62 0 
0 0 0 0 0 74 36 0 4 0 52 8 
100 76 0 0 14 0 0 57 0 40 51 
0 39 13 0 56 0 0 0 65 92 
0 0 0 0 0 46 0 0 15 
0 0 12 74 0 4 81 17 
0 0 94 0 66 94 0 
0 0 0 49 0 52 
0 0 51 4 0 
61 0 9 0 
44 56 67 
26 0 
0 

#i: 44
27 0 32 78 56 38 33 0 0 77 44 24 0 6 
0 0 0 0 91 93 9 43 96 0 0 0 0 
39 51 0 0 0 67 72 0 0 54 30 0 
0 80 62 0 0 28 53 0 0 58 0 
0 0 0 73 47 99 0 0 0 18 
90 98 64 68 23 18 35 30 99 
0 32 37 0 0 0 61 80 
0 0 0 62 0 77 82 
0 19 45 0 2 0 
0 46 0 0 0 
48 0 0 0 
0 13 0 
0 44 
0 

#i: 45
99 36 82 19 0 75 0 9 0 86 64 50 0 
60 0 0 0 0 60 76 0 0 14 0 0 
0 76 0 63 0 26 61 58 39 71 81 
0 27 0 10 0 10 0 39 0 0 
84 4 0 60 0 78 82 0 43 
0 62 34 71 0 23 0 0 
0 45 93 0 59 12 0 
0 63 0 31 0 0 
0 24 0 18 0 
0 0 0 0 
0 88 0 
81 0 
72 

#i: 46
56 0 0 13 3 0 0 49 0 0 0 11 
42 0 50 0 0 0 0 0 74 0 4 
0 0 26 0 76 0 0 0 0 0 
20 6 24 60 0 0 7 0 0 
0 30 59 64 0 79 64 0 
42 61 0 0 72 0 77 
28 0 0 85 98 0 
0 29 0 10 13 
0 0 43 8 
0 0 0 
0 0 
88 

#i: 47
81 0 0 19 0 35 0 68 73 74 96 
0 0 0 0 27 0 82 63 0 0 
0 0 8 0 0 0 0 48 0 
96 0 0 23 0 78 0 0 
11 22 0 99 0 0 29 
35 78 0 0 0 0 
96 0 10 0 73 
0 0 0 90 
74 65 96 
0 0 
97 

#i: 48
85 8 79 0 31 0 0 7 53 0 
83 29 78 0 0 0 51 17 0 
6 81 0 78 0 0 0 0 
0 0 0 0 51 0 19 
98 0 0 94 0 0 
23 0 79 46 70 
0 28 66 57 
0 67 91 
0 46 
15 

#i: 49
42 7 95 10 22 0 72 48 0 
0 39 43 28 0 89 0 0 
20 0 0 8 0 59 0 
0 0 0 91 0 13 
0 98 48 31 5 
0 92 0 9 
37 89 58 
0 96 
0 

#i: 50
0 0 0 0 80 77 77 84 
0 62 0 84 0 83 65 
0 38 0 51 0 57 
87 0 0 84 76 
54 95 100 0 
60 32 0 
32 0 
0 

#i: 51
0 0 0 25 0 0 0 
12 82 62 9 0 100 
86 11 0 0 40 
6 78 52 78 
0 21 0 
0 7 
0 

#i: 52
0 6 82 77 0 15 
0 0 5 0 0 
46 81 0 51 
0 92 80 
86 0 
0 

#i: 53
28 14 93 31 0 
0 94 91 0 
13 96 0 
0 0 
31 

#i: 54
0 0 17 0 
42 0 66 
44 0 
81 

#i: 55
6 5 0 
0 27 
0 

#i: 56
0 69 
0 

#i: 57
85 

#i: 58

#i: 59

ckp-60-0.5.txt