#number of items n
50

#knapsack capacity b
965

#constraint coefficients a
22 2 47 12 2 9 28 1 10 44 33 27 44 28 20 16 38 31 15 6 20 30 9 42 40 23 30 17 4 28 20 33 23 1 46 5 50 42 44 41 24 23 19 40 1 42 3 11 1 37 

#linear coefficients c
52 36 24 41 0 39 12 0 0 3 52 79 0 4 80 0 67 0 76 88 0 0 30 72 97 24 51 0 0 0 0 20 0 25 23 61 86 0 74 85 61 0 95 78 0 25 94 0 72 59 

#quadratic coefficients C: i < j
30 41 0 75 18 80 35 12 0 96 74 79 78 39 59 0 63 92 0 60 40 25 54 16 29 80 0 69 75 0 63 75 88 45 23 0 54 17 61 0 34 80 39 0 80 3 80 0 0 
12 7 0 0 12 97 0 0 83 44 98 37 41 0 0 79 45 25 16 68 51 26 73 94 21 58 0 0 20 25 91 6 0 46 0 0 46 0 9 47 53 75 64 47 27 0 76 0 
0 25 7 46 86 0 61 0 70 0 73 32 39 46 39 23 31 0 46 10 68 41 21 0 47 0 85 0 40 28 0 0 27 94 49 80 25 54 50 0 0 0 29 94 29 62 50 
2 58 0 36 97 62 39 43 45 0 40 51 90 5 9 88 40 76 0 0 0 84 94 80 13 96 3 74 79 58 4 0 82 40 67 13 36 57 12 0 63 74 20 64 49 65 
63 92 45 54 12 51 50 75 64 0 10 25 43 0 92 79 28 11 72 0 27 22 83 0 63 46 48 0 0 17 54 85 76 12 0 99 82 0 24 2 29 12 53 30 1 
81 0 0 0 0 50 6 28 37 32 58 3 0 10 94 0 10 18 76 33 15 46 12 0 60 59 31 49 34 65 25 59 0 0 29 97 0 24 5 39 44 0 51 91 
87 35 11 0 40 48 77 53 1 0 0 81 4 62 88 10 33 1 7 0 0 0 68 0 77 18 17 29 42 18 7 0 0 47 0 36 0 62 68 99 0 0 3 
63 0 14 95 0 33 100 0 63 0 0 35 10 23 14 50 52 9 86 0 0 96 6 31 0 1 31 9 44 32 0 57 94 67 67 0 52 4 99 71 8 23 
22 48 0 14 95 59 22 30 0 48 10 69 99 78 2 93 51 0 82 52 74 0 99 47 77 21 43 48 0 53 0 22 46 12 27 18 3 70 0 0 51 
65 51 20 23 0 32 86 75 94 69 57 0 63 0 37 0 62 0 59 13 18 44 0 0 29 48 0 64 0 90 96 59 0 68 57 73 57 9 77 35 
66 83 30 43 24 0 94 4 0 0 11 75 0 99 9 78 65 3 75 41 0 83 3 0 0 84 40 77 0 63 73 92 5 70 65 30 84 48 21 
3 87 78 0 95 88 12 78 86 99 75 45 79 0 0 90 45 89 87 46 0 49 38 19 41 25 0 50 36 78 65 57 0 61 79 58 97 65 
11 83 37 65 21 14 50 54 20 11 0 92 8 10 0 23 0 7 0 21 0 88 27 33 50 1 1 44 57 39 0 25 0 27 0 80 63 
52 34 0 89 76 0 95 78 11 58 0 86 68 0 93 0 31 96 26 0 0 53 5 40 97 39 82 20 78 78 0 71 0 0 26 68 
0 57 94 43 52 55 80 0 0 48 94 92 27 68 0 88 11 28 6 33 60 46 0 58 84 87 8 17 4 0 0 0 31 17 94 
0 20 72 10 75 1 0 55 24 0 0 60 74 32 47 89 43 83 87 24 75 35 43 0 70 20 13 0 5 79 72 0 5 99 
0 8 79 63 41 46 0 88 0 81 8 12 45 0 49 16 41 0 13 0 0 97 38 27 55 34 60 63 0 0 86 0 20 
0 92 95 0 94 68 36 0 83 98 85 2 76 0 82 58 27 88 87 69 45 0 78 43 19 2 86 0 97 20 47 0 
0 0 0 81 0 88 51 47 40 65 61 0 33 0 0 33 41 96 77 0 0 9 0 41 80 19 0 95 26 60 93 
15 28 100 0 0 98 56 57 16 83 100 67 0 32 34 0 14 44 0 32 0 0 59 94 4 62 31 51 27 52 
97 0 75 36 10 2 27 39 0 68 10 6 56 10 43 61 98 47 37 28 40 23 98 12 0 36 0 0 62 
45 34 25 0 47 41 0 24 95 0 77 0 92 0 0 0 43 71 26 0 44 67 79 30 98 100 0 11 
0 21 18 77 60 68 20 0 0 10 0 14 21 25 81 35 7 57 0 1 66 40 92 0 65 0 58 
93 56 20 95 30 50 98 14 36 92 73 37 76 59 4 34 58 15 97 0 80 0 72 3 55 24 
10 33 6 39 47 82 27 97 18 81 40 53 54 0 76 0 18 22 22 0 42 38 30 15 76 
53 93 88 79 0 18 56 54 90 97 81 31 14 0 48 11 0 20 8 27 8 95 41 48 
82 28 37 55 56 0 1 72 61 23 18 0 0 94 0 25 30 0 17 0 76 3 0 
0 0 0 0 50 45 82 10 77 18 7 68 18 63 5 49 13 30 34 68 65 33 
28 44 0 90 0 57 55 32 94 0 0 22 90 10 50 90 51 41 3 0 53 
14 1 0 0 20 10 0 9 88 65 0 48 34 87 92 99 0 0 61 0 
0 90 0 97 0 5 97 71 69 45 0 27 4 49 53 37 97 63 63 
0 0 0 46 60 58 6 58 90 97 42 0 18 71 0 86 0 37 
72 30 93 49 46 51 75 0 96 61 33 1 59 57 86 0 98 
19 86 17 0 75 27 4 51 73 1 13 44 2 35 58 62 
58 38 77 83 94 57 79 0 8 38 0 48 23 60 55 
0 0 1 36 8 88 0 23 86 72 91 49 0 0 
0 74 90 15 0 81 31 0 0 92 53 88 4 
28 59 81 55 85 65 76 11 67 61 32 42 
38 7 71 23 88 49 10 48 35 18 28 
78 90 86 6 98 0 0 96 0 96 
0 51 21 78 100 91 22 18 38 
53 72 65 11 51 43 0 45 
83 76 0 64 74 64 0 
64 85 0 78 88 0 
42 48 22 0 57 
0 61 53 89 
41 23 99 
20 88 
22 

#cubic coefficients D: i < j < k
#i: 0
16 14 46 59 22 0 10 86 0 0 11 36 19 90 0 29 0 0 0 95 0 5 0 91 0 24 85 87 42 42 5 43 84 74 16 7 10 51 48 0 84 96 14 95 10 48 55 0 
99 0 25 0 99 100 65 48 77 49 0 0 0 21 0 30 6 98 55 100 0 86 89 0 40 95 47 0 0 23 43 1 44 0 77 33 64 34 81 0 31 50 52 67 82 0 0 
34 8 13 29 47 0 0 60 0 86 91 7 15 55 8 74 0 39 13 0 0 0 0 0 6 73 33 67 37 2 95 32 36 20 34 45 66 36 0 0 80 0 74 90 77 14 
45 0 8 24 0 0 82 8 0 0 3 86 83 14 10 0 0 36 0 28 99 0 7 85 71 83 68 18 90 90 5 0 59 33 2 72 78 0 0 36 35 21 1 0 55 
31 31 88 28 34 83 27 0 15 46 23 0 0 82 54 25 5 0 4 3 53 0 60 3 26 32 93 76 14 95 11 12 81 66 24 14 69 15 0 0 0 26 0 67 
12 87 74 0 45 17 70 65 86 24 0 8 8 0 6 0 46 70 31 79 6 0 79 41 48 0 38 10 93 11 0 0 90 91 97 92 11 0 47 16 25 59 0 
0 54 44 0 60 18 74 60 49 35 0 49 27 0 86 0 71 64 8 0 47 38 77 77 70 81 15 11 0 0 22 43 5 42 0 0 65 26 14 0 45 15 
93 98 55 33 0 9 15 36 0 90 3 80 75 13 2 0 0 25 0 0 0 0 20 8 0 31 57 0 5 0 84 91 36 53 13 0 35 59 0 0 90 
14 99 0 47 8 85 0 81 45 89 60 22 82 78 92 30 0 57 76 0 0 94 6 26 55 86 46 18 0 48 59 0 43 0 0 50 0 51 65 69 
2 0 0 0 99 87 32 0 12 0 59 82 64 73 99 50 0 54 23 51 8 0 0 48 59 44 52 2 32 79 54 46 55 90 29 0 24 21 93 
90 49 43 0 47 96 83 58 44 0 89 0 0 81 1 0 2 92 0 35 0 55 33 67 13 0 49 36 0 25 77 66 79 0 86 5 58 50 
83 0 29 65 19 10 81 0 53 89 22 29 96 0 36 28 57 74 94 11 82 56 5 66 0 97 0 87 0 92 10 61 92 68 22 50 25 
28 0 16 0 52 11 41 77 21 0 5 86 82 40 55 14 97 0 0 0 0 86 8 0 42 42 0 3 78 0 74 0 62 64 68 34 
57 44 0 0 85 69 23 46 0 14 0 14 86 44 68 43 99 76 0 18 16 49 85 77 45 0 0 26 21 0 33 39 64 71 0 
0 88 89 96 81 66 13 6 89 0 33 8 27 0 0 0 60 0 80 82 0 92 29 47 80 95 32 20 98 52 1 25 3 4 
70 0 77 93 15 52 0 0 0 0 28 24 41 0 24 67 91 0 0 97 0 4 0 58 34 2 92 0 67 83 33 23 51 
9 0 61 76 8 19 100 48 2 77 60 47 82 18 0 89 76 0 69 37 52 91 39 0 92 67 51 63 85 39 71 2 
0 29 0 4 0 14 0 17 96 73 0 86 73 78 30 95 0 59 23 0 0 68 51 97 76 58 72 0 64 3 10 
75 15 0 97 60 16 0 0 48 0 3 96 76 42 89 72 77 49 16 87 0 55 39 61 10 28 19 45 15 39 
55 24 27 0 78 75 28 95 2 41 0 0 63 88 0 74 72 67 0 55 53 85 11 71 4 87 38 0 42 
80 0 53 46 87 87 3 0 15 16 93 80 52 14 0 0 84 40 0 69 7 55 38 81 23 15 27 80 
98 0 21 88 60 91 0 0 19 0 47 20 41 36 0 22 48 0 21 78 79 0 83 40 36 0 44 
77 53 57 73 90 0 0 55 0 0 0 0 78 39 94 20 24 23 4 94 49 72 54 0 52 99 
37 12 0 11 1 6 11 12 70 0 7 0 30 23 12 3 17 0 0 21 0 77 71 33 90 
28 0 36 85 40 0 37 14 22 51 5 45 48 40 17 0 0 45 0 12 85 0 100 81 
47 69 77 56 96 67 89 20 37 8 26 26 0 43 2 0 35 0 98 94 62 0 77 
68 0 60 91 0 71 0 22 28 66 0 32 28 0 0 48 100 0 0 33 45 51 
9 81 0 51 94 15 84 25 74 0 89 14 10 55 81 0 12 22 52 85 0 
98 94 94 0 9 0 26 41 0 0 13 0 75 0 25 0 58 34 19 65 
5 56 7 65 0 0 0 26 71 0 98 41 59 0 97 7 72 68 0 
26 8 40 0 0 87 0 10 26 45 29 5 1 12 7 0 0 62 
52 0 0 25 0 0 0 24 6 61 0 0 64 57 58 47 18 
0 69 53 0 6 15 0 38 100 86 61 23 98 94 0 0 
65 33 91 50 51 20 0 5 54 0 0 70 0 76 0 
11 84 60 0 87 75 0 0 51 29 0 28 4 64 
69 0 30 52 11 72 0 21 0 0 0 0 77 
36 0 24 0 99 49 0 68 48 19 11 8 
33 10 39 67 32 33 56 17 0 10 0 
78 67 68 40 53 92 21 60 77 82 
1 0 84 92 0 95 17 0 79 
6 88 0 0 76 33 0 0 
0 13 0 27 0 47 26 
0 7 42 0 24 0 
40 37 33 0 60 
60 0 54 52 
19 98 29 
69 0 
86 

#i: 1
76 20 0 15 5 20 17 7 0 61 85 0 31 0 8 63 0 50 17 64 0 37 54 0 66 59 0 0 21 67 0 0 26 2 80 82 72 17 96 0 0 79 23 76 69 0 0 
51 11 58 34 6 29 3 23 96 66 90 87 100 93 0 72 1 0 91 88 66 0 0 42 0 33 34 35 58 3 0 24 0 12 0 39 0 43 31 0 63 64 0 54 31 0 
32 53 0 83 88 0 0 1 72 86 51 50 37 2 7 38 0 0 7 39 97 0 70 6 58 11 83 4 0 99 45 71 15 95 41 41 75 48 92 2 0 3 16 0 67 
76 0 98 0 94 40 57 78 30 0 0 71 0 43 62 0 12 96 0 98 69 79 68 46 57 57 25 4 0 2 32 0 83 0 71 0 35 86 84 73 67 0 44 98 
63 5 43 67 0 71 0 57 0 95 64 45 48 74 69 90 27 20 69 97 71 0 8 79 49 60 28 71 56 8 37 85 0 0 91 0 66 87 69 0 0 66 72 
94 1 7 0 47 100 46 0 0 0 0 93 22 37 86 75 32 52 46 28 22 31 24 46 63 38 74 20 33 35 28 5 27 98 25 33 74 0 54 0 7 49 
96 7 17 0 24 41 0 6 0 0 1 49 62 94 67 0 0 0 0 32 84 13 40 0 32 77 0 1 0 0 0 81 29 0 87 93 8 0 87 60 27 
0 0 65 21 12 0 85 12 10 1 48 53 64 85 24 19 32 0 79 0 56 46 50 70 11 65 57 46 66 3 0 0 0 29 19 0 75 0 13 17 
0 0 41 0 24 57 39 0 0 0 1 0 69 48 19 50 98 29 49 0 32 92 55 1 97 19 96 97 52 84 9 5 7 47 42 60 22 77 92 
30 28 62 0 58 72 58 41 96 35 0 87 31 22 46 24 42 0 0 68 87 56 14 47 0 0 57 0 8 40 89 23 0 72 33 6 0 50 
94 0 39 96 23 41 74 98 91 73 54 58 96 0 75 30 2 4 55 76 82 9 0 44 57 3 12 16 98 0 63 80 21 36 0 8 53 
0 43 21 30 66 36 0 38 37 31 75 0 55 30 14 0 52 19 55 35 0 96 49 62 25 85 93 10 30 94 0 71 31 41 58 21 
71 0 91 0 31 90 7 27 0 16 10 24 52 84 66 96 82 0 60 60 0 85 0 40 0 0 28 10 0 33 47 48 0 32 44 
6 82 0 9 6 18 30 0 60 98 48 0 0 16 67 13 87 95 18 62 0 25 0 74 57 0 0 0 10 49 20 25 75 80 
71 63 92 72 0 24 89 63 37 16 0 43 70 0 17 59 0 67 0 81 30 0 17 0 0 0 53 83 0 24 95 7 81 
35 65 78 68 81 13 21 76 62 0 90 0 85 28 0 0 4 0 11 64 86 0 32 47 92 0 83 42 9 93 9 87 
97 29 57 0 29 8 0 53 85 42 42 84 34 27 0 55 3 46 100 44 0 0 0 63 53 19 0 99 98 66 83 
93 30 69 0 0 58 2 69 19 52 90 82 5 77 37 40 0 71 0 90 44 96 92 84 72 33 38 63 0 57 
87 0 0 68 0 46 36 58 0 94 0 85 0 14 0 92 48 96 18 7 73 59 53 46 40 0 24 0 0 
0 45 63 94 74 7 0 43 49 0 0 82 57 34 0 42 36 64 60 0 47 3 44 38 0 0 0 0 
0 87 91 0 76 17 84 0 83 4 11 0 34 42 95 26 77 78 61 99 51 36 0 8 1 15 0 
43 0 0 61 0 24 0 59 37 0 0 84 59 74 67 88 81 5 66 11 32 7 80 2 77 59 
69 37 34 17 10 21 29 100 20 11 0 0 74 42 77 60 62 0 70 59 50 99 0 99 96 
33 2 0 0 61 2 1 0 62 54 52 0 0 46 9 0 96 11 0 18 0 57 44 53 
0 11 86 2 72 77 0 62 0 12 43 92 44 52 0 74 95 78 0 18 34 92 11 
0 100 92 26 56 39 22 0 0 55 52 59 0 32 0 88 19 10 93 66 99 96 
24 0 10 72 11 51 0 32 7 0 52 41 93 82 0 53 1 72 21 0 0 
39 52 0 86 58 85 66 0 0 38 91 0 0 70 0 50 26 50 30 70 
83 0 0 35 70 81 0 0 0 0 15 27 95 60 29 54 0 50 28 
35 84 4 79 0 49 73 97 99 20 0 21 13 93 53 81 76 13 
48 31 47 0 18 28 93 0 0 0 0 69 87 71 61 0 74 
20 47 84 19 77 8 68 0 65 21 0 65 0 0 70 44 
80 11 8 9 0 51 18 0 0 15 43 1 41 30 60 
91 0 0 72 37 77 31 39 0 47 74 59 4 92 
58 97 13 0 82 0 0 94 0 95 36 80 32 
4 69 30 72 37 37 42 0 41 90 19 39 
53 0 0 0 59 84 69 76 0 0 100 
0 0 68 0 39 0 48 33 40 29 
36 39 48 0 6 0 0 34 35 
0 0 18 46 82 22 0 21 
37 0 100 8 44 33 0 
91 64 13 87 60 95 
26 29 79 74 16 
0 28 99 0 
0 0 0 
66 3 
41 

#i: 2
72 28 57 0 85 49 45 0 53 97 63 57 51 94 100 0 1 76 23 73 32 80 61 1 25 16 58 23 65 3 51 1 81 89 40 70 65 18 12 63 0 63 0 47 99 34 
0 0 26 10 95 0 93 85 8 31 30 74 6 0 0 0 0 51 29 67 0 0 10 0 56 0 0 0 45 0 100 0 27 25 0 18 97 58 6 40 0 77 0 69 0 
0 24 0 0 83 23 0 16 77 8 5 32 12 49 60 65 99 61 37 0 54 17 0 48 66 96 77 34 29 0 51 11 70 0 19 0 15 13 67 9 28 17 54 36 
84 81 0 43 0 66 0 0 60 19 84 71 11 0 80 14 54 57 83 41 8 0 31 8 90 0 20 0 85 4 78 89 91 23 94 0 0 74 15 3 0 40 62 
61 39 97 13 80 51 0 54 0 28 76 0 24 65 15 0 5 77 56 4 89 69 0 21 0 37 0 0 68 33 54 0 64 24 32 24 54 12 32 85 0 17 
52 33 30 0 63 89 86 50 0 38 0 0 0 29 0 66 0 23 90 36 65 32 76 0 85 38 0 43 0 0 0 27 83 86 0 0 2 64 97 62 77 
0 84 21 89 80 56 42 0 51 79 92 18 0 50 83 88 19 52 9 19 45 17 34 0 0 67 41 82 0 53 0 97 96 10 2 85 0 39 35 0 
13 77 4 43 37 0 0 75 42 93 88 79 95 0 94 69 73 68 2 0 87 74 34 76 14 45 8 23 5 0 14 0 0 62 77 16 92 90 90 
0 8 17 87 0 57 26 0 68 33 35 92 68 97 43 50 56 91 0 0 35 29 0 38 0 21 0 36 54 3 86 20 47 0 11 64 66 78 
91 94 92 61 98 59 5 34 0 32 0 0 94 28 48 0 59 19 0 0 1 23 45 28 0 36 51 45 84 0 50 45 20 34 92 22 24 
43 43 24 0 0 96 35 61 0 82 91 88 0 28 89 13 0 90 0 100 8 30 21 0 5 0 62 56 0 86 37 85 0 49 20 0 
29 95 92 43 71 8 26 0 0 29 80 0 37 66 73 56 0 0 48 62 39 93 0 38 18 92 0 6 13 3 0 93 28 12 35 
21 69 59 97 0 99 21 81 23 60 0 0 66 60 85 41 89 92 72 60 7 0 47 38 77 24 48 51 59 0 15 0 0 0 
90 9 64 0 0 0 0 65 0 90 57 24 52 82 73 0 92 5 68 64 67 21 5 71 33 34 0 0 45 27 0 19 0 
17 39 33 44 36 13 77 25 56 0 0 99 0 19 62 63 81 40 83 0 83 72 68 53 59 0 0 83 64 41 64 0 
99 64 86 0 48 13 0 4 24 97 0 2 0 30 39 36 41 0 44 85 44 75 0 18 0 0 43 0 86 78 19 
39 82 94 20 59 13 60 0 62 20 27 4 71 0 81 55 41 24 0 82 19 7 99 0 39 0 49 8 4 0 
53 85 81 43 83 0 50 0 42 56 63 0 63 4 0 90 91 85 2 95 0 70 0 0 0 64 67 73 87 
73 0 0 29 13 84 36 66 45 45 10 14 0 33 58 11 0 91 21 0 24 25 0 39 6 0 0 25 
21 0 53 99 54 87 0 0 87 56 20 1 59 40 0 92 85 2 38 55 44 0 0 0 22 10 51 
42 61 68 79 30 83 44 46 46 88 0 27 0 96 53 0 59 0 51 65 39 24 27 18 63 0 
77 41 68 0 0 0 52 85 0 0 12 17 0 51 0 0 59 27 0 39 72 44 0 81 43 
92 20 98 0 8 0 65 85 88 88 64 36 26 3 72 32 51 58 88 39 47 11 94 30 
100 69 66 93 0 35 0 1 21 96 0 97 5 16 0 66 0 66 0 77 3 58 0 
72 90 0 0 67 0 69 55 18 74 24 5 87 45 14 55 50 67 0 57 0 76 
34 44 7 0 40 44 46 90 0 74 0 62 89 0 2 44 52 0 18 17 97 
6 98 1 37 100 94 0 3 59 52 0 1 0 34 32 34 57 0 0 52 
0 0 25 38 91 88 29 49 35 9 95 0 0 32 98 37 92 90 35 
51 35 39 67 66 10 0 0 32 61 76 79 71 5 0 7 64 94 
0 47 3 26 0 0 0 0 55 57 13 0 19 66 17 40 68 
72 0 100 0 0 14 46 75 0 26 67 0 37 30 50 0 
92 86 60 52 54 96 0 0 0 0 0 0 74 62 63 
49 31 84 88 19 80 37 0 36 0 0 2 94 27 
86 0 0 38 73 6 88 72 74 0 13 7 95 
100 3 15 6 0 32 0 25 0 21 94 13 
37 0 0 0 8 0 93 35 0 52 0 
19 66 58 37 60 74 0 18 0 0 
3 51 58 0 69 43 5 78 84 
74 0 45 75 0 15 47 70 
0 48 0 15 0 15 49 
84 29 84 93 46 97 
0 0 51 0 0 
0 0 0 22 
60 6 78 
28 0 
16 

#i: 3
67 0 0 0 27 0 0 38 22 3 51 11 0 11 59 38 59 83 98 62 0 84 50 83 96 39 23 0 32 49 17 39 0 68 0 15 0 60 0 76 64 23 62 70 41 
0 63 81 80 61 39 81 0 35 0 89 50 98 30 0 0 48 36 0 13 1 74 0 26 10 0 77 0 0 78 96 0 0 0 31 97 0 50 30 59 60 49 0 46 
100 56 15 46 66 6 18 64 47 78 100 47 92 0 93 0 24 0 0 51 0 38 0 52 45 84 0 0 0 61 74 0 80 37 44 97 52 0 52 5 47 0 0 
14 0 63 1 73 0 86 94 28 46 38 0 53 24 94 81 29 6 53 78 2 29 0 87 0 67 0 1 60 0 53 84 0 59 32 43 0 0 26 67 40 9 
0 14 22 30 58 0 68 0 0 12 52 22 1 94 32 0 57 81 40 0 0 42 34 99 98 56 0 39 0 38 0 42 41 58 77 41 26 31 0 82 28 
36 46 1 43 0 29 77 49 95 1 85 39 22 17 19 75 66 0 27 44 42 93 43 54 74 3 74 89 40 0 92 19 13 80 40 36 0 47 64 64 
7 0 28 95 51 99 98 0 44 0 1 0 0 78 34 53 40 8 35 0 12 97 0 0 87 94 30 56 2 0 0 0 89 18 99 9 64 27 64 
30 19 0 10 0 24 53 72 13 12 90 0 46 90 0 51 86 38 28 40 56 0 0 0 77 88 94 93 0 50 24 16 85 40 45 14 0 87 
77 0 51 29 97 0 30 0 61 35 1 9 81 0 61 98 0 52 95 78 0 28 0 0 0 0 63 22 0 0 47 66 8 85 42 94 83 
48 0 13 5 7 87 19 91 0 14 37 87 0 51 60 51 7 67 32 92 0 19 95 18 0 90 0 17 78 58 64 81 95 16 53 21 
70 0 97 0 83 97 44 90 19 0 87 15 72 34 56 0 5 75 0 22 0 67 83 45 0 89 10 3 15 0 16 28 24 0 88 
94 52 87 60 0 22 27 0 0 8 46 0 40 18 0 0 15 72 0 29 6 10 62 64 20 6 20 18 92 51 40 42 57 87 
46 55 9 0 100 31 0 0 8 0 0 65 0 0 34 55 54 5 79 4 0 8 0 0 10 54 24 28 43 98 43 31 49 
0 65 51 67 73 63 0 0 0 47 0 72 3 53 61 80 74 77 49 62 0 63 46 67 30 100 85 0 26 0 46 83 
85 0 0 25 63 21 96 0 6 35 0 82 0 93 0 0 0 64 67 87 78 37 47 0 0 17 95 0 75 80 85 
53 98 0 89 83 82 0 65 48 5 0 0 47 99 53 0 18 81 44 48 81 57 59 15 69 74 41 71 0 0 
34 97 34 94 0 72 5 70 0 40 54 44 96 0 0 44 21 34 79 0 63 65 0 15 53 0 2 16 0 
26 2 0 0 62 29 25 9 0 12 1 51 0 71 97 33 57 0 57 0 0 30 84 53 23 69 29 70 
4 1 63 0 45 27 25 0 17 36 41 70 0 0 64 0 45 12 12 0 31 90 0 50 86 62 99 
64 26 37 53 0 0 16 60 18 84 0 0 50 61 89 39 0 0 0 0 83 0 44 78 76 72 
19 70 93 95 0 57 66 55 52 83 63 46 40 99 99 56 64 41 31 0 8 56 0 32 0 
82 18 24 69 54 90 83 87 3 22 0 0 32 3 100 87 35 51 19 57 0 98 48 0 
12 96 0 2 0 18 0 99 0 98 10 0 53 50 78 0 36 0 6 67 27 0 38 
92 97 99 83 14 0 0 61 45 7 0 12 0 55 26 4 74 13 56 31 35 44 
0 64 63 99 85 31 0 34 0 91 38 24 9 32 42 69 95 0 27 64 0 
13 2 58 93 92 43 47 85 0 13 0 20 8 71 27 72 0 60 86 58 
52 32 56 23 99 57 36 16 26 0 9 0 0 23 69 20 39 47 74 
87 45 0 0 94 17 92 0 96 89 69 43 51 37 5 51 99 35 
40 94 19 0 0 2 29 21 34 88 81 82 50 43 12 45 0 
60 60 46 28 40 0 51 59 37 82 43 58 34 69 0 68 
0 0 45 0 0 74 0 0 4 55 71 70 91 84 0 
0 21 100 30 32 92 0 96 98 42 0 55 0 73 
41 0 47 6 89 80 29 100 27 24 43 81 66 
88 0 52 43 0 43 18 22 0 0 43 0 
47 52 0 0 83 53 17 25 16 0 46 
9 33 0 24 73 0 98 25 89 0 
0 0 18 50 0 92 47 2 0 
0 0 63 53 95 40 0 16 
5 41 46 83 85 0 70 
52 59 0 72 21 19 
73 59 22 43 23 
62 0 28 75 
41 73 50 
69 0 
46 

#i: 4
0 30 30 56 95 0 80 49 7 4 0 72 0 82 60 64 12 0 3 19 24 5 47 80 53 0 0 0 29 0 21 12 0 15 0 55 0 28 55 63 80 98 50 91 
53 45 99 0 0 96 56 23 85 15 29 0 56 78 89 79 85 41 30 25 48 57 0 36 99 0 0 0 86 45 26 59 0 80 4 0 38 32 63 40 44 0 78 
0 16 92 71 0 39 0 75 28 32 81 0 100 0 0 17 59 0 18 55 0 76 0 95 0 41 2 14 4 96 14 19 0 0 38 30 8 58 62 76 23 96 
29 2 70 0 42 43 62 64 88 12 78 95 60 60 56 91 0 32 0 21 71 19 19 20 0 24 0 93 18 0 85 9 88 100 35 0 100 0 0 61 14 
79 0 1 47 47 40 94 6 19 4 20 77 76 59 78 90 88 0 90 62 44 92 3 80 0 37 78 47 12 35 57 96 31 51 22 93 83 50 77 44 
89 0 39 0 92 0 0 77 59 44 18 99 18 27 8 0 17 0 10 36 70 0 0 11 63 0 73 5 32 0 90 0 86 70 79 0 85 0 52 
14 53 46 14 0 30 0 99 86 38 89 82 0 42 0 74 0 0 30 38 33 31 0 13 0 29 7 12 0 0 36 78 65 11 0 0 12 0 
35 58 65 22 11 18 94 0 0 75 72 30 84 0 35 56 82 6 0 54 44 0 0 62 67 88 25 37 0 98 11 24 0 26 0 0 74 
0 43 7 0 14 6 84 56 0 0 14 68 53 0 21 14 93 61 94 86 69 0 0 28 87 0 70 63 98 58 82 9 15 0 32 29 
49 32 61 0 44 76 0 0 30 27 35 14 41 81 84 95 11 31 0 35 56 6 14 71 25 13 99 0 34 19 91 13 0 0 7 
74 0 71 44 60 66 81 22 28 13 9 28 82 53 0 16 0 78 73 43 46 0 86 76 56 98 0 61 40 0 0 0 68 0 
0 0 48 0 48 46 57 69 85 63 66 50 53 7 10 34 47 81 66 71 41 78 3 0 94 0 16 13 0 0 0 33 91 
0 75 13 65 92 0 22 71 46 83 60 53 0 62 86 47 65 99 98 89 0 24 13 0 7 34 81 57 65 68 89 70 
100 0 54 60 57 88 78 57 0 75 62 25 0 0 21 69 68 62 7 5 18 12 0 62 3 0 75 20 87 98 37 
18 19 14 5 0 23 13 72 56 89 27 86 13 6 0 56 0 41 83 83 45 0 0 9 87 74 46 5 23 41 
38 7 9 49 10 0 94 54 48 25 88 73 0 80 83 48 97 0 34 4 82 52 38 23 34 0 34 28 42 
12 22 88 0 66 0 13 8 0 38 64 0 0 53 5 62 100 19 0 79 80 87 40 94 0 83 0 68 
66 20 52 51 86 0 32 0 56 28 48 0 88 0 10 96 76 42 32 100 88 6 54 75 54 45 92 
79 56 1 54 71 53 13 0 80 91 0 0 71 0 38 24 66 24 22 100 0 4 31 56 5 88 
85 14 0 72 50 66 23 80 82 84 82 0 8 30 0 89 68 0 88 0 96 21 71 41 44 
94 43 47 69 73 0 35 56 83 50 6 99 70 70 53 89 3 27 0 15 97 56 71 0 
65 18 56 27 18 91 48 59 20 47 0 64 0 80 97 0 17 91 0 12 17 0 92 
0 100 23 19 29 45 62 35 0 0 0 61 0 55 1 84 0 38 51 45 65 40 
39 0 0 27 0 0 0 30 14 33 12 0 81 71 68 0 25 22 8 99 0 
43 83 48 48 12 0 22 56 0 3 1 51 0 12 0 14 50 68 0 61 
0 86 32 0 64 0 11 0 27 0 32 2 0 29 93 64 69 14 86 
52 74 0 35 7 30 54 0 0 3 4 0 28 0 82 0 57 0 
91 55 49 0 0 64 82 21 0 76 21 75 85 42 50 0 0 
33 0 12 6 0 72 67 32 0 49 24 0 97 86 52 0 
31 0 74 52 0 45 0 0 0 92 0 0 22 42 54 
0 0 0 88 35 0 2 0 6 61 10 90 0 7 
38 0 0 0 42 0 98 54 23 99 40 37 0 
10 39 42 62 89 75 0 82 0 0 26 0 
0 0 10 87 14 28 32 40 62 47 30 
50 16 90 0 0 96 28 33 57 41 
94 0 0 93 58 59 51 28 33 
0 52 87 3 4 74 25 56 
82 18 50 83 10 85 87 
4 0 0 9 0 42 
5 39 0 47 90 
21 0 92 0 
22 31 100 
58 43 
30 

#i: 5
43 98 0 49 94 90 8 0 44 40 0 55 80 73 60 0 0 91 0 94 0 56 0 65 89 0 60 71 7 73 0 76 27 8 0 4 75 0 3 49 76 18 60 
24 48 80 8 0 89 1 99 56 46 0 91 90 66 74 31 56 48 15 15 77 66 0 53 76 0 77 96 35 87 8 69 81 65 81 48 53 0 61 47 27 9 
0 87 77 75 0 13 16 66 0 27 74 6 48 78 77 0 52 4 62 38 97 0 0 0 65 88 74 51 0 22 54 84 0 11 86 23 0 92 0 0 0 
22 64 37 55 44 0 4 12 69 0 12 92 0 50 25 62 35 6 75 70 56 48 61 10 94 84 20 38 35 20 99 36 41 5 75 58 0 97 17 81 
58 0 88 20 98 95 52 33 37 0 18 55 73 0 97 6 70 74 45 8 0 97 0 40 23 47 7 93 25 64 84 55 14 44 61 33 51 0 15 
51 45 46 97 89 16 0 67 18 0 0 19 79 56 26 42 74 52 36 43 64 28 15 2 96 40 45 88 0 97 63 86 65 24 18 77 21 36 
11 13 28 91 4 80 44 44 41 0 3 77 62 53 0 67 73 73 3 90 51 0 7 5 0 0 100 29 0 2 93 62 76 0 42 48 0 
0 0 33 84 51 0 16 96 82 70 81 97 33 47 2 50 0 41 11 0 86 28 82 33 33 5 80 15 53 98 0 34 78 63 92 0 
0 12 7 55 1 0 0 12 39 26 0 17 51 50 63 31 100 67 59 58 0 5 32 0 90 29 89 0 6 0 2 0 0 55 66 
38 91 0 0 33 0 18 7 38 40 0 47 0 97 14 0 43 71 65 93 37 59 66 78 0 30 2 39 0 3 0 78 78 0 
52 35 48 0 4 18 43 90 4 16 18 22 24 42 42 35 51 19 3 62 72 0 0 0 71 0 52 90 85 8 47 52 0 
87 23 22 99 3 90 78 0 35 87 0 37 18 57 74 0 0 51 0 64 86 48 13 48 30 93 23 31 14 0 0 39 
0 0 54 12 0 45 0 39 86 0 0 86 62 10 41 36 100 0 0 0 0 62 43 43 52 52 27 0 0 36 0 
0 15 44 0 24 42 80 94 3 89 34 70 0 94 0 88 40 27 9 23 0 9 26 0 12 44 55 20 31 20 
0 0 33 96 24 0 0 22 37 89 58 26 91 56 57 0 76 0 72 62 39 8 82 91 26 0 75 10 77 
70 59 0 66 26 46 71 0 0 11 35 0 0 0 51 0 24 70 39 99 39 43 0 11 52 78 0 29 
86 0 56 0 73 50 28 54 0 46 0 0 0 22 0 0 0 46 34 42 26 79 59 0 75 64 7 
52 0 100 0 0 35 16 17 0 55 83 10 32 0 60 51 0 50 69 0 77 29 24 16 80 68 
0 68 97 98 49 53 80 89 0 69 96 37 65 4 71 11 0 69 46 3 49 51 35 1 75 
0 0 0 0 15 84 73 92 50 79 0 68 1 25 45 0 0 20 0 34 60 61 0 0 
0 85 89 43 0 15 53 0 16 0 27 79 90 54 15 41 98 6 78 2 29 76 69 
63 64 0 0 66 24 26 72 0 0 22 21 0 40 92 85 83 33 56 57 68 50 
72 1 49 55 53 45 6 0 70 0 64 18 27 63 0 73 34 100 0 3 0 
48 11 0 58 66 50 82 65 53 62 85 83 94 66 64 47 56 32 26 38 
20 6 0 72 37 86 34 12 13 95 0 0 45 28 4 0 63 80 83 
78 57 0 96 0 39 60 0 33 0 91 71 84 46 47 21 38 60 
0 0 50 7 64 30 0 0 61 41 0 67 13 99 71 99 49 
39 20 77 6 92 0 70 84 87 33 1 72 63 0 52 58 
10 57 13 44 0 91 80 30 39 42 0 0 25 7 33 
65 52 0 78 0 35 46 29 48 47 51 46 0 69 
68 0 25 0 83 29 90 30 10 1 72 3 0 
97 0 88 11 80 41 80 16 41 79 99 50 
20 88 0 57 8 33 21 0 8 0 57 
39 22 75 0 1 79 7 73 0 10 
80 4 0 39 0 65 90 91 21 
0 0 0 9 36 72 42 0 
20 25 58 83 0 37 65 
46 33 89 0 2 31 
0 26 82 89 58 
0 38 78 71 
24 29 0 
49 0 
69 

#i: 6
4 38 83 94 0 14 71 0 10 2 58 31 0 2 7 59 100 0 4 30 21 64 92 56 3 15 93 77 98 23 0 84 79 0 0 0 0 0 0 56 0 0 
71 98 71 18 98 57 46 70 52 84 48 0 33 8 63 27 14 26 2 29 2 0 0 0 14 0 29 58 6 40 4 93 4 39 0 16 45 59 0 44 5 
92 93 78 0 73 0 3 58 99 52 29 42 67 65 86 19 0 0 57 40 18 83 75 0 0 87 85 12 10 0 64 63 68 56 65 85 49 95 46 82 
39 0 0 33 59 79 80 79 0 37 42 69 87 57 0 63 68 20 15 6 13 0 75 60 27 54 0 0 0 40 70 18 0 14 0 37 92 79 0 
96 0 34 10 0 83 32 3 76 0 0 42 19 0 5 78 95 72 94 31 0 0 64 61 0 0 17 70 0 9 100 96 72 100 20 17 0 22 
70 97 13 64 53 22 42 0 36 0 41 35 51 30 100 58 7 75 34 78 51 86 25 35 29 92 31 47 39 90 0 0 20 91 41 24 77 
0 38 0 0 67 83 0 100 44 47 68 88 35 0 24 22 32 0 0 10 0 38 64 0 31 0 56 64 18 8 16 0 64 93 33 41 
0 24 59 78 24 55 0 83 36 23 0 0 0 0 0 88 32 61 0 52 51 10 0 0 0 76 13 21 0 64 48 0 24 56 0 
55 43 52 70 85 36 41 66 15 43 25 19 65 14 0 0 0 77 0 69 0 88 29 26 6 70 0 99 24 0 26 84 0 0 
0 41 10 0 7 0 0 3 0 74 0 1 62 18 71 11 83 75 0 65 35 63 77 5 32 0 49 9 12 90 90 0 0 
74 0 96 75 71 49 72 51 91 71 61 8 26 0 35 80 46 75 0 15 0 0 35 0 0 47 90 48 52 33 5 9 
69 7 89 19 44 50 36 15 73 0 64 93 88 33 0 77 0 0 51 0 52 40 49 15 56 37 81 0 0 41 0 
0 80 21 91 99 48 40 73 0 0 0 0 9 12 0 88 79 72 0 18 0 98 0 65 95 15 54 48 0 0 
29 64 58 24 0 13 7 39 0 13 17 0 78 87 26 33 58 46 0 41 77 0 0 6 78 15 81 0 34 
69 0 73 94 23 52 77 1 10 0 33 21 0 0 81 0 38 43 46 43 88 0 77 35 74 30 45 52 
78 29 0 41 0 0 44 94 83 60 53 30 0 2 92 76 62 57 56 52 82 42 15 87 14 99 14 
0 9 0 41 36 32 0 52 19 99 88 0 0 0 60 24 88 91 45 54 43 46 22 0 63 63 
38 60 76 13 9 27 33 0 83 83 0 88 0 21 11 39 20 36 55 0 69 0 36 10 11 
0 57 0 36 84 36 84 34 9 0 70 90 5 56 19 46 18 0 64 0 0 52 6 39 
65 52 97 35 0 1 3 14 48 53 0 11 88 0 0 72 0 80 0 64 77 0 74 
20 29 69 0 0 0 0 32 92 0 0 61 0 0 57 46 0 55 1 0 0 5 
0 75 9 2 1 35 18 12 74 52 90 20 81 0 88 59 88 66 89 84 0 
25 18 0 31 0 24 15 20 47 22 84 39 0 48 81 0 38 21 88 8 
65 82 80 86 0 0 54 43 94 26 96 89 54 77 6 21 49 0 11 
56 22 1 33 40 70 78 0 96 68 82 54 11 47 29 20 79 51 
27 64 12 18 58 16 0 8 85 0 0 81 25 98 0 19 96 
0 81 26 64 66 11 7 35 0 72 64 6 0 57 44 97 
18 0 33 53 91 0 89 56 54 59 0 40 25 75 15 
0 44 10 0 0 95 11 76 0 0 1 0 80 94 
60 14 0 95 91 56 92 0 71 23 33 53 38 
65 56 73 0 0 16 70 37 0 0 84 0 
73 74 28 0 98 87 40 53 19 4 0 
0 11 0 81 30 43 88 32 98 0 
61 94 84 10 56 3 0 75 62 
13 73 43 0 96 86 23 83 
83 0 60 16 0 0 0 
0 0 71 0 100 0 
72 0 100 0 100 
82 0 0 0 
0 97 66 
4 0 
52 

#i: 7
0 76 0 0 79 61 62 91 66 0 0 74 62 32 69 0 2 0 93 0 0 16 12 0 50 76 23 86 62 91 0 17 4 14 6 96 8 98 0 0 0 
0 12 65 0 38 0 67 75 79 98 6 9 3 68 0 22 41 0 55 62 68 70 73 70 42 0 93 0 67 24 93 76 48 28 27 56 99 53 39 61 
63 49 84 86 0 6 25 4 82 68 0 75 27 42 82 28 0 68 0 43 97 5 50 0 94 91 0 32 84 88 0 51 38 46 0 0 55 25 75 
69 2 8 1 0 32 20 0 12 50 0 0 91 9 39 50 0 16 98 51 98 29 100 39 57 37 0 14 63 10 20 89 80 43 32 7 86 75 
0 82 38 0 74 12 59 49 0 0 7 0 52 92 0 0 77 66 0 37 62 3 86 50 78 59 0 59 0 0 0 0 0 36 37 33 0 
0 67 25 0 39 63 13 82 87 13 0 54 58 62 0 91 0 46 99 0 5 42 51 87 37 0 46 0 10 0 25 0 79 0 0 64 
0 21 0 6 7 9 0 0 0 16 32 0 58 81 29 53 37 0 0 18 35 18 0 0 99 58 45 94 0 0 90 13 28 76 56 
27 0 98 96 0 0 57 0 8 0 0 93 0 60 60 6 24 73 0 81 64 98 0 39 82 40 0 89 0 0 55 51 43 0 
0 68 0 58 67 82 34 35 10 17 70 79 94 16 93 34 14 94 52 0 91 56 1 88 0 88 98 94 84 96 48 83 90 
0 6 0 0 79 74 61 0 85 2 57 66 76 3 77 62 29 33 0 68 86 59 0 71 90 0 0 88 45 35 0 8 
0 0 9 51 59 28 44 9 24 58 44 0 48 0 52 64 73 85 25 0 91 24 36 46 0 6 5 84 83 0 0 
0 0 78 4 45 33 69 51 9 39 95 0 0 22 0 61 19 0 0 78 0 51 53 45 67 0 96 18 0 94 
6 59 0 0 35 11 77 51 0 84 0 9 0 95 0 81 0 85 3 69 0 72 71 0 60 0 69 96 0 
27 0 0 0 0 69 30 29 19 0 0 7 86 92 28 33 13 37 62 9 0 0 84 0 74 68 0 16 
13 44 0 0 63 30 48 77 57 42 97 40 0 63 0 77 0 5 48 0 53 15 0 52 0 62 0 
59 7 1 7 44 1 0 22 0 0 94 92 0 36 0 86 0 16 76 0 0 65 22 72 0 77 
72 98 78 74 16 13 2 52 47 37 98 37 3 40 45 33 0 0 4 28 78 38 71 56 98 
0 73 36 0 25 77 3 85 12 48 92 41 28 0 64 0 0 34 50 87 78 58 23 37 
99 37 19 100 59 40 44 32 19 53 13 0 98 98 76 86 44 36 0 11 0 46 50 
0 61 58 0 99 0 26 99 0 0 54 0 0 49 73 74 73 89 19 0 47 47 
0 93 28 40 0 59 0 50 93 0 27 100 89 41 27 87 51 88 21 70 79 
10 0 0 0 100 43 74 57 72 11 27 0 16 16 62 74 0 0 94 9 
10 95 43 83 6 50 19 88 100 0 91 42 76 0 28 0 27 0 64 
55 97 0 43 0 49 71 0 67 70 73 10 22 45 44 17 2 56 
57 83 40 45 0 67 25 68 62 37 59 22 0 92 9 63 0 
41 24 59 47 0 83 40 33 78 34 48 83 0 99 50 58 
54 17 0 4 24 0 68 0 21 84 0 38 58 0 0 
29 42 58 30 84 5 50 80 34 57 97 100 10 88 
0 70 82 37 4 73 0 15 49 97 66 72 10 
91 58 0 0 3 24 18 76 0 37 57 6 
39 0 49 39 74 98 6 34 0 48 25 
44 60 91 0 54 45 48 70 88 50 
9 0 98 4 0 0 11 0 80 
34 86 90 94 99 6 32 0 
53 74 87 39 78 17 93 
51 21 54 0 32 31 
25 0 85 0 0 
5 0 2 0 
71 28 65 
12 38 
67 

#i: 8
12 40 0 15 21 51 75 0 0 67 0 6 85 34 73 69 58 47 31 0 0 0 9 0 57 87 25 23 93 98 32 4 82 0 91 0 36 52 58 47 
72 73 28 0 0 75 56 60 40 17 0 43 0 50 63 83 11 85 80 75 87 7 54 0 7 55 53 45 95 18 84 0 72 0 0 100 7 79 81 
24 0 84 8 83 0 51 35 12 35 0 0 48 0 46 70 6 11 17 56 24 0 0 59 75 18 0 31 0 29 45 0 95 78 0 0 45 0 
38 0 0 58 97 95 0 37 10 55 18 0 45 0 70 100 6 0 76 100 0 0 0 42 12 43 49 75 54 0 0 0 0 0 42 0 0 
0 69 83 0 83 4 42 16 3 29 0 0 32 9 0 54 17 49 83 0 0 16 55 0 0 0 83 23 84 96 70 22 41 0 91 19 
98 65 0 0 12 0 35 0 0 3 0 67 39 64 0 0 50 10 73 60 27 0 15 15 0 59 0 24 0 18 0 3 0 0 42 
62 0 48 23 95 31 83 96 54 20 0 0 72 41 6 67 12 31 74 0 16 0 24 0 58 53 22 57 0 62 22 75 0 20 
58 0 44 0 25 37 0 45 80 84 63 100 3 0 21 47 4 14 86 0 21 35 12 76 0 0 13 39 40 76 2 69 19 
0 22 88 25 0 0 68 33 49 17 49 43 0 44 55 73 60 25 86 0 56 44 22 41 0 0 31 0 80 8 44 21 
0 0 66 0 0 0 29 75 0 98 0 3 0 78 81 0 58 0 42 53 99 2 97 12 0 10 5 77 52 0 7 
0 97 0 27 70 74 0 0 81 47 0 22 88 57 28 79 36 0 14 28 79 53 70 0 0 0 76 0 0 38 
0 0 0 28 82 0 0 8 22 51 91 97 79 93 81 1 95 79 6 50 22 0 0 99 46 72 0 22 96 
52 39 28 38 30 17 87 59 78 0 0 41 26 82 83 87 0 93 37 34 45 61 78 67 65 68 0 1 
48 7 20 63 47 0 71 0 16 47 17 21 76 53 0 0 0 3 11 67 6 100 97 0 98 65 85 
0 48 88 0 96 6 80 0 0 72 0 20 0 94 0 72 77 45 17 83 72 20 89 75 76 99 
4 0 57 97 95 88 0 65 68 94 13 40 69 20 21 81 26 30 56 71 78 39 4 80 72 
30 0 67 81 53 22 0 78 0 22 44 0 0 51 7 60 45 10 32 64 31 0 38 0 
75 54 82 47 25 42 34 28 15 73 53 96 6 21 83 0 49 67 27 74 65 75 0 
8 18 22 78 4 0 52 17 0 42 78 10 74 56 99 0 0 28 40 73 67 0 
55 58 0 54 23 74 37 10 69 12 0 42 0 0 0 12 56 83 1 0 0 
48 29 89 56 74 0 49 91 7 23 69 17 0 0 56 76 0 40 0 66 
66 10 0 0 36 93 0 35 24 76 91 9 96 78 30 87 0 61 91 
14 19 0 0 0 8 66 30 0 66 60 57 0 76 20 0 0 48 
55 0 32 0 0 0 44 0 34 0 75 63 66 62 64 76 98 
47 90 18 0 4 92 52 85 0 0 19 52 0 0 15 34 
98 0 31 0 42 52 81 0 24 2 60 18 38 47 31 
75 80 40 87 61 96 46 42 24 38 19 39 58 80 
99 99 66 14 80 29 0 84 0 57 48 0 0 
63 18 0 42 0 52 71 85 30 80 57 0 
38 0 0 0 21 0 11 21 74 0 19 
37 0 54 0 96 88 97 89 3 51 
25 87 35 37 40 65 56 63 5 
3 98 43 57 3 2 0 68 
35 0 75 98 0 36 0 
26 0 38 57 11 70 
50 57 23 88 51 
32 73 0 80 
32 5 23 
69 60 
0 

#i: 9
0 96 41 0 0 0 65 2 0 24 5 46 100 26 72 15 70 31 77 0 66 30 0 30 73 0 47 31 0 88 70 56 60 59 0 27 84 0 0 
63 49 15 84 46 98 31 7 86 51 0 6 60 92 60 29 37 9 60 99 26 67 62 81 99 59 62 44 60 0 48 35 76 69 0 0 60 43 
20 0 96 23 0 28 89 0 0 50 42 74 73 56 4 31 44 37 0 0 46 100 63 96 58 60 18 13 88 19 37 72 5 0 60 27 60 
82 60 91 47 0 52 74 55 46 45 11 30 63 99 92 1 0 4 0 78 48 3 46 0 47 36 74 82 30 62 12 69 0 0 0 0 
49 38 100 29 0 35 24 0 0 30 78 0 56 36 8 48 8 51 24 0 32 0 75 53 0 89 0 0 59 63 46 18 19 84 91 
0 98 80 31 88 55 48 69 0 89 36 3 0 24 20 26 42 58 60 16 4 61 16 84 45 55 0 98 95 0 55 6 49 50 
89 97 88 65 85 93 26 0 56 50 93 0 33 56 8 0 66 31 0 0 0 66 85 0 34 78 27 8 20 56 14 60 1 
10 73 18 18 65 0 22 77 33 0 11 89 47 61 82 62 0 85 39 48 56 7 32 89 17 74 36 14 43 17 94 10 
97 57 0 25 31 11 7 62 77 27 0 25 0 0 15 52 0 62 76 0 65 25 44 3 95 16 0 38 45 47 33 
5 6 72 3 60 0 80 70 45 0 64 49 22 0 1 0 90 51 43 74 34 72 29 0 8 51 0 79 0 80 
14 72 55 14 92 45 55 78 5 0 84 0 91 19 8 0 0 35 44 97 43 0 52 1 55 45 19 1 84 
0 0 56 33 0 3 61 9 0 12 10 27 100 0 0 69 0 59 90 45 29 0 7 0 37 97 80 0 
3 9 0 43 27 0 15 52 0 24 50 23 0 0 0 29 42 0 53 56 30 66 0 47 7 90 72 
45 0 99 19 46 0 97 0 0 0 0 53 56 49 46 97 37 0 82 69 80 0 0 25 0 59 
0 63 0 96 46 6 68 0 13 0 39 29 0 12 98 13 26 61 0 0 43 15 80 0 66 
98 28 0 0 13 25 69 29 90 0 54 68 32 0 84 92 15 35 68 0 0 71 0 5 
17 0 66 0 79 0 0 32 23 41 52 0 5 100 39 0 0 0 85 80 94 18 35 
41 75 84 9 67 73 7 93 14 0 0 0 14 49 60 38 15 88 57 69 0 73 
4 69 28 45 32 0 0 64 86 0 22 41 51 1 44 77 13 62 54 36 49 
58 53 21 0 82 65 90 23 0 0 36 100 50 64 62 38 0 14 63 44 
0 0 36 56 55 47 0 56 93 85 25 0 39 88 0 26 36 74 3 
0 35 6 78 0 55 5 10 37 0 2 28 84 47 91 76 73 6 
52 11 20 0 0 0 30 21 0 10 0 59 48 0 61 85 48 
94 95 28 96 0 47 9 67 3 1 12 93 8 89 0 89 
35 49 87 31 53 0 53 0 93 19 91 16 58 23 69 
13 0 0 3 93 47 59 0 76 79 0 75 30 0 
0 11 0 0 42 7 70 32 22 0 0 21 40 
42 43 0 48 14 43 55 98 90 47 0 0 
74 27 71 62 86 52 24 42 0 12 0 
0 0 66 56 28 100 82 0 45 45 
49 99 41 21 0 35 61 0 58 
68 45 64 71 34 16 64 27 
36 0 68 0 20 0 0 
27 0 67 0 20 0 
15 37 31 0 66 
90 8 75 9 
58 0 56 
11 41 
0 

#i: 10
39 7 2 0 0 50 81 0 0 9 47 85 63 100 0 0 14 22 0 43 42 0 33 70 54 28 7 0 33 6 0 0 56 37 0 68 31 14 
11 20 0 0 0 4 9 54 29 70 28 90 0 45 83 0 78 55 18 0 94 0 49 53 4 44 64 0 73 44 0 45 55 57 53 0 10 
0 0 98 22 1 78 74 4 7 53 40 55 0 0 61 47 98 0 46 51 0 49 4 0 10 47 85 74 54 35 61 76 73 23 42 56 
38 71 0 43 12 0 20 25 0 86 64 12 9 0 93 0 56 92 92 75 34 0 64 27 70 53 78 0 41 99 6 46 38 75 0 
80 0 36 24 92 37 85 32 26 60 14 36 0 26 24 0 0 54 35 24 62 87 95 60 0 0 0 87 39 87 14 2 39 76 
94 10 4 50 0 45 45 46 0 64 31 97 0 54 14 48 69 73 11 44 4 25 0 22 0 56 0 0 46 0 47 32 64 
0 74 56 19 15 4 24 31 0 0 0 85 63 0 83 61 5 7 64 10 0 0 29 22 80 69 4 71 77 72 0 0 
85 43 88 0 0 0 37 0 0 15 49 6 29 55 41 39 41 69 0 67 65 29 0 30 0 0 0 47 20 0 5 
86 74 73 0 14 53 88 4 46 75 17 29 0 86 30 98 89 0 60 96 0 10 10 25 57 24 24 99 60 4 
38 13 0 76 85 93 86 0 73 0 27 0 78 46 43 0 0 34 93 10 0 97 25 1 0 53 79 0 34 
100 47 84 8 31 73 89 13 54 28 94 0 59 92 0 37 0 0 0 91 85 0 0 0 0 81 10 100 
96 8 0 66 0 17 9 2 67 0 18 29 37 63 0 92 59 69 46 0 26 27 64 62 0 0 0 
85 72 26 72 90 98 0 78 0 62 40 78 68 12 20 33 55 92 0 2 6 2 0 0 0 64 
11 0 0 38 51 0 97 0 19 0 45 50 23 26 0 0 0 21 45 32 0 37 92 0 76 
0 0 87 65 68 43 64 37 0 93 45 78 11 68 45 61 2 8 0 76 84 57 88 23 
72 75 89 60 100 0 7 47 43 1 92 99 80 68 75 0 19 91 0 0 0 16 20 
50 50 5 0 27 29 36 0 0 65 59 43 72 31 18 0 92 12 75 11 0 97 
26 0 48 0 0 5 87 97 0 42 69 39 0 88 89 80 80 43 0 26 10 
0 39 97 33 4 8 31 35 72 77 37 10 3 57 79 85 47 20 58 63 
68 8 51 89 96 25 79 6 85 28 28 16 0 34 27 17 11 11 89 
79 0 29 17 0 26 31 79 0 54 23 87 64 74 0 96 96 26 
41 58 0 70 55 0 0 41 11 47 0 79 30 31 0 0 28 
33 40 53 19 69 18 79 43 27 28 98 35 98 28 0 45 
0 0 49 0 16 34 44 2 0 84 0 0 43 71 84 
83 49 69 0 90 0 94 61 4 94 81 0 0 55 
5 46 2 76 0 0 15 34 0 75 0 41 0 
4 94 62 84 18 0 39 88 36 55 0 48 
5 15 11 0 0 28 0 17 0 10 83 
0 94 69 14 45 25 36 30 9 85 
31 75 87 0 2 42 8 98 0 
68 9 37 0 66 9 81 0 
66 1 30 0 31 3 4 
0 0 14 25 0 0 
83 1 23 100 0 
34 88 0 26 
58 0 0 
79 50 
61 

#i: 11
54 15 7 79 16 0 89 48 0 24 20 0 0 0 39 23 18 87 0 74 100 70 0 7 34 91 87 99 0 0 100 51 25 83 57 0 25 
84 15 9 79 27 90 0 33 0 0 11 92 24 88 9 9 0 0 10 82 0 55 0 0 0 89 50 91 53 22 66 0 79 64 43 36 
14 30 0 0 19 0 87 13 0 13 25 59 21 70 45 62 45 10 0 5 75 0 2 0 99 79 61 58 0 12 94 77 26 58 64 
7 31 93 54 30 87 34 75 68 17 3 0 0 29 66 30 74 79 54 42 74 28 79 33 79 59 0 94 97 20 0 0 76 14 
85 37 64 61 19 30 91 11 35 0 21 45 73 58 20 0 1 0 62 43 0 73 0 38 70 76 0 69 15 79 67 99 90 
7 0 22 64 56 40 93 62 59 49 86 66 0 95 0 0 60 67 59 70 22 81 42 81 19 7 76 41 35 0 1 4 
61 0 16 24 6 2 78 86 67 18 63 0 0 96 15 26 48 57 69 0 3 85 51 0 0 34 0 36 0 16 19 
0 74 4 0 0 0 43 100 0 0 24 70 74 58 27 67 38 16 0 69 0 13 44 0 77 86 1 79 1 37 
72 94 0 40 12 49 34 24 0 49 41 70 17 30 0 58 29 83 18 55 25 95 53 18 6 0 83 21 100 
0 80 71 73 25 91 51 85 43 20 43 76 87 0 15 78 56 86 0 31 72 0 28 39 96 22 7 32 
13 46 0 35 82 93 30 40 0 0 12 15 88 57 72 0 46 10 59 22 0 36 90 86 6 25 16 
0 0 1 0 56 53 43 40 67 0 11 10 0 34 35 99 40 25 72 0 39 60 61 72 60 79 
87 52 89 57 96 16 0 79 0 10 0 5 41 0 57 12 0 63 36 47 79 11 0 0 45 
8 42 0 79 76 59 47 23 46 69 48 0 0 90 62 12 0 84 0 74 59 38 83 30 
84 65 46 53 23 49 56 7 0 0 28 67 0 47 18 0 73 10 9 66 8 3 6 
31 36 30 56 2 57 87 91 68 56 0 20 0 59 0 17 59 0 74 67 34 49 
27 0 23 30 0 0 0 70 80 84 0 60 96 53 26 4 0 26 12 35 66 
0 0 37 26 51 4 0 38 52 0 96 0 5 42 16 51 79 0 4 4 
74 0 26 26 0 51 0 2 5 24 86 0 12 63 0 39 67 18 82 
0 98 0 0 0 36 0 16 0 35 19 96 20 90 49 17 5 20 
61 15 0 0 0 37 46 43 93 42 69 55 0 88 77 26 98 
12 0 17 0 24 0 59 0 74 93 35 64 100 20 21 0 
0 49 23 78 0 58 77 1 77 28 0 35 34 24 0 
10 0 100 0 8 88 90 62 0 86 78 72 58 13 
76 29 25 6 56 10 0 0 80 8 100 34 45 
84 75 53 18 98 0 3 0 47 0 0 74 
78 83 45 20 31 95 42 72 52 49 68 
15 48 93 0 99 0 81 34 0 2 
39 42 35 54 79 58 68 0 77 
0 69 70 0 34 83 84 60 
63 93 0 33 34 17 0 
0 53 99 46 3 11 
68 92 0 7 79 
74 0 59 24 
63 0 84 
0 36 
75 

#i: 12
23 0 75 12 38 87 29 27 88 0 12 64 0 9 0 26 25 5 39 89 99 0 0 0 21 60 100 79 0 0 0 29 2 33 2 80 
66 97 43 14 16 23 36 25 7 0 41 29 76 66 17 79 37 14 70 10 97 24 21 8 48 3 83 0 88 84 26 0 45 0 0 
43 88 19 0 0 52 20 0 44 94 0 16 0 56 70 82 16 20 72 56 16 78 47 50 71 29 98 17 94 0 17 69 30 0 
37 0 2 0 4 0 52 40 0 0 0 99 76 0 68 0 0 36 55 48 32 84 51 81 78 37 81 15 44 96 2 84 96 
10 0 0 0 92 83 68 7 98 0 0 0 0 61 83 42 0 0 15 91 8 86 71 42 97 54 95 1 50 35 80 52 
18 11 69 0 0 0 79 25 75 96 62 40 0 0 75 75 38 14 43 52 80 39 57 78 26 9 0 94 74 79 90 
0 0 40 77 38 62 0 56 58 19 65 0 0 55 57 59 68 18 50 67 45 2 13 13 0 91 58 73 67 0 
44 91 66 74 82 69 55 0 0 19 0 0 6 0 0 0 35 72 0 18 61 0 62 76 66 49 87 41 19 
26 42 44 84 82 78 99 0 0 65 0 20 0 49 71 23 0 0 3 98 35 82 0 0 0 95 99 17 
2 97 47 0 48 70 7 72 53 0 94 5 74 24 34 87 85 0 24 35 2 75 45 0 86 76 3 
39 68 8 65 28 3 56 80 60 6 0 10 0 65 0 42 67 52 23 0 0 25 83 39 94 71 
63 83 53 75 0 0 10 60 44 0 11 0 3 96 83 6 93 37 34 0 35 0 11 9 60 
0 0 0 60 7 94 56 96 0 69 35 41 4 0 63 0 68 38 54 45 37 55 0 67 
9 0 0 0 60 3 39 1 79 45 5 5 0 15 0 0 6 27 67 14 99 0 82 
0 37 36 72 86 0 96 0 61 63 68 0 0 40 0 0 69 0 87 0 0 40 
18 70 94 25 89 28 0 0 88 51 43 98 50 0 99 32 33 38 0 57 75 
45 44 14 0 0 0 25 0 0 0 63 0 57 0 59 24 2 0 31 20 
0 34 68 0 91 50 36 27 20 81 28 9 51 75 0 75 44 34 57 
5 58 58 86 0 30 0 0 0 0 0 54 0 17 33 61 50 100 
83 0 95 39 34 29 0 0 0 25 36 84 0 50 43 71 61 
0 0 65 66 1 0 34 0 6 51 0 26 0 12 60 86 
12 38 8 80 0 69 50 0 9 0 0 72 25 78 78 
0 52 43 42 54 0 60 87 31 46 0 0 90 93 
67 50 88 45 31 0 76 0 46 57 0 0 63 
1 18 76 0 35 43 0 57 44 83 0 55 
91 35 86 0 40 43 55 0 0 85 6 
62 6 73 85 15 15 0 69 6 0 
18 0 56 67 0 0 23 74 99 
0 89 50 59 40 0 0 60 
39 45 0 60 100 28 58 
18 9 21 79 0 61 
0 87 0 73 52 
0 14 59 14 
0 28 90 
30 0 
99 

#i: 13
45 0 0 82 35 67 19 7 70 97 58 91 0 87 0 0 31 21 82 0 90 73 1 13 41 54 9 35 0 0 89 94 43 30 0 
89 49 24 74 91 0 24 32 0 58 33 0 15 93 74 0 5 78 0 40 12 0 87 0 30 0 35 77 2 99 58 15 53 45 
33 0 62 69 69 0 23 48 61 0 52 0 98 80 0 62 43 41 0 0 43 0 0 52 51 100 70 85 10 71 0 67 81 
0 33 0 49 20 14 0 19 0 98 0 83 59 75 65 0 75 28 68 31 1 28 0 44 11 93 26 0 16 4 13 48 
47 93 0 42 74 58 65 79 7 2 99 43 24 0 56 5 83 49 97 0 0 27 52 9 0 80 4 7 34 42 69 
64 0 54 23 63 86 43 62 21 76 20 58 53 97 50 0 69 0 33 11 86 0 0 56 29 67 32 22 0 43 
79 10 49 84 25 63 46 71 99 58 25 0 0 0 0 14 26 90 74 77 55 0 0 4 0 46 30 75 40 
58 88 20 16 81 52 44 58 0 2 52 0 54 12 10 89 27 55 74 34 4 39 75 67 3 0 16 34 
87 28 0 52 37 17 0 30 0 27 0 55 50 38 0 80 0 53 94 30 84 77 40 79 94 66 74 
3 38 29 86 30 95 13 3 34 0 42 6 2 0 63 86 4 71 0 60 45 76 66 69 0 50 
87 0 73 82 0 53 85 0 0 0 32 83 10 24 0 77 4 83 17 14 99 80 61 11 0 
17 19 40 86 70 59 0 93 24 0 86 81 23 56 22 0 68 25 3 3 0 17 42 92 
85 95 61 64 69 12 0 0 31 0 61 6 89 56 11 81 0 54 0 22 7 9 0 
9 45 0 74 52 48 0 58 0 0 72 0 67 0 11 95 0 51 86 0 0 100 
97 43 72 73 19 88 0 61 0 2 29 0 77 5 63 14 30 28 49 7 22 
0 1 86 0 87 18 31 65 4 92 9 0 67 58 0 15 57 0 39 0 
0 81 62 69 68 59 99 31 78 37 27 33 0 74 99 52 13 0 0 
98 30 40 59 8 0 20 0 0 42 37 99 55 60 62 71 13 92 
85 100 40 83 5 46 0 29 98 0 63 0 2 23 64 79 52 
43 0 89 0 0 8 27 54 82 80 36 37 91 85 51 69 
76 0 8 17 99 61 29 26 0 67 63 90 79 10 0 
38 0 95 0 0 5 14 0 10 75 6 0 20 0 
98 0 77 32 79 13 37 26 0 76 39 84 29 
19 30 9 97 18 54 99 12 36 57 45 7 
73 78 0 0 0 17 0 0 31 0 39 
50 59 5 0 62 0 96 86 54 69 
46 0 24 63 55 11 0 0 1 
0 2 7 61 3 82 39 0 
0 79 34 66 0 47 0 
0 50 47 0 5 3 
8 0 0 0 5 
98 46 0 13 
0 0 0 
0 58 
0 

#i: 14
82 0 0 32 54 65 76 100 92 37 0 41 26 90 0 0 0 15 55 0 67 84 3 7 0 54 67 0 0 71 0 0 97 66 
54 0 95 100 95 57 0 72 0 0 2 16 0 14 69 77 0 0 51 26 11 0 15 74 0 42 87 10 5 69 24 90 2 
0 53 67 47 0 63 0 61 23 69 94 92 24 10 0 0 0 40 26 45 87 0 0 0 67 21 0 76 0 0 57 86 
9 0 73 51 0 0 90 18 90 9 81 62 0 70 0 0 13 24 56 0 70 0 91 4 14 46 0 13 49 40 0 
0 0 9 0 7 94 37 22 24 43 99 39 0 0 32 71 0 74 0 0 82 21 62 8 54 49 50 0 0 54 
50 34 0 0 40 83 19 38 69 60 0 32 87 55 0 0 85 97 0 0 0 64 0 30 63 0 48 0 0 
7 0 0 0 94 0 69 6 41 13 90 75 0 17 60 0 0 25 99 0 0 0 75 75 28 0 0 65 
84 20 55 18 65 0 65 2 44 45 54 0 41 0 51 22 0 19 55 0 83 49 30 70 100 20 57 
47 0 0 0 34 0 93 93 38 0 85 84 63 17 56 38 54 88 0 0 80 72 49 82 0 78 
49 32 9 50 0 71 68 0 0 70 50 15 14 80 65 29 77 81 85 0 61 11 0 26 28 
79 95 0 67 91 66 0 15 95 9 0 7 0 85 58 24 77 98 45 10 0 23 94 40 
86 72 71 100 45 67 0 0 0 7 56 0 0 56 97 50 73 24 80 99 99 66 90 
98 0 0 0 14 75 85 0 21 67 49 0 0 0 0 7 26 0 79 0 0 19 
33 81 52 0 0 96 59 39 89 33 0 80 0 38 73 47 52 98 48 0 73 
0 0 48 2 40 81 0 67 88 1 66 12 0 14 81 55 84 57 51 0 
91 0 0 98 15 0 73 8 0 98 63 63 53 0 47 11 60 4 0 
75 89 0 85 2 0 33 54 29 18 83 4 18 76 47 75 31 27 
0 47 0 45 33 0 62 16 18 25 54 96 1 78 0 0 0 
50 8 0 8 41 61 0 0 53 25 61 0 0 38 100 0 
28 95 61 46 0 47 51 13 0 0 70 0 0 54 75 
0 30 27 47 47 32 14 11 40 15 38 88 29 37 
0 91 7 0 37 0 48 76 90 84 96 79 0 
85 66 5 12 15 74 87 72 23 19 23 0 
0 37 48 72 32 59 0 21 34 50 74 
10 0 0 21 79 70 83 55 14 11 
83 59 0 94 78 0 71 97 0 
51 40 20 13 72 0 39 72 
8 85 20 23 83 34 7 
11 28 0 66 0 0 
25 63 10 7 97 
93 0 66 49 
0 55 88 
39 0 
94 

#i: 15
50 45 90 86 14 69 0 82 0 1 96 75 19 98 50 36 83 87 23 69 0 77 4 0 23 10 54 36 95 73 90 92 45 
66 90 87 97 0 93 33 0 0 69 56 86 68 0 57 83 0 8 43 13 58 92 25 0 4 0 64 17 80 18 49 87 
27 0 88 0 13 9 100 94 31 5 54 0 0 44 29 68 59 0 59 69 0 4 80 0 95 18 34 23 0 94 7 
30 97 94 60 21 10 98 29 79 63 0 0 92 0 0 61 3 42 0 0 50 71 67 0 2 73 0 0 19 47 
7 18 57 54 31 30 64 14 0 89 92 0 84 26 61 64 99 76 0 37 79 92 11 99 0 36 62 85 15 
76 0 11 82 27 92 24 83 90 1 69 75 15 0 50 37 73 23 34 36 3 59 91 0 41 0 94 0 
53 0 19 8 81 7 0 54 62 12 9 0 35 9 93 100 88 55 41 54 21 51 0 0 82 63 11 
0 8 0 14 0 0 38 69 73 0 19 0 0 34 48 4 10 45 43 99 0 78 57 88 0 0 
63 84 0 66 0 0 75 39 92 0 0 40 0 60 20 95 0 37 86 73 29 1 24 99 63 
19 56 65 0 50 0 0 89 33 6 52 59 55 0 20 12 0 21 12 11 13 72 92 58 
25 50 28 74 42 25 59 0 0 80 79 75 76 0 85 35 54 92 81 65 0 41 0 
82 0 71 22 44 41 74 45 38 7 5 83 50 73 80 0 95 0 91 63 88 37 
9 98 45 15 6 32 61 98 0 62 33 17 51 54 0 0 0 8 0 31 32 
5 0 87 99 86 68 50 33 59 40 41 0 13 5 20 75 27 16 46 99 
75 87 51 84 87 93 1 71 14 0 0 14 88 0 81 98 0 49 48 
74 0 45 72 0 3 0 0 36 100 59 89 85 18 24 63 37 27 
29 5 0 69 0 0 51 0 63 54 92 55 13 82 20 14 0 
22 86 86 0 0 0 29 0 19 57 51 44 0 0 34 35 
55 43 3 30 11 73 98 0 0 25 26 0 75 59 0 
18 92 96 4 18 26 72 25 0 40 2 21 28 93 
0 2 96 0 7 10 96 0 41 39 83 48 59 
49 4 0 86 0 0 1 46 54 47 70 0 
30 0 52 0 0 0 68 79 7 0 0 
99 35 95 76 11 0 0 42 89 0 
29 27 41 7 79 0 27 0 82 
26 48 65 37 74 22 0 47 
0 12 0 7 94 0 62 
4 16 48 0 19 99 
68 36 65 0 60 
77 59 1 0 
0 0 32 
71 0 
85 

#i: 16
49 2 0 42 5 0 0 0 38 49 97 11 44 0 88 16 25 0 25 58 100 44 49 60 63 40 0 0 22 43 0 0 
42 11 90 30 49 3 72 43 0 0 14 4 53 36 0 0 48 47 29 88 30 77 25 99 87 88 42 91 56 42 59 
0 58 0 44 100 12 95 0 30 64 24 42 100 0 0 33 5 78 0 6 9 95 1 61 28 42 51 75 0 76 
0 72 0 0 70 46 31 71 71 71 21 9 33 0 43 0 47 84 56 43 59 50 96 63 0 85 50 76 32 
64 73 54 57 99 0 97 25 0 0 21 2 91 71 17 96 30 77 8 0 52 18 0 0 99 23 77 24 
90 0 0 43 0 26 0 15 0 0 58 97 0 10 35 86 93 69 32 97 77 69 66 0 31 63 74 
6 31 4 69 0 14 0 0 14 79 0 47 89 80 82 60 61 48 22 47 46 99 78 0 50 0 
35 63 40 30 90 26 26 55 27 3 58 98 0 38 4 0 81 52 19 73 0 60 75 82 63 
20 0 37 65 92 69 71 0 38 0 94 43 90 1 94 73 57 67 47 0 37 0 31 65 
3 1 0 7 23 0 3 13 72 25 0 70 71 17 0 0 0 67 30 23 0 73 16 
77 10 0 0 0 82 72 0 25 47 13 0 82 77 0 0 0 28 6 63 41 0 
67 69 7 0 0 18 0 70 5 44 0 58 78 13 36 14 1 0 41 77 77 
2 0 0 8 97 0 83 64 0 60 76 57 81 0 18 0 62 45 0 33 
68 1 24 54 0 0 81 35 27 39 62 0 11 91 15 58 52 0 21 
47 86 19 0 32 48 22 19 33 0 89 0 71 97 70 57 43 75 
0 99 63 14 53 25 29 0 32 6 0 0 36 31 0 6 70 
33 97 0 88 78 88 44 0 35 33 0 0 63 42 50 25 
87 0 8 55 0 0 92 64 76 73 3 45 37 33 49 
98 9 5 35 0 0 71 24 1 93 90 65 11 53 
35 92 61 36 12 0 79 2 12 0 0 74 0 
35 0 37 91 2 61 64 85 54 39 35 68 
93 0 0 24 0 29 63 15 39 85 42 
0 64 0 53 82 0 0 15 80 44 
10 0 76 99 75 0 8 18 88 
16 97 60 38 11 16 0 39 
0 43 67 53 63 68 47 
0 0 0 87 81 21 
13 17 39 31 94 
95 50 27 16 
75 90 58 
0 87 
75 

#i: 17
96 87 12 51 23 7 11 20 14 24 60 78 8 57 0 67 42 23 75 81 15 0 36 0 8 0 0 50 81 60 66 
0 0 46 0 20 39 82 13 0 64 26 80 68 60 53 65 75 41 73 7 0 0 91 94 27 0 5 11 0 0 
59 16 56 0 64 0 40 63 0 90 24 29 99 34 47 59 74 0 66 76 19 17 4 23 71 85 59 75 25 
79 76 31 0 0 30 46 90 67 0 0 27 45 36 36 95 77 0 7 74 2 99 67 66 0 0 75 14 
94 61 6 96 0 2 89 49 75 18 40 25 93 0 44 58 13 30 30 70 0 40 89 0 24 76 58 
30 0 14 34 0 66 0 0 50 60 0 48 0 57 62 26 0 33 86 99 45 26 89 0 14 4 
2 36 75 0 69 8 94 39 27 54 0 38 72 0 0 63 6 3 44 0 0 60 34 82 0 
12 0 52 41 70 80 0 0 68 47 98 84 59 28 33 0 46 20 10 0 0 0 42 91 
81 23 0 74 0 35 1 29 65 91 1 60 29 22 11 0 0 30 79 1 91 12 0 
55 58 0 43 0 23 0 68 23 87 100 42 90 0 65 6 0 95 21 22 100 29 
95 81 93 15 39 0 50 16 4 61 96 0 24 52 31 30 0 0 1 0 0 
26 55 87 56 96 65 0 54 74 0 89 77 78 0 50 27 0 0 53 56 
13 8 70 76 0 93 39 52 63 100 76 8 24 85 35 30 86 0 57 
49 55 0 94 38 78 31 63 53 38 83 41 84 88 9 82 92 81 
70 56 45 57 38 7 15 0 2 0 66 0 35 13 26 60 90 
0 0 0 0 31 51 0 63 61 27 29 0 3 77 29 100 
0 96 47 39 5 0 89 0 80 66 0 41 31 0 0 
0 83 81 90 14 0 58 25 97 0 55 41 0 0 
0 85 18 48 41 13 12 57 100 0 46 81 61 
74 77 54 10 0 21 54 20 53 71 30 0 
74 77 4 0 0 17 66 83 88 9 0 
12 6 88 30 0 0 58 50 94 0 
17 9 55 45 72 14 42 0 21 
54 36 41 2 0 0 18 0 
0 11 86 0 79 26 15 
99 2 89 0 31 17 
39 33 55 100 59 
0 55 0 72 
0 89 82 
0 92 
30 

#i: 18
0 83 54 76 95 43 82 29 0 30 70 77 4 0 73 0 43 44 10 0 67 73 0 31 0 22 0 79 30 95 
23 80 62 10 38 27 31 83 5 96 77 28 0 85 5 0 0 93 60 90 0 11 54 42 39 49 72 56 0 
80 16 0 37 80 36 93 78 0 13 92 0 92 9 82 26 0 0 37 0 0 4 0 62 0 94 0 0 
0 0 7 0 0 5 21 52 8 47 90 35 0 0 0 85 0 70 59 8 85 57 0 31 63 43 34 
0 0 49 13 94 53 64 0 0 77 9 42 0 35 19 32 42 31 17 66 77 97 0 79 1 90 
59 0 15 76 66 93 0 54 0 0 57 0 44 51 46 95 0 57 49 37 0 58 0 0 40 
5 61 60 16 99 85 72 42 65 0 50 76 66 10 86 46 4 66 35 50 93 51 6 38 
0 0 0 17 0 61 51 47 96 88 61 80 0 88 15 31 63 76 25 56 0 0 10 
0 43 62 3 95 29 99 87 65 23 0 58 60 51 6 89 63 61 0 53 9 93 
0 44 38 14 0 0 91 80 0 0 31 3 5 0 0 0 5 25 65 62 95 
91 95 46 30 0 0 0 20 34 0 12 15 0 18 3 89 32 0 0 11 
92 61 97 0 60 45 60 57 13 0 0 18 0 77 32 71 0 81 0 
0 0 0 58 68 24 58 80 0 32 69 70 86 0 73 73 95 0 
8 46 82 4 72 21 13 55 74 0 27 96 12 41 0 23 45 
16 22 35 0 0 86 0 21 17 93 12 0 47 79 0 0 
57 5 67 0 35 75 0 0 58 46 17 15 26 21 55 
48 0 0 13 56 90 0 71 86 6 63 0 45 36 
11 69 72 28 0 72 0 90 72 39 6 12 77 
0 81 89 69 76 40 0 0 1 95 88 49 
0 0 17 77 0 0 58 23 0 93 58 
70 10 0 12 41 76 15 82 61 0 
0 0 33 0 82 0 0 82 0 
56 0 78 0 27 44 56 0 
9 0 53 0 98 86 40 
0 27 3 44 75 51 
0 42 0 19 0 
64 49 42 85 
0 76 18 
58 86 
93 

#i: 19
40 0 0 94 57 22 0 71 86 0 39 18 13 0 60 43 87 50 30 87 0 79 24 0 0 64 48 49 35 
83 14 0 17 37 0 0 16 28 0 0 43 90 0 53 28 44 89 65 0 40 0 62 55 95 85 0 1 
60 84 0 82 38 0 51 30 100 72 52 51 44 55 0 99 0 40 67 75 100 51 37 0 0 99 95 
8 0 61 84 88 29 93 83 72 21 62 74 77 35 19 74 48 39 0 16 74 18 89 47 1 33 
99 0 0 88 0 100 0 42 21 3 76 0 10 0 83 55 1 99 5 71 94 62 43 68 87 
54 52 0 0 1 21 42 31 61 94 47 3 27 5 36 49 79 46 65 0 0 92 38 8 
0 0 48 70 100 99 38 84 71 0 40 0 68 1 26 0 69 57 88 35 83 33 87 
100 76 29 4 51 51 14 48 94 0 21 13 73 50 91 68 61 14 19 0 0 84 
35 58 67 0 0 0 53 22 63 57 18 50 55 57 33 0 50 30 0 7 44 
21 28 95 26 10 52 79 30 28 47 14 25 53 99 25 63 0 0 75 72 
37 60 9 67 0 78 33 98 74 0 37 0 95 87 0 80 0 62 17 
42 0 94 0 43 31 93 76 69 48 81 18 0 10 0 0 89 44 
41 37 92 2 95 22 29 12 73 53 85 63 59 40 18 99 7 
80 24 0 49 77 71 67 5 1 0 54 0 40 93 79 56 
0 42 6 25 0 98 12 60 0 58 77 89 0 58 0 
80 67 6 72 0 41 23 0 55 8 21 0 46 0 
46 62 44 0 5 4 9 47 69 6 91 20 66 
88 10 95 52 8 30 37 62 94 28 89 84 
66 0 51 39 78 91 87 76 78 53 45 
24 80 82 0 38 40 0 75 6 66 
76 0 5 0 40 13 45 69 0 
50 69 71 27 50 26 50 51 
12 73 0 77 12 57 0 
92 0 11 14 0 0 
0 65 63 0 10 
78 15 0 5 
48 71 27 
56 0 
0 

#i: 20
16 83 89 0 66 33 88 31 0 0 0 91 75 77 20 74 100 55 87 32 0 29 72 0 0 73 46 75 
0 0 0 97 97 77 84 17 3 70 57 40 87 5 52 32 15 89 89 6 3 56 0 45 32 38 0 
16 81 96 0 46 0 18 12 0 80 54 26 87 17 89 19 48 17 10 0 42 18 33 29 0 0 
48 52 49 88 1 54 35 0 22 42 26 0 94 0 34 0 0 0 94 21 89 0 87 0 4 
38 54 17 39 14 51 23 0 0 56 0 13 100 100 88 0 83 8 29 86 70 28 5 27 
48 12 18 0 9 0 60 92 40 10 84 0 34 66 14 0 13 86 12 61 0 22 15 
0 77 86 32 48 42 0 0 23 0 35 80 11 40 0 0 71 32 42 0 60 0 
44 57 62 0 24 39 0 83 78 26 31 70 51 93 95 28 32 22 0 87 49 
21 70 0 83 60 23 0 65 63 0 66 26 0 23 13 54 0 38 77 40 
4 73 63 0 0 47 44 12 0 27 73 13 14 33 4 4 4 50 11 
72 43 60 21 66 17 96 0 84 55 17 46 4 0 65 84 95 5 
43 0 5 0 72 55 0 97 24 12 18 13 29 60 11 65 0 
23 34 48 53 0 49 44 85 71 95 0 37 85 96 31 98 
1 30 87 64 91 0 0 55 14 67 0 74 0 0 5 
53 31 89 0 37 0 40 0 22 96 81 85 92 31 
32 0 73 0 15 58 80 35 78 31 32 70 0 
0 41 64 13 86 0 9 0 0 23 38 0 
2 54 45 80 0 29 100 0 94 34 0 
10 25 38 34 58 38 8 0 42 0 
0 59 0 93 77 0 9 44 0 
84 75 79 79 0 55 65 44 
100 84 27 48 71 0 0 
29 0 16 7 24 57 
47 30 0 55 33 
57 23 27 48 
63 0 66 
13 37 
32 

#i: 21
82 0 0 92 45 97 0 24 71 0 40 67 0 8 85 95 0 61 29 0 27 27 38 29 57 0 0 
0 0 0 46 62 0 0 95 90 80 43 0 0 23 88 0 34 85 0 10 24 0 0 62 92 48 
99 0 77 1 92 16 53 61 58 34 29 74 49 100 22 97 10 99 10 21 87 5 15 29 79 
75 26 46 6 24 26 0 0 93 94 30 0 88 73 91 97 66 0 42 91 94 72 30 0 
96 0 0 22 0 35 63 41 14 0 0 75 3 29 0 46 7 52 72 91 0 59 0 
35 52 27 100 34 79 73 87 66 6 75 32 54 0 97 0 0 0 60 71 22 1 
16 85 0 0 4 96 0 85 100 12 60 0 0 94 65 32 63 32 47 74 30 
66 0 93 83 92 19 22 0 0 0 33 42 3 59 64 73 28 14 0 48 
83 10 0 1 55 32 0 11 71 11 0 59 0 72 0 71 14 65 85 
2 63 0 0 42 7 0 36 97 81 98 0 84 4 59 18 59 0 
6 82 98 8 98 0 0 0 0 19 39 33 30 14 36 31 69 
3 90 21 0 0 21 0 0 88 13 70 0 81 0 0 97 
86 0 62 62 39 85 1 7 0 60 70 76 56 38 81 
0 79 0 26 42 0 13 58 53 0 0 82 93 47 
59 0 59 1 93 0 0 4 17 17 48 0 56 
9 78 0 22 43 0 0 94 79 0 53 0 
46 26 0 62 0 0 68 95 0 0 57 
45 53 0 0 0 18 32 33 69 99 
0 0 0 19 28 72 5 42 35 
88 37 54 23 0 49 0 0 
0 5 1 19 0 29 62 
0 0 14 39 35 0 
60 41 45 40 76 
47 0 56 8 
7 74 42 
0 25 
27 

#i: 22
62 14 0 0 0 44 9 57 29 62 0 89 0 32 0 2 0 33 63 88 25 98 46 49 0 0 
78 35 29 0 0 31 54 2 5 0 45 26 18 45 0 88 4 79 85 48 0 0 90 0 1 
69 0 45 67 91 58 61 3 38 0 0 12 82 42 86 0 48 0 64 0 33 0 94 4 
0 54 94 96 35 0 99 82 17 15 25 41 0 0 62 72 70 86 100 56 64 40 83 
45 32 0 37 97 0 0 87 43 0 0 0 92 0 67 49 40 0 0 0 62 86 
75 45 14 29 0 38 80 68 0 18 37 12 55 12 50 50 83 41 0 98 0 
27 89 5 2 0 0 19 0 68 10 60 0 79 0 100 65 55 9 66 44 
0 40 0 35 5 44 61 37 44 76 52 0 0 54 0 20 13 0 42 
48 0 79 89 82 82 40 34 65 96 82 66 16 0 10 5 0 68 
48 0 20 0 59 38 8 20 76 75 56 42 0 78 75 12 0 
0 0 12 0 63 62 0 79 31 37 0 80 23 0 14 18 
45 24 0 0 79 18 99 24 94 47 3 63 90 60 66 
0 13 0 14 94 72 78 17 71 8 0 61 9 79 
100 14 67 35 91 0 62 0 92 0 99 78 0 
35 82 5 90 0 0 65 32 19 60 0 44 
92 50 29 25 81 0 78 85 82 97 0 
61 0 39 18 3 79 65 97 0 33 
37 21 0 12 35 0 51 18 0 
68 85 15 10 0 0 34 11 
29 2 34 100 1 81 22 
64 18 80 89 0 0 
40 28 29 28 71 
0 2 55 84 
18 0 44 
81 75 
26 

#i: 23
8 83 8 92 28 48 0 8 0 51 38 21 74 21 83 98 53 55 36 48 100 0 73 69 45 
15 72 59 100 64 24 34 63 76 18 5 46 78 64 0 26 73 16 48 52 0 49 5 50 
32 0 0 77 0 100 9 0 67 61 50 22 65 0 24 92 0 0 61 53 0 0 53 
58 0 37 0 81 0 69 60 85 51 97 0 0 0 17 3 3 37 27 44 2 0 
21 1 0 0 97 23 49 0 35 64 51 38 38 48 0 25 0 0 0 65 0 
0 0 0 0 64 12 12 39 80 43 62 83 43 24 89 35 28 0 0 21 
23 15 11 14 77 29 59 48 53 14 38 0 69 20 0 3 12 58 52 
96 9 68 0 64 22 0 25 2 0 0 0 6 98 0 19 11 39 
2 81 3 44 85 0 94 46 25 100 84 43 0 0 43 48 0 
7 89 0 65 21 73 53 61 64 5 93 0 0 8 4 81 
0 49 53 12 23 5 11 0 22 43 2 0 32 4 37 
0 1 0 60 93 24 46 0 0 92 41 93 0 0 
7 81 0 20 88 42 76 84 51 97 47 0 56 
23 5 34 14 85 73 27 18 91 39 31 71 
0 67 92 8 99 0 0 0 0 52 88 
93 0 97 0 0 0 44 2 1 56 
44 27 0 0 79 0 39 33 4 
84 0 13 0 89 32 0 9 
46 0 0 99 84 86 57 
18 15 0 0 0 0 
27 37 83 60 76 
47 99 0 8 
15 56 23 
76 0 
0 

#i: 24
44 95 46 81 51 9 69 6 3 0 31 14 29 75 84 95 44 0 72 43 8 0 28 27 
90 41 0 89 74 62 0 51 0 0 18 29 44 9 18 93 6 66 74 0 35 36 62 
58 27 0 39 86 84 59 0 16 92 0 0 49 11 43 86 11 63 73 45 25 0 
26 6 12 68 19 58 64 83 23 58 32 82 0 97 73 9 0 64 5 22 57 
13 0 78 80 0 47 64 9 26 0 0 56 47 58 75 0 15 14 62 42 
41 6 46 0 0 85 60 22 46 73 35 20 0 0 97 28 0 24 39 
0 76 33 0 0 12 35 0 0 98 99 20 0 0 0 92 21 18 
0 52 36 6 44 96 35 52 25 0 8 71 84 53 51 81 0 
100 0 100 75 2 55 96 77 0 95 0 0 85 95 32 78 
73 6 66 58 61 10 0 42 96 35 64 35 57 42 37 
4 88 65 0 94 0 96 0 77 92 0 17 48 11 
15 80 8 33 69 42 47 97 0 10 55 0 0 
0 0 69 31 0 100 44 75 0 0 81 31 
0 25 17 26 94 0 16 0 70 8 0 
97 72 7 0 54 0 15 57 27 80 
36 61 71 0 81 38 86 11 54 
31 45 4 1 61 1 55 70 
73 0 0 47 61 0 62 
60 23 16 67 0 0 
25 66 76 20 0 
32 99 62 25 
72 25 41 
31 25 
66 

#i: 25
79 23 0 0 73 74 0 14 43 10 66 77 84 24 0 68 18 0 19 16 4 48 9 
1 61 0 0 42 35 20 58 41 61 100 95 60 0 0 38 95 19 31 0 31 93 
91 69 88 85 10 0 10 0 2 78 0 72 79 59 0 41 98 55 49 9 0 
75 85 18 89 0 8 14 62 0 77 0 96 54 1 0 0 71 65 14 97 
99 84 45 46 0 37 24 90 0 4 45 44 66 26 59 0 13 0 42 
82 31 83 95 43 66 28 80 91 17 30 0 6 100 88 74 52 26 
0 55 25 83 34 0 26 44 0 0 0 22 23 26 74 7 19 
7 52 63 0 47 77 0 91 72 46 93 64 30 0 75 0 
0 27 0 51 49 99 0 0 0 0 50 0 84 77 13 
0 0 0 6 36 0 21 85 68 44 83 78 0 35 
95 0 0 22 1 47 34 0 30 20 41 44 0 
51 55 55 0 58 68 80 0 1 77 26 18 
0 22 26 46 0 7 96 0 30 0 85 
60 7 77 100 84 50 0 95 29 0 
65 0 91 0 26 10 58 57 42 
2 82 65 63 6 25 90 0 
75 0 0 23 21 77 0 
40 19 0 35 57 0 
22 40 47 0 50 
0 29 0 16 
0 50 4 
79 24 
0 

#i: 26
67 0 64 53 0 22 42 32 5 2 18 56 21 87 78 22 81 0 0 89 0 63 
94 32 0 49 0 42 1 37 41 84 94 92 60 47 34 70 40 62 24 3 0 
0 78 34 87 59 73 47 55 53 3 22 0 82 0 71 90 50 69 38 78 
95 41 0 0 31 22 94 62 36 33 42 69 99 45 95 0 0 9 7 
0 46 95 95 0 0 51 9 0 31 37 3 0 0 0 17 94 0 
55 6 24 53 13 80 0 40 89 47 8 0 63 38 45 36 83 
85 92 80 20 0 0 86 77 36 58 61 0 87 0 59 57 
18 2 37 25 0 85 88 0 34 43 50 50 88 48 99 
0 0 52 0 84 0 32 1 32 29 75 0 0 26 
75 28 0 97 46 41 0 0 51 90 0 92 3 
6 13 0 20 94 57 69 27 74 4 67 18 
26 27 0 0 6 82 0 84 40 99 15 
13 26 61 65 42 9 20 0 83 9 
1 86 71 69 6 17 58 53 0 
0 54 0 18 0 78 0 45 
51 84 0 32 0 0 72 
98 4 13 17 0 80 
95 100 16 0 91 
10 0 23 78 
92 80 76 
8 28 
0 

#i: 27
94 74 47 0 14 5 8 0 1 57 0 87 54 21 23 3 50 82 29 0 0 
0 0 59 60 95 73 0 29 68 74 33 13 16 84 76 90 0 84 13 17 
41 19 42 85 46 27 76 42 64 21 79 41 8 51 75 93 0 0 28 
0 17 37 56 0 0 0 53 64 19 96 62 0 49 0 0 0 66 
0 51 41 0 0 12 82 19 29 6 62 0 35 0 32 35 19 
49 76 25 0 0 0 0 49 69 47 0 43 0 73 65 90 
0 0 89 13 57 1 95 62 96 44 98 55 77 9 78 
8 94 0 94 0 23 4 84 61 28 43 0 5 100 
0 52 76 58 77 65 28 0 0 0 0 62 0 
0 64 42 67 4 36 87 64 0 83 17 99 
99 0 14 58 0 90 50 50 14 74 86 
0 97 36 19 0 7 0 100 0 0 
0 70 0 93 71 71 35 0 63 
2 13 100 0 65 64 53 25 
0 35 94 96 70 49 53 
56 0 98 2 2 0 
0 31 82 69 84 
85 6 15 82 
0 59 0 
48 37 
93 

#i: 28
13 0 78 68 96 33 47 86 0 76 84 57 63 98 26 80 0 70 64 39 
26 86 0 17 78 8 54 96 0 4 77 20 11 83 0 0 0 26 86 
3 64 10 97 19 28 78 57 54 0 21 88 0 17 5 79 23 25 
72 53 24 26 92 60 40 4 11 27 0 68 72 3 0 0 9 
41 0 15 0 20 62 0 13 88 79 73 17 59 0 0 68 
33 0 23 21 0 0 84 95 32 33 72 98 0 2 8 
67 39 0 82 75 6 0 26 5 39 0 0 11 57 
72 46 24 17 0 87 89 22 64 0 0 0 53 
24 39 15 15 0 74 0 37 2 93 55 0 
4 67 0 0 22 100 34 81 99 36 95 
99 0 0 0 0 40 0 27 54 32 
66 47 39 0 70 0 0 5 77 
58 28 0 92 4 36 71 45 
1 86 22 6 90 49 41 
0 0 48 13 43 70 
76 40 0 0 26 
0 60 97 35 
48 78 0 
0 0 
60 

#i: 29
0 34 86 82 72 63 27 47 48 2 0 78 86 3 60 0 10 74 0 
0 69 0 14 43 0 43 3 0 80 0 51 44 0 69 69 27 6 
0 55 0 0 74 7 71 77 51 33 1 0 84 56 48 1 0 
5 0 82 7 96 25 17 0 56 38 0 0 0 92 1 0 
95 63 52 39 29 80 86 47 0 60 7 0 0 0 28 
0 0 21 44 1 84 17 87 51 53 20 21 46 0 
0 81 64 92 95 45 91 91 19 6 0 0 83 
15 12 28 0 0 48 67 30 34 49 23 54 
0 81 84 82 51 0 47 44 44 0 82 
20 47 21 64 21 97 0 0 72 11 
98 0 49 55 0 98 0 8 21 
0 73 70 45 5 27 32 3 
83 94 12 4 40 61 84 
0 30 32 39 0 24 
26 37 0 1 34 
9 87 0 40 
10 5 73 
47 0 
65 

#i: 30
74 0 98 53 0 33 14 39 76 43 59 94 0 72 97 9 5 32 
14 22 74 11 0 5 75 0 77 0 51 51 41 0 85 97 0 
33 84 0 61 75 16 0 35 0 27 54 22 30 29 0 11 
0 0 35 0 28 51 0 93 38 0 79 55 46 0 54 
61 84 69 22 48 0 69 0 41 14 25 0 100 47 
34 0 86 93 92 7 56 65 0 60 6 0 19 
78 0 13 92 20 42 10 35 10 18 0 0 
0 0 0 17 0 17 29 67 73 23 37 
0 17 0 0 0 32 90 0 58 0 
24 9 0 0 0 84 22 33 0 
78 57 7 0 3 0 21 0 
81 52 0 93 86 49 0 
0 22 0 7 92 67 
14 43 0 0 0 
32 90 95 68 
0 45 90 
74 91 
18 

#i: 31
46 0 10 56 43 0 71 85 72 55 59 15 49 28 0 61 78 
21 56 83 0 79 24 34 0 23 89 19 66 0 64 62 0 
73 0 89 56 37 72 49 76 0 60 95 4 26 76 14 
14 0 68 36 2 0 88 69 53 76 95 0 83 48 
65 49 57 65 0 37 0 0 0 86 0 45 23 
19 0 15 55 99 0 47 69 0 79 19 30 
39 76 0 13 0 10 0 35 0 31 89 
0 79 45 55 54 0 50 6 92 0 
90 6 18 62 37 31 0 66 77 
0 91 33 39 92 1 26 95 
0 30 0 60 81 0 59 
0 50 25 0 0 14 
93 39 64 0 37 
0 15 96 0 
0 1 0 
87 73 
24 

#i: 32
85 72 35 92 5 71 90 97 20 0 23 20 100 69 0 0 
0 3 43 0 39 68 31 0 78 91 17 87 0 45 100 
46 39 0 79 65 0 44 80 96 65 54 94 32 100 
0 48 60 94 17 0 14 54 38 0 0 0 70 
34 1 94 78 85 81 84 95 79 0 80 18 
37 44 93 98 0 61 92 0 55 58 27 
86 0 68 72 84 53 0 62 0 9 
71 60 0 2 1 0 23 35 87 
6 82 0 32 27 61 81 43 
53 0 67 53 0 51 70 
18 1 86 67 0 29 
45 20 82 33 48 
95 100 91 0 
38 0 31 
0 96 
0 

#i: 33
18 30 63 83 87 67 0 0 39 47 60 48 21 34 24 
54 0 6 0 0 56 41 22 16 52 0 67 69 10 
0 4 48 88 85 0 2 49 42 86 24 94 41 
0 0 0 55 38 41 21 89 78 0 0 0 
75 30 4 20 6 71 23 32 2 71 0 
60 65 33 71 78 0 93 26 82 32 
38 0 70 29 45 0 0 61 1 
93 0 0 17 0 96 71 44 
0 98 65 0 0 79 0 
52 68 72 89 0 28 
0 26 0 0 0 
0 58 0 0 
0 31 0 
96 30 
40 

#i: 34
84 11 6 7 45 0 48 91 81 42 19 29 0 0 
0 98 59 0 0 34 7 62 41 88 4 10 31 
33 76 4 0 93 0 12 0 54 19 53 3 
19 63 32 51 0 79 70 0 73 36 17 
83 78 15 41 0 23 55 33 18 75 
0 97 32 0 10 48 70 4 6 
75 62 77 0 97 29 5 83 
28 87 80 0 20 23 90 
38 16 0 0 88 24 
42 30 79 42 7 
0 10 50 15 
0 0 23 
29 0 
82 

#i: 35
63 0 30 9 32 43 55 35 89 42 25 43 0 
16 60 18 53 48 57 93 39 11 0 98 85 
83 0 0 2 86 97 25 0 2 0 36 
0 67 76 31 15 45 72 92 13 50 
2 18 61 7 38 62 43 96 16 
1 0 47 68 68 34 66 95 
38 69 36 0 20 76 54 
16 12 0 83 74 23 
0 66 90 39 97 
43 72 0 24 
0 0 61 
84 24 
81 

#i: 36
100 29 17 0 81 0 70 32 92 84 45 0 
48 78 44 60 59 15 63 65 92 79 0 
0 100 67 38 0 64 39 15 53 58 
0 89 68 95 44 48 23 30 74 
37 55 7 74 96 1 65 42 
75 16 29 43 50 10 59 
0 85 0 91 53 0 
36 0 0 89 28 
0 93 0 54 
0 68 71 
0 95 
6 

#i: 37
0 73 74 54 0 92 51 0 64 23 0 
89 0 73 77 0 41 18 60 97 100 
0 92 0 28 52 0 32 84 51 
31 61 61 64 98 45 0 0 
0 24 18 67 0 63 7 
24 0 89 42 80 40 
38 13 30 83 9 
0 99 1 59 
53 69 61 
68 0 
0 

#i: 38
0 82 2 93 95 0 95 0 0 31 
23 0 55 2 0 2 68 90 44 
95 3 0 0 4 98 29 0 
11 71 10 20 67 97 25 
0 20 39 0 0 20 
10 36 19 0 77 
90 96 20 60 
54 44 85 
0 45 
41 

#i: 39
85 26 67 57 69 0 0 61 34 
34 0 42 0 93 57 39 0 
4 1 30 65 74 100 43 
0 22 77 40 11 35 
0 66 39 48 100 
0 38 0 0 
30 96 50 
53 0 
51 

#i: 40
88 69 26 42 49 0 3 25 
66 0 67 72 23 36 19 
0 28 87 33 0 0 
69 28 47 27 88 
0 26 0 61 
78 0 83 
68 66 
0 

#i: 41
67 0 0 71 55 39 0 
0 22 7 17 44 97 
94 65 69 0 4 
53 18 52 0 
0 21 0 
0 71 
53 

#i: 42
0 15 0 23 7 69 
0 48 44 0 22 
61 16 25 80 
95 75 81 
0 38 
19 

#i: 43
59 58 44 0 25 
16 18 0 35 
74 70 13 
76 0 
67 

#i: 44
64 84 0 17 
23 74 89 
0 24 
7 

#i: 45
73 0 68 
25 14 
28 

#i: 46
0 24 
0 

#i: 47
0 

#i: 48

#i: 49

ckp-50-0.75.txt