#number of items n
40

#knapsack capacity b
570

#constraint coefficients a
15 24 12 1 29 23 18 18 35 10 7 41 30 14 35 40 42 1 15 38 7 17 12 30 40 15 9 41 29 18 5 27 13 31 2 8 1 11 11 7 

#linear coefficients c
38 55 24 44 62 34 65 51 20 99 34 49 84 47 45 13 88 80 19 54 62 71 87 73 41 48 41 65 39 59 86 55 73 52 13 40 49 1 52 39 

#quadratic coefficients C: i < j
14 14 54 86 84 86 13 11 9 54 13 45 50 95 83 69 76 4 64 39 73 74 36 20 51 100 14 3 3 66 43 23 95 14 80 92 58 23 74 
73 13 41 21 14 9 3 70 54 66 2 19 80 5 88 53 14 98 36 29 4 61 94 81 46 35 66 59 12 97 35 65 21 92 37 67 68 23 
25 19 2 43 32 92 86 39 22 33 7 30 75 65 12 39 6 77 14 30 98 27 3 22 70 82 2 1 64 14 90 82 58 93 18 28 66 
91 83 89 49 62 87 51 88 96 28 89 58 5 6 69 74 42 19 73 66 70 1 69 85 44 9 66 61 17 43 49 37 93 96 58 14 
95 17 24 25 76 99 95 29 98 9 60 96 47 79 15 75 15 47 78 68 70 65 60 69 16 28 96 85 51 79 35 32 73 28 76 
52 45 35 52 69 1 81 80 76 25 42 20 42 95 91 13 36 39 49 99 25 62 33 35 65 78 77 44 52 6 5 86 61 88 
52 29 93 69 1 77 39 33 47 67 24 49 66 10 17 63 66 51 15 27 8 15 33 90 98 84 17 49 37 84 63 40 63 
28 31 52 51 8 69 93 51 13 73 22 73 80 99 79 39 15 59 85 7 2 7 20 73 78 85 43 19 27 10 91 8 
93 36 90 41 74 64 5 18 53 32 16 95 19 44 95 98 91 88 61 30 53 88 2 6 64 15 16 1 3 69 55 
49 32 76 15 79 76 27 22 15 29 54 74 61 6 66 21 64 69 11 80 67 5 34 32 16 85 47 6 29 66 
47 3 87 25 45 5 28 87 64 5 57 86 22 46 58 84 78 71 15 26 41 36 88 14 26 75 94 8 9 
27 44 93 20 85 17 35 86 93 34 74 50 54 11 4 45 32 79 90 40 80 73 51 96 80 84 74 58 
47 82 81 96 7 78 93 35 30 81 32 82 71 51 80 53 37 74 51 48 7 70 77 43 13 25 92 
55 27 63 79 54 4 31 89 48 16 73 40 75 40 29 2 5 81 32 14 21 90 81 28 78 57 
81 64 42 13 79 22 63 26 20 8 16 53 90 41 6 90 99 26 57 30 76 16 53 59 76 
63 88 100 76 31 33 45 19 93 81 91 65 64 7 7 39 92 82 63 1 92 26 98 36 
37 74 48 50 67 13 2 84 91 71 98 2 76 19 97 56 74 99 88 77 67 71 54 
59 12 25 83 40 72 87 55 52 54 32 49 41 74 93 57 36 6 28 10 54 20 
74 41 91 40 40 27 8 40 26 90 15 32 74 13 52 86 53 16 81 90 23 
13 76 62 54 97 68 40 9 34 92 15 36 98 98 45 36 99 81 1 14 
35 64 15 26 47 85 25 4 64 39 43 74 99 86 99 52 7 98 96 
50 35 18 84 18 54 18 96 76 63 7 45 79 55 9 49 91 40 
29 34 25 2 56 41 22 96 32 99 61 42 26 60 81 5 43 
9 56 61 41 79 12 28 1 65 70 90 52 81 38 35 31 
2 23 47 59 91 81 51 58 31 97 43 97 90 53 88 
91 48 55 59 59 73 91 19 34 95 58 44 6 75 
96 94 74 52 71 47 42 55 73 34 14 81 81 
33 99 26 5 70 8 90 3 74 20 68 53 
3 27 68 44 62 18 27 75 2 100 79 
57 73 13 23 72 40 99 6 63 14 
84 94 12 22 47 21 28 77 30 
8 23 11 51 48 36 37 42 
19 5 86 27 4 99 44 
90 13 13 98 16 98 
7 55 79 35 82 
32 3 52 78 
48 29 79 
2 84 
39 

#cubic coefficients D: i < j < k
#i: 0
21 52 50 89 60 68 80 77 5 6 21 71 52 60 75 27 93 36 42 65 3 62 66 52 8 3 82 28 39 74 59 67 54 28 13 36 12 83 
95 52 8 57 56 32 99 54 5 9 3 76 47 100 46 34 83 51 43 61 49 47 4 10 12 69 2 50 76 54 96 51 70 57 73 15 56 
23 46 64 99 20 59 35 96 85 42 11 28 23 2 77 33 93 11 67 25 57 89 56 57 11 2 1 79 2 56 9 10 90 41 3 88 
22 97 13 14 59 89 6 45 40 53 66 11 82 21 51 32 32 38 41 96 4 63 39 91 85 18 50 32 16 3 85 46 36 40 15 
90 59 100 23 37 100 25 39 37 30 43 18 4 3 56 53 37 9 22 18 93 63 43 64 34 56 81 25 41 54 49 30 45 10 
56 25 18 76 25 4 43 76 30 56 71 93 39 84 97 68 58 96 54 93 52 84 58 100 28 97 95 4 3 66 3 51 12 
83 77 51 3 41 68 32 39 61 81 6 4 7 15 86 52 12 72 21 2 53 66 75 55 92 27 67 43 89 57 79 54 
90 14 33 35 10 16 47 43 72 40 67 23 65 60 8 95 7 73 97 71 33 94 13 15 11 87 3 50 72 83 24 
63 63 44 4 12 40 44 49 63 6 31 2 83 11 3 88 72 96 64 1 68 2 3 94 78 39 75 49 47 6 
53 84 47 20 71 100 71 66 32 45 10 84 87 13 4 23 90 100 96 27 86 1 18 84 81 68 59 11 35 
33 9 99 97 48 29 43 36 14 81 96 89 51 17 36 40 87 47 80 85 16 92 29 34 51 78 58 100 
30 7 28 88 55 25 66 65 26 44 41 3 81 19 49 60 52 22 43 73 88 47 44 80 33 64 29 
45 26 94 54 60 15 9 82 31 66 34 32 35 70 20 95 58 42 97 91 58 9 62 12 93 82 
39 4 28 17 63 44 32 98 28 82 100 10 54 42 34 43 25 4 12 28 70 45 93 1 88 
57 33 65 87 55 23 2 48 28 16 88 60 23 54 52 6 94 91 6 24 25 91 2 26 
12 86 99 34 6 55 34 8 89 80 62 59 50 16 58 82 98 81 65 69 36 33 47 
88 98 94 23 13 69 71 15 3 52 84 64 48 55 68 58 75 33 60 81 26 98 
62 68 17 23 4 41 82 31 76 85 12 41 40 29 84 39 4 67 84 56 60 
46 36 4 73 63 44 54 81 37 8 34 37 8 58 8 89 7 29 12 87 
51 26 66 24 66 33 36 66 73 35 49 95 15 29 20 28 27 9 14 
39 79 30 8 18 35 91 46 42 93 55 93 92 70 96 59 54 85 
99 76 62 43 29 83 100 46 68 48 82 22 18 84 19 91 17 
34 76 93 32 7 68 78 93 99 84 90 17 36 99 50 35 
89 85 6 33 27 89 79 91 18 17 6 85 19 23 89 
93 41 37 23 21 47 37 15 7 59 54 12 71 74 
94 47 15 85 27 23 12 86 25 27 74 25 69 
14 54 91 38 42 94 44 98 70 38 77 44 
6 32 22 31 8 13 2 4 16 93 77 
32 7 18 75 98 19 46 51 91 33 
63 92 63 75 38 10 76 35 16 
98 23 25 78 78 100 53 67 
37 31 50 15 85 85 48 
88 49 19 65 16 92 
50 77 16 65 20 
93 21 100 9 
13 77 94 
79 14 
83 

#i: 1
10 99 96 17 35 60 93 42 59 86 4 59 20 26 9 78 48 77 51 32 95 52 82 39 87 85 82 40 77 78 44 63 74 16 3 28 26 
96 51 59 33 49 8 93 87 29 14 33 86 100 16 44 33 45 75 97 98 95 84 70 57 87 96 58 35 44 76 2 29 56 90 24 48 
17 84 50 57 26 6 62 60 77 77 54 78 92 64 24 6 23 45 50 59 31 50 87 16 86 12 49 59 81 84 8 3 80 53 7 
26 10 23 35 39 17 86 84 74 86 31 86 69 32 92 12 21 74 75 7 30 73 48 95 74 27 83 59 41 3 28 40 88 25 
83 25 71 43 68 18 30 89 83 19 68 43 76 78 50 27 85 36 86 4 22 53 88 16 91 86 38 1 85 25 15 47 92 
99 42 62 43 57 94 34 44 34 31 16 51 14 66 69 85 52 4 31 43 84 65 9 48 58 54 48 72 72 4 6 65 
93 40 89 33 77 76 92 93 51 19 74 21 40 39 73 79 33 64 30 60 26 97 22 88 87 6 75 27 82 99 9 
80 11 31 5 8 89 63 70 81 76 59 97 51 93 92 60 60 34 82 60 12 84 81 29 60 61 25 47 71 17 
88 78 64 96 5 88 37 30 3 37 13 13 70 99 80 33 37 45 35 7 31 15 58 23 26 61 35 85 79 
42 40 82 97 60 20 80 81 52 81 67 66 2 45 10 42 91 70 83 80 73 94 19 27 76 95 22 93 
29 42 78 98 26 62 11 19 36 28 45 11 92 99 8 9 82 14 94 51 82 45 54 36 67 93 37 
9 29 18 81 7 23 97 2 49 2 50 38 93 26 7 67 62 1 10 44 51 22 14 64 29 15 
54 50 87 52 72 75 99 26 16 56 39 55 92 81 41 62 40 51 70 80 80 91 73 81 43 
85 44 41 27 95 43 1 28 67 41 15 74 94 64 73 96 38 18 69 44 14 2 74 33 
85 89 87 24 5 52 81 77 80 86 22 58 48 24 13 72 4 61 37 20 4 97 22 
36 92 86 50 94 82 25 72 96 24 25 81 46 63 23 9 59 59 36 90 23 96 
74 29 96 49 34 50 4 63 53 31 22 26 64 6 82 65 86 12 76 95 88 
40 35 67 91 22 69 50 81 98 54 23 92 18 63 73 10 26 40 27 29 
88 52 4 2 90 2 73 71 25 64 40 87 29 29 100 93 61 100 61 
45 10 46 48 14 26 79 49 57 4 52 75 48 53 99 41 48 7 
65 81 86 73 5 69 92 74 7 52 71 11 87 92 58 46 39 
64 95 19 6 80 86 9 10 25 93 23 47 56 44 77 75 
84 5 61 48 66 92 85 4 8 98 16 32 79 73 97 
26 32 37 90 34 87 69 17 61 40 56 60 43 21 
87 47 73 27 62 60 89 96 15 72 69 57 69 
98 50 43 3 87 13 69 84 53 53 98 76 
34 41 39 51 84 14 58 69 95 86 23 
47 89 16 35 45 74 76 37 77 88 
54 7 94 55 71 79 43 52 41 
37 17 99 27 54 93 10 87 
76 100 49 74 66 2 65 
86 64 86 85 15 45 
56 14 42 73 31 
41 57 59 55 
94 99 77 
32 78 
66 

#i: 2
84 3 34 4 62 53 84 8 17 38 16 28 46 35 91 69 17 89 38 47 73 65 52 63 4 65 69 60 62 52 65 18 54 100 15 2 
93 84 3 48 70 35 56 43 16 2 99 5 33 72 54 65 41 15 95 85 85 71 91 7 19 35 38 7 72 44 10 34 18 14 71 
71 62 88 16 72 19 88 92 14 50 53 9 55 44 2 29 16 36 27 98 4 69 48 38 20 36 7 58 39 7 20 6 35 42 
48 68 59 50 27 44 31 62 1 19 21 28 26 1 44 55 89 72 67 57 5 57 50 21 19 66 27 8 37 33 76 51 76 
18 44 39 67 84 89 88 28 90 49 64 4 81 97 30 4 80 91 65 38 62 56 44 5 5 36 12 50 95 88 62 55 
90 11 76 77 10 81 41 21 93 77 70 43 43 34 15 22 78 64 26 40 70 33 10 91 92 4 51 6 13 28 2 
63 98 53 11 35 41 95 57 69 64 34 37 39 99 4 16 13 72 40 33 6 67 20 84 7 42 18 20 73 15 
76 23 49 9 77 35 90 55 70 47 39 12 35 51 15 80 100 16 26 77 58 89 93 12 32 43 81 54 43 
44 48 86 23 78 13 47 53 22 44 98 22 91 44 40 25 2 24 45 81 23 7 28 92 91 11 87 89 
67 51 31 65 32 37 44 38 62 45 33 71 56 40 90 82 38 2 25 81 2 28 66 56 55 51 41 
34 32 10 67 24 7 11 97 82 60 73 30 21 28 92 77 75 20 34 6 61 79 16 5 30 13 
61 78 2 52 97 37 76 67 85 37 30 100 7 21 20 17 53 78 27 95 82 97 45 88 36 
13 43 20 39 98 14 100 65 38 89 15 54 37 56 97 7 69 35 65 42 94 85 100 80 
76 72 64 36 13 53 71 75 64 30 96 26 93 30 16 2 55 29 12 100 66 11 71 
56 66 2 79 71 41 41 64 39 22 75 15 79 39 27 22 93 82 74 81 51 72 
17 81 70 18 81 79 97 4 11 10 38 21 24 52 57 28 70 61 81 88 38 
67 39 25 26 87 66 25 47 32 68 25 61 18 98 17 1 74 39 30 64 
95 69 97 61 89 56 96 41 36 28 23 6 62 46 38 87 88 9 24 
7 66 58 35 12 44 77 86 95 62 22 31 63 16 84 93 52 56 
62 2 90 17 51 43 38 31 2 70 18 39 49 87 91 53 22 
86 25 37 50 21 59 29 96 74 32 65 95 55 82 10 5 
2 82 37 63 53 26 71 91 1 22 54 31 13 87 14 
18 55 62 49 55 25 74 26 78 52 59 26 35 91 
74 57 5 17 38 29 72 57 49 19 17 32 45 
30 69 64 80 20 2 60 52 96 54 52 86 
66 64 34 70 75 53 41 99 21 99 65 
97 25 93 30 18 26 94 61 34 43 
75 15 98 72 81 2 36 85 66 
32 51 65 66 95 99 59 41 
100 32 42 80 52 39 17 
23 53 16 51 77 18 
29 6 97 97 29 
39 77 14 36 
4 13 35 
70 59 
20 

#i: 3
20 41 67 24 26 20 61 52 56 97 1 28 31 68 98 6 38 25 89 51 19 54 22 12 65 69 47 60 99 52 11 63 57 91 17 
58 75 75 14 62 22 19 53 7 17 59 38 83 92 16 93 21 99 83 71 11 2 74 80 66 3 100 82 73 7 72 39 11 36 
98 82 82 68 13 67 56 62 19 82 52 46 65 40 20 94 19 99 67 48 24 5 54 79 50 84 7 48 42 89 2 27 77 
1 42 20 75 10 20 61 70 30 71 68 22 63 46 1 75 94 53 66 59 8 25 88 18 49 58 40 82 43 69 94 47 
41 24 99 30 52 24 57 59 16 91 83 69 98 46 22 40 76 47 28 93 25 89 71 66 77 36 4 71 57 18 89 
76 87 8 40 76 42 31 96 56 97 58 1 2 8 36 46 15 53 28 8 1 34 77 69 19 89 51 84 63 61 
70 37 15 42 66 88 43 31 54 69 89 87 99 37 87 93 91 79 43 20 60 58 21 46 75 59 90 15 79 
24 94 56 22 53 6 96 38 84 3 21 4 95 26 12 46 25 44 22 93 56 63 23 78 18 48 48 81 
6 13 4 59 77 2 43 94 96 4 32 37 23 11 18 96 54 28 5 34 71 79 95 8 94 32 44 
45 71 10 75 22 2 13 83 55 67 13 96 61 18 89 19 42 64 66 19 86 21 35 20 58 96 
29 95 9 47 71 2 36 42 22 93 26 18 39 69 39 50 75 82 61 66 11 7 60 55 49 
61 38 31 43 40 29 78 57 81 42 19 72 57 29 70 97 95 47 8 45 48 50 65 27 
49 16 100 65 2 14 60 74 32 41 99 62 5 85 32 26 55 24 12 87 77 66 77 
91 89 13 28 96 53 13 58 85 40 85 4 24 2 8 40 71 7 34 84 75 19 
86 70 91 50 62 68 6 4 79 57 43 49 33 13 39 52 59 66 77 41 34 
56 39 91 32 65 99 82 51 87 23 37 17 61 77 85 60 70 79 10 88 
94 1 55 68 98 47 70 48 19 2 5 35 85 58 25 53 7 77 74 
38 1 38 95 65 94 60 98 84 41 59 72 74 62 23 80 67 4 
69 30 93 61 21 5 83 3 82 30 24 66 76 82 19 79 77 
7 18 15 61 58 81 23 7 3 84 9 43 46 65 31 15 
39 37 2 28 92 20 27 82 62 38 57 26 58 51 54 
5 38 37 61 16 44 73 64 1 24 68 92 92 80 
81 13 66 45 95 78 26 72 61 52 88 71 44 
32 94 26 98 12 48 31 12 15 35 49 71 
21 25 73 90 16 77 93 33 55 33 12 
76 41 13 70 83 100 93 39 61 57 
68 64 67 44 11 58 71 56 19 
78 9 62 83 31 12 100 31 
72 37 70 89 4 48 90 
84 64 64 8 10 1 
10 68 88 27 34 
96 60 38 10 
1 65 37 
92 73 
53 

#i: 4
17 30 49 73 25 97 71 39 2 73 69 40 77 13 9 75 32 30 77 14 25 23 66 42 42 77 92 50 66 58 100 97 84 52 
55 95 29 50 55 57 41 55 72 38 69 85 7 51 67 86 72 77 96 67 33 80 23 11 38 55 16 61 64 15 54 77 59 
11 47 89 19 41 20 77 38 95 97 99 78 49 65 89 24 54 14 65 21 75 19 87 63 35 75 81 69 53 78 76 55 
26 48 44 39 89 11 71 65 89 38 44 29 5 56 13 67 75 11 26 67 90 41 91 13 11 91 32 53 82 7 14 
17 15 8 84 70 84 29 68 70 45 30 48 39 34 76 74 47 96 86 99 96 60 80 91 44 8 64 78 34 60 
46 78 9 70 92 100 68 66 70 58 47 97 46 96 54 12 97 3 18 2 41 21 33 2 37 6 95 61 19 
99 35 40 24 70 87 59 100 91 38 26 5 21 11 82 13 65 45 12 42 82 79 18 98 92 3 76 85 
64 70 37 72 76 63 37 97 98 69 25 17 15 98 1 61 34 5 43 26 44 39 44 56 55 96 29 
67 43 8 17 44 51 73 74 59 92 53 97 57 13 90 67 58 1 15 11 73 81 79 68 80 18 
65 18 14 19 52 16 86 41 51 60 46 88 90 14 83 67 69 93 31 50 89 65 99 34 69 
75 23 55 86 92 90 31 69 11 56 68 88 30 22 61 17 2 65 96 56 28 67 24 20 
42 31 10 31 100 39 56 40 42 44 14 14 5 90 32 66 56 45 16 33 50 16 78 
62 61 83 19 90 99 100 21 79 70 86 64 78 35 17 65 16 34 58 85 13 53 
3 33 45 94 14 63 48 39 71 56 80 15 87 33 16 75 62 98 85 91 32 
48 46 73 60 26 89 40 91 36 96 27 16 50 57 63 14 42 95 99 54 
42 28 55 79 9 67 40 3 82 96 83 68 51 42 41 94 73 59 90 
97 54 51 84 89 28 25 9 22 31 43 85 72 57 42 69 94 21 
93 14 74 91 64 62 26 70 21 92 30 1 66 29 30 50 86 
37 38 69 61 45 22 73 73 39 31 20 81 40 76 99 39 
89 45 14 16 20 69 87 53 95 83 95 89 48 52 69 
21 89 97 33 42 45 37 13 7 50 90 94 60 40 
28 45 77 27 49 53 84 1 78 5 63 77 47 
81 19 93 100 58 90 94 15 82 45 5 94 
94 7 30 66 62 32 9 5 41 65 8 
68 26 71 44 41 95 7 88 25 29 
62 2 62 50 33 48 99 86 68 
55 63 42 29 48 16 72 2 
84 1 45 94 100 82 87 
61 53 23 59 55 31 
4 94 10 93 95 
15 85 24 69 
46 83 19 
15 4 
89 

#i: 5
56 39 61 86 47 49 13 4 83 73 99 63 64 82 33 54 9 76 99 15 7 72 97 47 49 84 9 99 58 21 97 9 76 
22 45 12 21 16 73 86 40 27 36 11 18 36 16 81 37 70 75 72 95 42 70 72 58 64 21 38 26 7 35 1 78 
18 43 56 54 75 32 29 93 52 64 81 70 77 88 17 95 39 46 84 53 9 63 52 74 85 74 35 36 32 36 81 
50 32 34 10 71 38 59 69 23 45 24 79 60 63 40 56 62 32 17 62 21 95 2 15 62 54 76 26 5 17 
51 24 81 14 66 24 87 99 90 39 59 96 87 81 90 51 38 55 26 19 46 17 21 96 45 52 53 2 47 
20 10 78 74 88 44 27 5 92 61 96 90 48 59 21 72 34 66 83 10 17 54 64 28 86 65 2 55 
100 46 33 52 51 90 71 36 40 49 38 39 83 87 10 31 86 56 18 12 32 70 31 64 27 79 22 
19 19 17 51 64 61 44 91 74 53 35 6 98 22 19 88 1 82 59 100 17 4 97 41 1 1 
12 40 24 98 26 97 48 82 63 1 53 67 43 40 94 4 50 10 89 65 43 86 78 1 32 
35 59 53 91 38 12 28 100 75 16 68 48 76 90 14 96 75 70 42 73 42 82 32 50 
20 56 23 61 64 98 50 38 36 62 48 27 83 18 6 66 15 51 2 71 79 79 60 
41 69 36 84 85 96 52 39 15 87 49 98 70 55 82 60 80 9 37 73 35 66 
84 35 86 69 57 46 75 35 39 46 31 12 48 37 38 60 89 79 71 94 79 
56 90 80 32 84 95 78 87 5 60 95 26 52 49 54 47 11 76 22 47 
51 23 86 41 25 64 87 9 48 83 66 62 8 92 42 98 46 37 74 
8 89 64 40 6 51 87 4 67 33 87 65 40 25 40 25 32 10 
86 69 70 89 63 91 14 13 72 67 19 64 25 63 79 75 1 
85 34 22 22 58 15 59 61 68 17 97 71 26 96 93 38 
76 87 99 34 98 42 57 6 8 42 56 90 79 66 97 
10 97 72 51 82 20 52 12 17 43 5 38 3 54 
36 43 50 10 37 5 52 52 7 27 98 24 1 
72 26 97 94 58 48 57 73 38 27 24 53 
89 53 49 56 93 98 59 6 10 18 87 
57 96 53 21 68 90 25 99 86 100 
54 53 33 3 22 35 13 64 92 
2 26 44 70 80 89 45 17 
87 59 81 98 33 52 65 
66 63 73 38 93 86 
49 42 19 31 13 
36 56 4 18 
55 66 60 
89 83 
60 

#i: 6
58 9 2 84 9 7 79 32 43 24 61 5 94 9 98 90 59 12 42 40 5 8 57 18 21 3 69 28 34 86 50 57 
63 72 38 47 48 23 10 87 25 56 50 28 18 40 12 72 80 23 91 51 45 70 36 97 30 52 35 93 5 37 47 
27 91 30 18 21 62 20 85 39 10 28 72 31 63 53 94 54 42 67 78 23 16 68 48 4 35 5 45 85 22 
99 98 27 75 16 99 86 96 94 65 94 68 94 52 61 55 29 42 12 69 33 84 3 36 23 83 88 30 22 
86 87 6 85 79 13 81 59 22 81 37 23 81 71 28 60 75 75 26 17 38 95 7 88 78 43 89 79 
74 12 95 46 57 92 81 97 83 42 85 33 94 29 51 67 45 16 70 42 82 58 31 32 44 45 1 
40 41 12 90 4 67 91 79 71 15 79 90 72 5 54 33 10 60 43 71 42 4 8 54 63 12 
73 47 13 69 90 29 52 80 24 20 59 39 68 67 42 53 33 17 45 65 81 81 7 74 49 
18 14 18 88 79 34 92 55 74 5 19 36 8 45 49 43 1 30 31 74 62 86 84 4 
92 20 39 51 96 85 58 31 5 32 3 34 100 7 76 69 80 68 54 96 32 8 47 
70 16 59 60 45 69 59 85 77 32 42 75 75 72 27 31 16 58 22 18 15 45 
2 18 25 19 88 44 45 54 74 16 89 7 1 32 22 60 80 7 65 100 44 
85 15 16 48 53 47 98 84 6 71 87 15 74 36 27 38 1 14 28 38 
71 54 32 7 75 93 67 91 99 66 83 39 87 5 76 68 14 12 40 
35 60 86 26 50 21 37 15 64 2 78 9 52 10 33 44 43 99 
53 58 82 41 4 15 90 41 24 58 27 22 52 81 13 30 34 
70 58 8 13 14 34 78 26 31 22 44 100 13 86 92 50 
3 57 38 38 38 92 62 1 88 97 76 61 37 10 48 
74 66 66 42 18 45 33 76 28 20 92 75 32 71 
30 25 45 87 69 13 66 28 97 74 68 53 27 
54 90 46 99 45 23 18 2 20 18 69 51 
34 65 60 59 16 32 94 10 54 95 1 
8 78 35 26 14 41 89 54 86 71 
43 54 86 19 62 17 93 3 40 
94 47 45 1 89 96 99 63 
66 51 78 43 94 91 93 
80 44 99 92 21 29 
22 50 28 11 69 
92 23 58 55 
16 81 46 
81 34 
28 

#i: 7
86 57 71 2 75 41 12 57 52 1 99 12 86 69 70 76 22 41 69 91 70 9 77 57 75 67 35 31 16 46 94 
16 44 28 13 56 9 91 85 52 7 44 13 38 71 59 39 60 42 82 51 76 44 12 35 66 3 65 95 5 56 
62 37 14 66 67 13 82 98 99 3 78 5 5 14 13 71 28 26 22 76 56 33 14 71 69 37 95 23 61 
16 97 79 43 97 10 85 90 43 78 88 88 68 28 73 37 100 42 97 11 17 22 58 97 82 30 42 92 
39 79 73 32 53 63 92 53 91 59 95 40 18 29 82 87 74 98 43 52 76 24 94 12 45 37 33 
84 53 1 86 27 33 72 55 78 58 24 61 70 75 70 19 60 60 90 67 53 75 63 53 89 76 
85 71 50 21 62 18 87 86 68 35 39 78 83 32 9 66 95 99 37 63 64 88 37 47 25 
74 40 98 26 85 59 34 75 31 4 3 96 16 53 8 24 67 65 25 85 75 85 64 75 
13 18 7 51 30 87 23 63 14 57 40 75 32 65 61 26 53 10 22 87 91 86 29 
26 20 51 74 26 37 68 70 41 93 74 51 28 38 76 53 100 58 83 63 23 35 
91 3 95 13 1 40 12 84 2 7 16 54 94 9 62 67 16 3 32 81 10 
43 56 50 73 64 99 11 87 100 54 58 15 7 16 95 3 33 97 59 38 
64 81 42 17 17 8 64 16 28 88 88 29 50 98 64 40 95 82 62 
24 89 6 50 10 10 34 8 83 86 72 8 70 35 67 90 29 81 
3 82 47 93 57 40 44 8 45 9 45 26 21 39 17 30 84 
34 30 48 49 49 64 37 76 80 55 78 36 28 88 74 5 
10 88 17 13 45 59 58 3 52 12 14 52 35 87 3 
93 83 63 86 6 54 62 26 96 17 2 37 44 100 
87 28 100 20 95 41 43 38 100 75 18 1 56 
5 21 40 7 76 90 38 47 44 90 81 91 
3 72 57 82 46 62 10 31 43 82 92 
37 11 18 99 35 14 75 8 77 41 
1 74 4 86 92 93 28 25 92 
3 93 86 9 46 68 58 2 
38 14 26 53 22 14 3 
24 57 20 78 18 95 
17 17 51 7 80 
79 96 43 97 
27 5 98 
98 70 
49 

#i: 8
54 84 75 84 93 22 61 32 61 69 92 67 77 50 90 99 51 26 67 16 62 40 86 93 3 37 89 74 18 35 
37 61 75 25 95 6 8 16 39 23 65 59 42 40 85 19 86 34 34 80 26 72 48 35 93 81 11 68 92 
15 65 88 89 7 34 16 99 95 50 61 37 99 54 11 95 53 89 31 44 8 39 89 78 54 17 40 20 
42 98 51 77 91 44 91 89 80 78 87 82 2 14 56 74 13 67 11 78 60 97 77 58 16 99 89 
99 34 28 84 100 72 13 12 68 15 19 19 22 55 55 36 33 33 10 22 85 2 65 44 30 76 
40 15 17 9 34 6 6 59 14 11 94 81 78 76 58 65 26 66 67 98 1 28 94 76 1 
41 13 95 51 8 73 35 96 52 36 31 11 11 31 4 80 73 35 98 62 97 47 42 65 
91 78 89 66 46 99 70 37 60 13 19 16 83 51 10 9 92 39 14 89 23 74 32 
58 2 10 7 42 76 26 52 14 28 86 92 34 18 63 28 28 44 41 78 66 8 
70 95 24 25 14 89 97 9 63 26 99 39 94 2 65 28 43 4 87 55 52 
99 20 86 92 5 5 15 5 77 65 25 62 90 31 19 86 42 33 60 98 
50 3 31 5 51 90 12 68 100 63 65 26 14 82 91 80 97 96 59 
43 5 85 98 7 52 8 80 77 88 78 73 62 19 91 77 94 7 
10 58 3 62 2 98 96 89 31 27 8 83 50 25 28 13 51 
18 51 11 97 76 81 91 28 69 1 91 58 92 94 81 41 
10 83 6 48 16 89 90 18 42 84 19 47 22 32 55 
32 43 8 69 35 17 6 73 66 61 31 14 46 62 
53 58 9 34 46 46 73 60 32 80 69 21 26 
25 3 73 49 100 15 90 29 35 77 76 82 
72 67 61 18 13 99 15 43 62 100 12 
24 35 10 53 77 91 30 95 62 6 
22 59 17 69 81 30 5 94 90 
43 61 69 42 20 13 56 97 
56 10 11 55 38 48 30 
45 39 92 68 55 20 
72 69 20 69 51 
70 20 77 66 
73 85 91 
30 21 
15 

#i: 9
74 72 60 85 63 4 45 18 34 3 28 71 75 66 25 42 77 65 93 8 63 8 10 33 55 4 42 41 16 
32 89 23 15 59 82 93 44 30 55 47 91 87 95 12 30 96 52 39 9 42 62 8 81 34 73 44 20 
50 80 42 26 37 22 44 79 66 81 98 9 16 42 35 7 39 77 4 45 87 81 54 84 6 24 14 
17 18 90 1 27 6 64 31 48 79 12 90 39 78 83 82 91 17 49 44 51 63 77 31 37 64 
88 60 5 27 99 76 70 62 83 38 39 97 27 59 17 71 72 83 90 94 16 81 70 55 24 
93 61 44 47 4 57 41 99 49 33 89 2 47 23 16 92 97 25 35 85 78 59 56 3 
37 49 77 78 29 84 21 95 97 3 15 71 22 43 32 19 100 86 99 35 61 52 18 
56 28 17 95 27 77 83 25 36 18 46 14 22 20 55 87 46 13 73 52 80 68 
94 57 65 35 81 96 66 23 1 21 30 80 37 64 92 27 67 55 54 33 69 
49 58 19 14 82 98 89 92 77 67 61 36 43 24 68 88 86 1 17 21 
14 38 89 22 7 43 40 80 88 95 10 37 45 69 98 95 63 15 17 
93 38 81 84 42 69 40 11 2 52 57 82 5 84 38 50 16 42 
3 62 57 46 62 69 5 92 22 18 12 41 72 98 24 75 21 
7 63 79 33 73 26 9 78 9 77 26 15 46 26 61 44 
29 64 60 48 85 34 35 85 78 4 83 46 38 47 76 
82 24 30 86 81 77 93 69 5 83 80 10 71 74 
71 34 99 69 90 51 57 11 38 35 62 18 4 
72 71 41 48 4 60 59 48 2 66 76 99 
14 51 68 1 82 68 53 14 32 46 56 
92 22 55 82 5 7 50 43 89 32 
16 32 64 50 4 37 48 79 85 
29 84 46 12 11 78 19 22 
58 93 75 98 51 53 19 
34 100 10 98 19 32 
56 3 88 88 93 
1 8 57 43 
71 5 42 
79 44 
41 

#i: 10
13 94 6 60 56 60 84 39 6 40 30 1 92 68 25 73 66 86 18 97 67 89 91 84 76 14 46 92 
84 15 73 98 19 14 62 36 62 56 67 73 83 74 75 3 29 61 6 14 73 66 6 54 55 58 73 
48 59 72 90 48 82 32 8 31 18 3 8 21 22 53 74 45 20 42 33 36 46 22 32 21 36 
14 74 99 26 46 42 74 56 32 54 29 99 23 69 5 5 80 71 75 36 90 96 92 81 17 
5 61 4 40 68 68 68 7 28 67 86 98 32 80 57 4 79 34 72 97 72 47 82 40 
50 81 80 36 58 71 8 69 57 1 34 80 97 7 44 62 11 75 20 23 79 62 7 
65 61 95 48 99 79 32 40 81 88 30 99 30 40 92 89 99 64 81 92 71 42 
93 49 41 15 24 76 15 84 90 89 87 62 51 99 55 94 42 54 52 60 20 
44 3 4 43 4 5 7 47 20 18 51 91 1 84 60 49 99 11 89 82 
25 13 2 96 53 70 98 37 68 92 5 76 54 91 1 36 77 35 78 
9 41 65 22 85 78 6 80 80 12 79 80 18 11 94 29 70 55 
10 79 57 61 40 43 42 7 65 35 3 12 55 9 48 7 52 
29 89 82 76 7 81 22 38 12 52 64 87 70 48 68 90 
19 45 61 53 91 40 67 7 37 22 2 43 12 86 19 
27 67 5 36 13 53 31 81 72 37 27 70 81 80 
39 65 5 13 4 5 89 67 14 13 32 56 51 
94 50 75 99 82 26 80 25 100 48 81 40 
18 28 25 28 32 38 40 90 4 18 11 
70 76 45 99 69 38 90 11 38 8 
36 39 65 20 36 8 99 18 80 
18 95 13 52 39 18 2 30 
43 78 72 89 13 95 23 
19 79 100 10 59 80 
2 1 4 53 49 
99 58 55 98 
87 20 57 
38 57 
86 

#i: 11
62 44 82 80 62 15 53 61 58 34 92 54 62 44 56 39 19 36 60 15 15 14 98 10 42 61 54 
60 12 62 12 100 67 48 64 1 63 66 20 26 39 69 88 97 4 56 25 87 100 22 90 63 39 
92 10 36 11 52 44 47 74 20 9 81 89 7 29 14 16 43 97 53 92 78 75 4 99 61 
49 49 29 36 8 12 26 29 53 70 69 64 32 36 49 55 5 81 77 17 63 87 94 57 
97 90 11 19 12 4 22 65 96 82 36 65 81 58 62 6 78 84 71 80 73 18 43 
59 53 85 93 26 3 7 31 9 90 86 88 33 85 51 66 28 45 53 62 92 28 
63 100 98 34 33 48 60 25 61 86 99 68 63 84 64 54 27 46 15 98 30 
20 46 9 45 5 3 41 73 43 43 77 21 62 63 25 79 89 50 78 37 
81 18 60 60 93 92 83 59 44 26 83 76 36 62 13 67 82 8 61 
54 39 86 51 46 22 82 45 22 3 23 62 63 18 33 38 50 69 
13 29 23 8 53 15 8 71 87 54 50 66 97 78 27 89 48 
88 3 94 96 62 61 84 99 55 25 47 89 52 17 78 98 
78 8 51 35 38 97 40 1 87 31 53 20 10 9 77 
93 95 87 9 48 72 64 82 76 87 85 49 98 10 
27 90 22 92 99 60 48 76 87 86 34 54 44 
70 65 37 73 7 27 42 37 61 1 1 45 
50 21 10 60 74 74 98 3 33 71 30 
2 12 26 39 32 28 95 5 1 91 
42 44 54 22 72 58 36 56 64 
61 66 78 56 64 54 28 64 
39 78 94 69 47 87 79 
96 30 10 97 24 88 
66 54 25 76 10 
76 61 91 17 
26 20 85 
9 20 
59 

#i: 12
15 72 88 29 4 22 73 10 70 97 58 53 87 46 44 33 88 24 85 24 15 46 59 81 30 48 
75 62 86 31 81 30 59 16 42 15 75 50 80 13 69 89 65 73 8 98 10 28 40 59 82 
39 67 38 27 57 52 87 41 4 9 25 66 57 85 44 90 57 36 75 3 97 4 31 70 
65 99 33 90 78 65 23 77 17 56 11 92 39 41 95 92 94 14 93 93 29 9 10 
23 56 8 40 79 24 55 38 39 25 85 5 42 48 36 72 58 60 56 38 89 12 
34 41 69 84 78 97 11 77 62 86 61 85 78 76 70 14 33 87 96 40 12 
63 49 12 37 48 65 33 21 57 49 83 100 91 23 87 26 45 76 22 63 
40 32 49 62 4 83 97 80 54 16 21 40 57 65 54 25 13 17 55 
81 77 7 67 99 53 28 61 98 13 27 75 31 43 78 14 36 95 
88 37 82 97 18 2 8 24 75 89 39 55 83 61 60 92 47 
57 15 15 6 48 65 5 62 70 46 14 92 3 27 100 54 
95 70 64 14 72 15 29 31 41 37 77 78 56 31 1 
95 63 20 97 89 5 11 45 10 84 84 46 24 75 
7 98 96 89 96 30 5 27 55 75 93 35 19 
13 84 54 81 18 25 83 21 65 75 46 65 
52 49 64 56 55 18 77 58 50 76 10 
81 50 35 46 23 25 97 20 14 58 
33 17 41 16 32 41 74 46 45 
34 11 66 12 73 2 84 32 
9 76 16 34 75 16 56 
73 1 88 23 6 13 
99 6 41 61 47 
36 93 65 68 
89 96 76 
14 2 
15 

#i: 13
33 82 39 11 93 33 53 78 73 24 55 73 51 85 35 55 33 79 96 10 75 64 28 60 80 
20 100 59 66 38 21 30 8 81 62 43 54 21 33 61 30 29 35 18 45 65 82 77 6 
88 52 69 23 36 14 32 25 63 76 18 95 31 88 27 67 72 63 62 41 17 89 51 
82 9 49 71 3 83 2 91 1 50 64 55 80 89 34 28 53 46 19 40 45 80 
42 49 40 85 54 37 11 55 19 58 47 71 22 59 87 66 72 5 94 66 43 
91 56 20 6 28 1 88 34 35 67 11 97 92 7 54 93 96 61 4 74 
57 82 4 17 37 100 80 68 17 23 62 62 26 75 48 3 2 69 55 
9 100 36 94 1 13 46 37 35 26 93 92 95 66 71 44 38 76 
82 1 40 67 88 26 59 33 20 54 61 17 32 10 51 66 30 
62 35 94 80 81 7 62 30 59 23 40 82 30 45 52 10 
90 83 68 63 55 22 98 98 15 17 39 71 20 19 58 
7 52 37 20 28 36 87 89 54 34 51 36 67 56 
19 29 46 88 5 66 10 5 49 77 44 67 80 
32 34 47 95 29 91 60 92 70 31 77 33 
21 45 80 77 91 36 37 55 7 96 87 
96 1 100 13 77 100 26 72 96 20 
56 87 84 32 59 35 11 16 19 
21 85 21 22 60 84 12 9 
52 80 16 33 57 48 83 
1 89 48 61 92 70 
91 58 44 47 32 
2 95 47 18 
9 42 43 
97 98 
7 

#i: 14
29 68 19 41 51 29 18 75 27 86 67 1 72 24 48 70 78 36 49 54 33 99 23 20 
33 7 49 72 31 27 75 63 9 16 44 45 38 21 73 30 95 7 3 76 10 58 62 
95 90 85 1 31 42 85 18 81 59 17 99 57 88 48 82 7 11 20 37 19 9 
43 98 8 66 20 21 34 28 86 86 43 16 98 85 73 89 94 43 22 82 67 
85 26 41 18 79 20 41 32 52 58 90 74 49 33 17 63 58 28 2 57 
35 8 71 72 86 40 96 66 50 41 57 9 27 5 27 25 95 85 64 
12 28 37 65 47 98 38 2 52 87 24 31 67 35 76 24 46 13 
33 35 13 19 65 2 7 46 66 82 39 43 45 55 22 26 65 
59 94 4 86 53 67 41 37 63 37 50 57 79 29 16 53 
88 6 11 39 100 49 15 47 59 97 71 10 43 45 45 
55 42 18 65 7 84 80 14 93 83 64 71 6 64 
45 98 60 40 80 27 73 22 2 48 98 55 81 
67 82 81 38 20 13 27 23 51 59 50 81 
69 36 55 45 89 55 14 46 11 28 3 
23 97 65 95 91 19 89 89 96 7 
9 4 9 79 8 69 90 50 50 
70 66 84 33 69 49 90 7 
79 86 2 61 47 15 14 
72 11 12 87 94 79 
26 21 69 89 92 
93 61 89 19 
61 82 2 
51 38 
76 

#i: 15
56 67 87 47 29 34 17 6 55 93 73 20 71 8 99 51 32 49 13 73 34 12 89 
74 1 21 47 4 51 48 56 18 78 36 74 100 20 91 33 47 44 10 59 68 46 
31 14 2 86 89 57 27 52 12 85 95 53 12 31 80 11 53 22 25 49 43 
18 86 26 73 2 26 83 86 75 88 47 79 35 92 84 30 73 69 96 24 
34 17 40 32 7 61 99 90 75 78 52 62 56 56 77 91 25 95 51 
19 38 91 4 84 48 28 82 67 51 17 59 28 44 90 82 79 67 
39 99 46 46 72 84 1 87 94 96 35 42 29 16 7 77 8 
8 92 25 76 69 40 100 1 53 21 7 69 87 12 50 65 
14 45 45 66 69 73 43 16 59 48 14 27 73 44 58 
46 74 34 11 47 97 22 4 54 92 6 64 24 57 
30 96 75 58 12 16 23 1 62 72 22 21 31 
93 89 95 36 68 48 58 12 3 37 14 95 
61 82 52 93 88 53 39 48 87 51 68 
71 13 20 33 21 39 89 22 100 75 
5 63 98 85 10 4 78 54 54 
44 38 10 14 62 92 53 12 
34 96 48 16 19 62 52 
28 80 58 60 27 33 
16 65 82 47 26 
92 64 11 66 
76 4 6 
59 45 
72 

#i: 16
43 8 21 13 95 66 87 5 92 30 57 46 81 54 41 39 23 31 18 37 4 16 
48 28 96 29 19 64 5 35 73 74 53 79 68 40 30 87 33 89 85 75 20 
99 72 2 83 56 26 27 1 99 96 12 17 45 97 79 76 73 49 29 81 
93 66 66 82 32 45 86 79 88 66 65 2 96 14 17 61 9 25 42 
40 5 99 62 28 67 27 81 86 30 83 26 26 10 92 53 27 49 
99 90 77 86 60 5 72 40 21 37 55 84 78 84 15 72 26 
44 76 60 49 50 67 92 76 48 54 38 1 43 46 52 32 
46 73 85 9 99 87 31 16 19 4 57 91 27 75 25 
33 100 45 94 57 3 1 92 80 82 85 9 97 42 
56 70 32 93 70 18 6 77 87 63 84 32 11 
41 30 83 37 32 86 90 18 51 87 66 97 
57 31 72 7 67 9 33 53 67 85 64 
99 28 75 37 75 41 60 77 57 34 
20 16 82 63 61 64 76 90 80 
15 98 66 88 15 9 49 48 
88 10 54 20 58 31 38 
48 36 52 45 28 46 
43 40 5 33 44 
17 59 71 24 
85 77 48 
10 47 
38 

#i: 17
2 69 80 58 67 23 67 70 23 74 79 100 24 90 99 3 88 24 83 59 46 
34 48 61 23 97 60 88 79 43 98 55 13 36 4 21 33 97 78 9 91 
19 41 43 42 97 26 71 89 12 39 92 100 63 32 3 62 34 66 34 
14 77 79 67 26 33 53 10 13 67 73 27 45 49 55 60 36 12 
25 17 29 62 61 42 52 52 80 78 7 97 41 66 83 10 7 
46 13 1 82 89 72 92 51 12 98 45 82 54 55 60 88 
57 75 19 95 52 31 12 40 65 20 16 52 74 93 41 
93 17 83 95 82 80 63 23 87 31 62 57 80 37 
24 31 59 65 87 83 76 4 31 60 40 6 30 
45 34 96 34 33 2 32 66 14 28 79 75 
48 44 47 48 27 4 40 37 12 70 14 
51 64 21 77 18 42 55 58 89 15 
18 84 30 57 78 1 48 47 50 
77 62 84 50 33 15 35 36 
85 25 95 64 58 11 37 
80 27 37 2 77 77 
82 67 42 28 83 
42 6 70 85 
98 72 23 
85 26 
33 

#i: 18
22 12 21 31 95 1 25 89 72 42 40 75 39 40 38 63 81 99 41 23 
47 57 51 54 43 6 15 46 74 73 12 1 8 4 89 40 65 5 78 
31 62 27 72 42 81 31 92 41 30 24 2 87 52 66 81 32 22 
36 16 70 22 14 91 57 48 97 98 59 90 72 78 87 80 23 
53 36 73 47 18 24 93 65 47 26 53 24 94 39 93 23 
12 43 17 40 79 16 96 4 48 84 12 44 72 74 41 
95 53 46 31 19 40 16 53 64 61 46 30 36 84 
22 83 8 80 45 6 62 73 11 14 1 41 94 
85 42 46 100 23 44 34 4 35 72 80 79 
81 32 33 96 87 93 72 22 99 53 51 
18 22 77 11 94 86 5 71 64 62 
64 25 28 5 5 43 63 21 7 
10 66 30 56 13 100 54 71 
4 48 82 15 43 98 58 
15 20 41 95 12 19 
75 72 15 80 66 
76 97 85 22 
63 25 90 
95 69 
63 

#i: 19
97 86 5 2 26 80 70 32 14 67 24 40 96 48 74 80 3 93 20 
24 43 67 52 84 91 25 95 15 22 84 96 20 44 26 72 80 9 
46 40 36 90 12 45 38 59 84 56 33 6 8 52 60 17 84 
16 78 50 67 86 20 97 56 74 26 89 40 38 35 79 68 
10 32 90 17 25 42 12 80 14 83 77 80 86 47 88 
91 26 84 42 99 68 35 88 83 2 80 34 75 28 
96 62 52 1 91 34 80 39 21 10 48 78 99 
3 57 48 15 42 1 60 46 14 4 2 40 
38 62 23 77 26 16 51 47 92 98 21 
11 85 67 82 27 6 4 96 71 75 
54 77 90 24 65 60 50 14 32 
64 15 35 96 99 99 7 65 
72 55 60 83 44 75 92 
47 49 94 54 38 14 
33 12 36 58 7 
98 98 28 97 
94 41 15 
40 52 
58 

#i: 20
7 17 99 46 35 52 4 15 81 18 10 85 37 73 21 95 54 45 
2 48 63 86 24 13 85 13 36 8 13 13 7 49 59 34 72 
60 13 58 87 65 59 34 27 95 75 31 4 68 29 72 28 
26 78 44 34 82 39 69 42 75 1 3 64 24 59 83 
44 22 85 42 25 25 38 32 55 43 60 44 38 53 
46 76 3 54 100 86 75 41 94 83 36 6 59 
92 64 5 83 76 32 15 25 15 87 22 5 
65 44 79 67 69 92 83 64 40 80 16 
27 97 3 14 16 38 10 17 14 58 
36 22 78 35 67 53 92 52 81 
17 4 39 43 81 51 57 2 
16 51 86 42 1 55 3 
98 52 9 58 22 77 
12 93 11 84 94 
69 72 77 12 
11 42 62 
23 78 
94 

#i: 21
74 71 92 93 50 98 83 91 48 67 30 68 78 7 2 78 94 
31 77 11 72 45 34 38 33 59 46 14 49 36 33 80 25 
76 28 67 99 58 72 31 1 17 70 12 19 27 77 75 
8 19 59 40 79 15 47 100 59 58 86 81 72 74 
51 66 93 62 85 70 43 21 75 19 8 72 39 
66 33 91 92 97 26 35 13 20 17 58 56 
12 40 23 36 15 69 81 41 10 47 78 
6 34 28 25 13 99 78 7 72 100 
74 2 88 28 76 34 25 5 37 
46 72 76 67 18 100 77 6 
64 67 36 100 33 74 42 
67 44 50 27 10 86 
62 3 90 1 89 
61 59 92 15 
12 10 33 
82 4 
75 

#i: 22
75 58 61 48 92 81 83 46 11 52 60 17 33 95 14 65 
6 52 11 35 61 11 100 100 44 65 98 31 9 60 9 
20 81 19 45 8 39 85 49 73 44 40 84 6 55 
10 69 13 76 85 73 83 87 89 84 70 6 84 
80 1 19 29 45 42 85 64 18 59 81 36 
26 4 38 7 51 6 50 6 6 63 37 
13 15 59 10 61 55 76 4 10 14 
61 64 98 92 9 71 54 47 60 
47 99 54 50 94 78 33 82 
94 22 63 92 30 80 43 
65 82 50 17 95 42 
8 82 64 82 8 
8 94 76 35 
88 15 89 
87 87 
68 

#i: 23
60 46 43 86 77 76 69 34 6 35 20 36 61 80 38 
96 55 33 23 84 88 46 1 23 10 48 88 94 61 
41 47 9 89 93 62 70 58 52 2 12 50 28 
79 55 30 83 54 29 25 89 42 33 69 59 
55 59 41 57 66 61 52 9 1 6 67 
51 69 20 11 90 41 92 87 35 32 
91 34 22 52 70 12 95 84 86 
95 31 6 89 100 85 73 77 
72 99 49 42 55 43 41 
17 92 2 95 30 9 
82 73 86 26 93 
55 38 89 95 
29 30 1 
41 34 
100 

#i: 24
76 18 16 45 9 41 100 55 39 61 60 27 87 70 
46 88 95 91 28 83 87 53 26 12 90 58 14 
17 33 69 43 63 79 86 96 56 17 16 50 
45 77 36 27 87 64 59 40 5 41 44 
46 42 23 52 75 21 67 9 35 96 
39 76 26 97 35 97 78 8 81 
81 94 64 5 22 3 79 69 
3 44 44 33 96 73 89 
41 73 51 69 12 54 
1 49 34 33 36 
59 97 2 82 
80 81 75 
48 16 
8 

#i: 25
83 50 89 87 25 35 26 51 15 66 32 79 10 
16 30 38 38 99 66 5 81 93 97 78 58 
5 65 19 56 69 8 77 36 26 93 85 
23 50 53 38 93 6 80 80 50 38 
52 55 72 75 34 87 59 86 83 
22 77 50 47 90 2 14 66 
34 90 12 83 88 16 75 
38 51 75 11 12 1 
99 51 51 87 32 
94 79 66 1 
24 17 44 
56 79 
19 

#i: 26
22 18 41 22 98 19 64 99 15 19 21 10 
100 95 70 41 68 52 15 98 30 7 81 
28 7 31 11 43 38 22 16 28 11 
89 56 56 7 82 70 34 55 68 
35 62 86 17 73 81 64 15 
2 64 87 2 87 63 44 
18 70 43 96 69 40 
74 78 88 69 91 
62 77 65 69 
71 24 78 
28 69 
83 

#i: 27
94 34 52 24 37 3 25 28 6 75 16 
49 99 45 75 21 16 51 98 39 70 
57 23 91 26 66 3 15 30 22 
58 18 85 68 82 13 60 51 
44 80 32 68 96 40 36 
31 92 89 75 20 59 
79 25 83 30 8 
52 32 88 12 
64 45 72 
95 32 
67 

#i: 28
25 86 44 5 57 45 25 96 12 34 
98 96 67 81 27 30 40 8 55 
93 100 16 100 46 85 9 81 
44 43 92 25 96 56 68 
30 6 70 39 60 84 
95 21 31 80 62 
23 50 1 31 
100 70 26 
86 42 
56 

#i: 29
53 22 10 84 48 78 41 92 27 
75 54 33 88 10 55 39 80 
79 14 88 63 88 3 8 
7 6 82 88 40 8 
36 40 69 46 2 
85 9 81 18 
20 17 54 
82 9 
65 

#i: 30
21 77 23 82 34 45 7 63 
32 37 29 2 50 70 52 
14 96 81 60 33 40 
80 14 24 22 38 
38 83 21 63 
15 24 35 
71 79 
57 

#i: 31
100 1 69 95 44 48 28 
2 33 23 47 92 83 
34 70 95 23 15 
46 54 27 91 
97 27 81 
19 66 
41 

#i: 32
24 94 97 81 63 46 
78 11 99 46 71 
44 8 38 8 
87 78 67 
85 71 
20 

#i: 33
89 76 69 70 93 
18 44 53 26 
83 36 51 
4 83 
79 

#i: 34
98 38 18 3 
25 53 59 
16 49 
31 

#i: 35
32 65 45 
5 13 
18 

#i: 36
99 70 
70 

#i: 37
65 

#i: 38

#i: 39

ckp-40-1.txt