#number of items n
45

#knapsack capacity b
564

#constraint coefficients a
13 13 14 12 22 42 34 11 34 6 46 37 16 29 44 46 25 24 3 2 27 43 39 9 36 12 48 44 16 33 44 37 31 15 48 49 6 8 12 25 24 13 27 17 4 

#linear coefficients c
1 20 85 73 53 41 86 85 80 75 10 70 18 97 39 45 19 8 73 3 76 68 4 52 77 58 85 77 70 3 8 42 37 83 43 91 51 51 7 31 87 26 26 29 57 

#quadratic coefficients C: i < j
13 20 32 28 13 74 33 76 46 65 65 31 73 93 8 38 51 68 6 21 99 49 97 15 87 87 10 26 67 14 36 96 35 96 92 20 86 83 91 28 82 72 75 45 
20 39 91 47 97 78 1 52 31 37 34 37 28 63 82 40 91 52 19 20 7 51 78 19 7 25 30 44 63 43 90 93 37 13 15 86 29 72 23 55 12 99 90 
83 85 87 88 34 7 75 51 99 80 29 20 77 89 91 62 16 90 9 97 67 39 98 65 86 79 20 76 7 43 76 31 27 59 81 20 12 74 49 24 56 16 
45 54 94 6 80 91 39 86 60 11 88 69 97 87 15 49 24 55 8 34 4 56 5 39 4 43 70 35 87 37 36 79 76 22 26 35 54 86 59 79 9 
71 17 58 18 65 17 18 85 33 59 16 44 50 45 60 52 65 33 61 67 68 49 76 74 77 10 47 6 99 81 44 61 29 47 100 21 41 18 8 94 
54 76 57 85 80 89 7 58 6 77 22 73 72 79 48 89 76 86 88 27 11 94 69 74 56 67 56 89 59 14 79 82 73 13 77 61 70 71 57 
99 99 90 61 97 12 13 88 3 91 77 58 6 75 58 5 17 50 8 57 99 51 18 7 22 61 43 61 37 42 18 4 93 90 14 20 41 81 
100 82 36 70 7 37 62 26 52 51 24 33 52 75 69 98 17 3 55 73 32 5 39 13 95 10 43 51 75 45 11 93 29 62 41 26 100 
54 43 84 39 12 94 7 11 81 47 72 95 31 36 57 45 80 92 51 13 44 30 60 16 51 20 82 39 46 99 23 14 34 81 17 36 
90 55 37 31 52 24 82 73 62 20 9 76 91 74 61 47 68 46 45 42 85 74 39 93 36 84 48 3 58 46 41 49 71 79 76 
89 31 37 24 23 20 31 48 66 84 100 38 48 3 91 33 72 16 41 82 59 20 75 60 79 64 62 17 6 82 68 62 27 74 
100 8 14 82 6 96 38 14 59 74 7 84 80 98 57 42 82 93 5 44 80 2 68 79 72 52 51 82 87 67 83 8 91 
78 80 46 81 59 79 29 86 24 71 45 69 41 91 69 4 95 80 87 4 25 13 47 17 13 10 78 24 86 50 2 86 
78 66 100 91 58 16 31 36 52 44 71 1 8 95 82 11 91 96 66 53 82 69 46 14 53 51 98 56 50 72 57 
40 34 38 62 66 12 91 1 48 30 45 63 47 22 27 34 93 10 47 48 88 3 11 79 27 57 8 7 92 24 
21 29 95 57 94 8 73 24 41 13 55 60 4 71 43 59 48 12 32 41 46 15 22 44 92 85 11 85 88 
23 75 4 90 60 73 4 59 3 80 11 64 25 49 8 80 46 63 75 26 95 38 10 49 94 35 33 40 
7 2 41 3 86 31 81 23 34 52 70 22 20 40 74 72 75 93 7 85 92 5 99 13 43 83 27 
87 81 97 59 48 20 17 68 58 38 74 4 45 57 74 84 75 58 76 93 97 58 71 13 23 6 
29 32 86 100 11 72 83 27 25 58 74 41 92 90 80 19 53 48 42 84 61 43 6 37 3 
80 18 65 2 1 56 18 71 82 24 84 62 11 25 44 38 21 46 86 72 30 9 24 40 
27 65 8 57 74 46 98 90 100 71 57 58 43 74 39 28 22 6 54 41 30 97 4 
78 17 16 67 3 70 35 77 39 47 89 93 60 79 38 91 53 11 8 93 68 82 
2 67 54 1 35 11 3 78 69 17 68 11 26 51 74 9 17 3 27 15 42 
93 100 37 26 63 19 80 42 22 14 37 40 100 61 14 13 95 51 60 58 
68 44 93 20 28 44 10 37 82 75 22 4 15 58 6 15 82 66 80 
59 25 84 95 84 20 49 31 57 9 53 15 66 60 40 86 42 87 
15 30 48 90 56 30 53 46 28 95 35 67 30 41 29 24 65 
9 74 85 45 39 33 88 5 99 4 70 34 94 61 99 33 
3 72 56 96 33 28 77 51 35 37 97 85 88 3 31 
80 60 72 98 6 75 81 36 60 86 43 78 39 16 
12 76 66 43 70 95 66 59 72 1 47 43 6 
86 40 53 69 31 86 10 30 74 47 79 95 
35 10 82 39 44 90 30 20 27 26 10 
80 63 63 69 51 32 46 42 96 12 
27 81 23 98 47 2 68 32 82 
88 91 19 27 57 98 99 27 
65 5 98 3 42 82 6 
2 67 76 54 96 4 
82 47 53 47 22 
14 65 82 8 
12 23 20 
37 81 
7 

#cubic coefficients D: i < j < k
#i: 0
95 95 15 74 73 19 10 93 34 42 99 5 100 4 3 11 46 87 86 17 2 48 6 43 84 41 20 49 12 82 85 82 19 51 76 75 11 13 23 33 34 95 62 
10 81 20 44 83 82 80 40 62 44 38 3 80 40 23 38 69 14 8 74 77 62 61 42 84 86 99 51 16 45 34 73 8 32 21 65 37 42 81 94 84 35 
7 36 74 56 8 64 42 73 73 12 99 45 84 48 67 44 2 13 96 54 95 28 71 10 93 45 60 35 17 57 17 88 39 29 81 46 68 66 19 20 51 
4 87 38 23 88 19 93 80 83 61 10 33 87 31 61 20 83 42 1 47 51 54 67 29 35 21 37 47 74 47 32 73 95 66 46 50 65 52 72 33 
12 25 3 54 1 43 85 10 91 93 24 48 70 13 90 17 15 89 45 14 81 11 79 82 9 99 14 67 48 64 9 14 4 55 100 28 4 100 76 
49 86 30 49 77 34 76 77 18 99 95 56 67 38 3 6 19 78 8 65 19 19 91 41 4 23 85 41 89 69 52 82 49 88 10 57 59 51 
66 7 4 64 52 90 92 100 48 92 66 30 42 89 3 37 98 81 77 67 79 58 35 31 83 72 44 73 7 56 100 12 52 2 16 50 24 
7 69 56 90 14 51 28 26 32 50 73 92 77 35 76 22 12 29 43 63 44 35 98 36 18 77 63 80 29 64 84 89 90 5 69 32 
30 42 37 93 46 73 42 81 2 54 77 9 29 41 21 52 77 11 97 94 80 26 37 46 43 21 36 53 29 62 20 24 8 44 99 
9 43 29 85 44 16 15 75 58 41 50 84 83 34 73 58 47 8 93 87 41 24 5 72 99 59 72 86 90 38 32 5 8 54 
82 9 53 92 30 52 100 66 66 52 92 63 65 82 72 74 50 24 78 45 68 31 94 46 84 29 17 71 98 49 83 3 70 
42 88 65 93 33 62 5 37 43 1 1 67 25 33 22 44 5 29 39 60 87 29 62 41 58 68 29 72 82 51 52 73 
13 21 3 44 14 76 49 40 28 8 7 20 48 57 19 91 1 65 85 38 75 33 18 100 55 43 62 67 84 7 47 
63 54 7 43 67 33 81 13 70 66 77 8 30 18 17 46 15 85 30 72 4 57 19 20 73 11 14 98 40 20 
74 15 80 23 71 37 69 54 24 11 67 39 64 75 18 23 2 87 29 77 96 70 68 62 49 34 71 11 18 
96 58 47 44 15 56 94 74 61 26 75 43 75 11 14 99 100 39 7 63 37 96 79 95 43 5 46 74 
37 32 45 92 10 32 91 12 78 10 94 66 51 62 63 18 13 2 13 33 33 60 91 98 67 57 54 
67 9 58 63 100 68 75 41 40 31 27 66 64 73 25 12 28 93 17 6 100 62 18 90 41 13 
88 52 77 65 13 47 54 84 54 82 58 57 52 16 100 28 92 79 47 94 17 42 71 36 6 
89 93 60 39 21 96 98 100 38 23 25 14 88 94 17 48 18 89 81 42 51 43 89 63 
24 14 76 65 44 52 65 97 53 57 83 11 49 93 93 58 8 18 19 1 61 44 39 
20 81 33 4 2 85 45 49 20 41 37 65 99 50 7 44 29 40 57 50 29 47 
99 6 53 80 84 44 100 78 69 76 90 57 62 95 12 35 61 29 75 42 54 
86 1 7 17 97 36 98 46 45 82 49 1 86 22 13 64 42 63 26 75 
95 83 91 78 62 50 6 42 68 97 49 56 41 90 54 72 19 40 71 
44 52 41 9 86 99 62 8 45 31 55 46 2 17 58 100 74 59 
74 66 70 90 26 59 73 15 12 85 17 25 42 58 73 84 5 
14 50 42 20 39 43 85 24 8 83 38 92 83 15 29 18 
91 41 52 83 57 61 88 89 10 52 57 85 36 92 3 
62 56 32 51 53 76 11 5 45 64 9 34 77 25 
46 76 41 24 82 45 18 93 4 85 71 99 99 
32 47 12 26 58 53 69 71 88 8 97 60 
92 13 13 62 97 27 55 94 10 44 14 
70 67 55 70 79 47 8 69 88 51 
89 72 8 93 38 33 45 54 62 
89 1 61 70 68 3 60 87 
67 70 51 35 16 16 27 
70 36 75 63 2 90 
37 6 15 45 83 
39 96 70 44 
18 77 44 
50 47 
70 

#i: 1
85 46 97 31 26 85 83 73 56 87 77 48 75 50 22 35 32 55 5 71 23 47 40 19 94 48 59 79 97 90 87 33 63 41 30 88 60 3 89 100 58 84 
30 38 45 18 23 81 14 58 46 28 79 46 27 59 28 91 94 39 6 34 14 59 9 75 92 11 12 7 12 9 59 39 61 33 58 87 4 9 38 53 37 
73 21 53 38 86 6 11 61 22 80 44 12 16 74 44 9 83 68 3 39 10 19 30 68 92 56 57 25 93 60 68 30 41 93 74 83 85 49 1 81 
44 45 79 88 33 38 39 86 41 19 29 16 86 61 71 77 11 15 24 11 5 21 52 97 64 87 59 78 43 85 44 19 92 47 64 56 39 8 19 
28 38 11 29 45 85 29 66 82 3 89 7 59 47 41 3 71 88 48 7 9 78 42 9 98 89 89 42 46 83 92 19 53 3 23 90 30 55 
25 75 73 26 94 77 50 68 32 80 44 64 20 16 30 74 59 12 25 35 31 20 28 51 16 31 27 95 24 86 47 86 2 22 91 90 93 
70 100 49 93 11 79 11 20 43 90 36 78 22 77 86 74 10 49 33 25 65 87 91 58 96 69 35 77 94 13 11 57 88 72 99 96 
24 88 84 31 44 93 29 66 68 38 94 30 95 63 74 79 84 58 91 76 74 7 6 34 59 57 34 80 89 68 86 93 11 10 49 
46 16 97 25 23 57 5 89 94 92 5 19 13 50 56 72 79 25 34 11 17 93 34 81 86 63 35 54 63 47 74 50 33 90 
56 10 48 4 51 37 36 57 42 43 40 36 86 18 83 75 52 72 28 19 55 55 22 35 95 13 38 54 69 50 3 74 91 
74 98 60 94 22 3 7 38 71 56 18 12 35 75 74 76 87 55 21 93 77 32 18 76 81 70 1 66 38 100 6 71 
39 64 34 88 43 84 52 85 15 94 84 7 45 43 96 12 33 31 28 33 97 8 12 93 7 69 61 13 59 75 80 
7 17 42 92 79 29 8 87 16 37 71 74 69 81 42 20 24 63 52 49 36 61 85 59 69 52 57 51 100 49 
3 28 65 37 32 69 62 81 18 94 71 18 55 4 62 57 24 73 42 63 46 84 77 50 75 57 77 34 23 
3 57 90 3 26 11 65 11 71 5 64 43 67 32 37 60 29 58 84 41 6 17 58 45 76 44 96 71 
77 25 3 4 26 62 90 80 84 87 41 36 96 37 23 13 99 25 14 81 36 14 23 59 41 70 29 
72 33 84 45 60 99 69 29 1 48 24 43 56 68 22 30 58 66 33 2 9 99 43 74 4 8 
18 10 42 71 56 83 32 61 16 80 86 96 74 32 22 79 26 54 9 81 15 61 13 25 37 
87 77 78 18 79 23 87 83 39 66 98 68 4 3 69 15 54 40 83 54 37 16 47 31 
59 9 58 58 1 67 47 48 86 40 77 11 3 99 63 16 78 72 55 33 98 34 54 
92 95 85 73 57 91 21 91 10 88 25 37 45 64 62 99 48 21 95 17 77 59 
80 51 49 74 55 32 31 91 68 54 42 59 90 27 79 12 87 15 84 5 56 
4 40 74 59 43 95 59 26 54 17 74 20 4 18 74 44 65 5 50 22 
42 17 82 6 60 78 67 74 24 11 19 16 98 32 12 52 46 70 77 
56 9 62 69 25 17 34 80 5 52 12 49 83 3 78 68 86 10 
40 75 61 23 82 14 6 61 10 97 44 17 71 71 2 35 12 
16 65 64 9 74 6 58 91 12 66 38 93 40 11 44 93 
31 45 51 72 1 64 2 40 36 89 16 41 48 8 98 
8 87 80 14 69 96 44 19 59 81 83 3 58 71 
83 23 23 8 21 36 20 8 57 45 16 68 16 
89 92 91 65 44 82 98 26 92 76 56 53 
43 26 22 51 69 86 12 5 77 52 20 
60 20 77 99 39 36 92 89 45 86 
92 50 88 99 29 78 98 40 3 
62 88 93 54 12 1 35 12 
57 89 84 58 40 26 62 
16 15 21 4 43 70 
64 19 20 44 49 
17 54 46 92 
56 62 2 
3 73 
86 

#i: 2
46 44 56 16 69 61 16 4 41 69 23 45 86 86 71 74 25 71 73 52 82 82 86 98 78 66 83 88 7 84 44 86 99 78 22 75 91 4 89 97 45 
38 57 91 48 83 59 27 83 30 59 16 79 38 12 80 80 8 18 17 69 83 23 38 57 28 16 21 16 94 90 67 63 36 2 98 20 87 68 70 3 
20 27 11 64 10 94 45 73 9 56 54 5 18 52 53 91 5 43 66 12 9 30 90 19 76 23 97 66 72 65 13 66 55 82 43 77 6 30 38 
62 79 23 26 65 43 59 74 93 17 8 50 55 66 6 73 56 86 67 26 39 45 79 83 23 34 37 67 76 35 3 77 62 76 4 55 84 32 
43 22 39 34 46 23 66 7 84 10 16 99 90 40 54 19 74 94 18 7 64 89 43 52 74 61 50 6 8 23 36 78 79 11 61 13 19 
59 98 53 93 91 85 30 93 88 10 26 79 58 7 9 64 40 45 68 61 31 55 78 35 93 71 12 49 38 28 78 33 66 33 31 23 
41 66 94 43 76 64 11 92 100 27 26 41 76 82 92 8 15 76 29 40 62 67 1 58 86 23 88 41 81 67 45 71 30 65 52 
14 16 78 36 17 39 16 23 11 67 100 69 92 30 95 58 74 29 32 92 28 9 66 20 73 89 99 54 59 77 69 17 95 86 
37 5 26 86 61 58 52 87 94 47 92 36 77 79 5 63 12 48 23 88 65 21 38 48 39 40 96 50 36 50 94 61 47 
81 64 13 1 25 82 81 71 66 11 28 27 62 97 49 50 46 12 78 62 74 97 47 71 53 58 47 32 96 89 6 32 
86 20 63 24 37 8 39 58 78 73 6 11 60 90 95 27 69 86 67 90 21 88 26 90 28 48 18 47 18 5 29 
20 19 44 21 90 39 15 35 71 59 80 32 91 67 13 57 51 28 33 8 64 58 59 68 82 62 65 48 83 95 
16 25 86 34 84 55 69 22 83 12 90 40 4 9 58 19 63 85 80 92 63 86 39 41 57 48 93 23 35 
55 3 99 13 31 57 64 81 96 24 13 87 81 30 57 28 88 68 26 14 16 93 86 60 68 82 27 33 
76 99 15 35 21 73 45 70 79 62 61 11 48 92 3 99 37 54 80 22 43 80 5 79 81 74 24 
92 61 20 55 17 42 53 89 16 72 79 89 30 24 87 7 87 40 69 13 40 2 68 82 6 91 
61 44 83 52 69 92 20 96 77 26 50 93 18 85 96 40 46 65 26 2 7 90 21 47 68 
95 67 96 4 85 46 2 61 75 99 60 2 99 33 37 54 72 63 18 59 94 87 88 100 
21 12 76 51 3 3 40 43 32 84 87 61 36 17 28 59 54 57 100 18 52 27 61 
43 9 56 48 39 22 78 37 71 42 5 6 86 44 19 80 42 64 40 61 74 50 
48 66 93 29 24 55 53 82 56 42 57 50 22 93 5 100 92 83 68 53 25 
23 72 12 87 64 54 98 90 100 20 50 25 19 55 86 55 98 1 16 81 
90 96 74 33 93 89 94 20 54 87 7 98 37 3 9 68 67 62 85 
5 97 48 81 93 61 48 22 11 52 12 13 86 8 7 48 32 100 
81 65 42 20 56 21 35 38 4 46 78 13 12 92 44 2 31 
70 38 78 49 34 48 10 25 96 74 24 40 29 40 47 33 
50 43 5 31 11 28 97 45 84 37 51 12 47 28 54 
75 99 94 33 40 74 19 80 79 31 24 14 83 8 
95 35 41 99 29 50 59 7 93 18 53 38 84 
17 44 77 3 40 68 49 17 88 68 6 28 
57 98 93 83 96 17 20 92 54 95 39 
30 72 77 31 1 25 8 13 9 34 
35 5 22 63 95 30 6 61 19 
26 19 55 89 2 41 41 41 
93 18 95 33 24 94 20 
5 17 17 68 57 75 
74 42 85 54 52 
19 41 96 23 
100 75 22 
2 9 
93 

#i: 3
10 60 75 37 69 43 19 11 36 40 22 10 93 5 5 65 61 23 86 3 8 11 57 47 24 15 15 17 33 98 26 2 42 25 80 10 88 99 82 43 
40 99 89 16 62 79 100 36 96 29 44 31 64 29 56 20 25 54 7 62 70 45 77 19 27 22 65 2 25 35 78 54 7 3 32 74 45 11 98 
54 81 29 62 33 16 30 54 45 100 16 69 73 70 90 30 57 5 29 55 17 70 72 90 2 58 48 79 85 32 32 64 68 45 36 91 15 12 
34 96 35 55 86 92 28 73 80 100 9 85 62 33 5 95 79 25 65 100 82 37 3 30 23 63 74 90 88 3 86 41 66 69 77 28 32 
21 5 94 13 30 21 40 12 30 56 71 1 37 21 1 53 91 6 45 17 1 65 41 84 97 75 56 23 89 78 15 72 66 71 94 81 
81 36 10 51 68 47 49 13 94 42 7 9 61 47 1 54 67 80 68 56 60 71 97 63 43 4 99 65 4 40 79 6 62 43 95 
99 93 29 57 3 64 11 50 37 99 18 67 35 75 57 60 61 57 60 35 64 55 93 23 22 30 24 90 69 77 2 31 53 43 
71 89 68 28 2 60 6 80 3 26 33 82 93 53 33 18 63 48 40 2 88 68 68 80 35 33 38 11 20 16 13 82 35 
31 21 40 98 61 20 34 79 67 44 23 39 67 91 11 69 70 87 34 81 60 38 8 12 84 57 12 40 52 24 89 100 
3 67 35 18 74 7 71 37 71 51 86 58 45 69 47 79 67 59 76 92 19 37 37 82 27 23 2 55 73 10 70 
7 89 19 25 28 85 90 47 36 93 81 46 53 90 88 92 48 76 19 90 16 62 68 78 31 8 64 9 16 72 
58 87 9 44 58 74 54 64 45 90 26 20 67 88 48 45 79 98 94 98 97 46 85 26 41 91 71 65 24 
8 1 53 23 68 27 29 49 90 36 98 93 6 32 26 52 26 94 10 90 95 15 67 70 22 48 49 95 
49 100 66 4 35 99 13 25 46 28 16 64 44 22 33 64 63 70 41 15 87 73 21 27 89 76 16 
7 49 4 66 9 59 58 71 51 79 82 99 82 1 66 57 27 92 25 92 27 31 51 28 33 91 
49 78 61 98 11 92 6 86 68 26 58 87 7 73 60 80 98 19 61 55 33 82 4 55 5 
84 23 9 23 15 58 89 26 65 48 81 26 4 45 24 18 5 65 28 83 62 23 66 73 
78 75 22 72 55 9 8 100 43 39 81 10 38 51 48 24 36 11 87 65 88 27 10 
22 27 35 83 3 9 70 23 97 93 17 68 42 51 47 65 89 53 100 36 46 3 
68 4 38 25 70 50 93 93 26 3 96 42 80 3 96 36 84 36 47 16 65 
29 14 84 66 8 22 2 6 35 3 52 55 4 23 47 31 96 50 59 7 
33 90 44 19 11 34 37 83 65 60 93 56 86 13 87 43 79 72 29 
4 59 12 38 85 91 15 47 58 92 54 92 66 68 34 23 60 49 
12 13 13 87 65 82 17 23 47 31 19 6 100 47 1 19 31 
53 4 41 26 99 46 71 82 72 100 27 3 99 93 30 42 
5 51 5 20 90 76 6 59 20 97 86 45 26 97 41 
67 1 79 91 90 66 62 1 68 35 18 2 93 26 
37 17 16 12 53 36 83 88 39 39 4 67 79 
79 57 96 70 39 73 34 36 22 19 10 60 
3 55 19 39 76 87 53 46 68 8 1 
5 70 31 21 99 43 20 34 57 73 
86 12 73 74 53 7 90 40 35 
100 32 33 89 46 41 93 12 
54 3 42 57 67 65 48 
60 35 77 19 15 76 
54 3 8 41 44 
13 70 74 6 
31 75 80 
22 86 
20 

#i: 4
80 19 29 43 58 95 19 1 26 65 90 48 49 12 54 77 24 39 52 17 71 81 21 87 8 26 88 85 60 92 55 92 84 100 69 97 31 87 100 
66 53 38 15 49 91 94 97 75 51 20 96 99 6 81 7 74 90 25 10 29 36 59 96 9 56 21 26 2 94 16 77 13 29 64 79 37 45 
5 96 88 43 34 10 22 99 30 17 90 63 11 37 91 84 27 86 57 47 69 13 39 20 57 4 85 87 93 11 17 44 49 38 14 35 78 
82 34 79 18 22 55 59 20 66 18 40 13 68 36 92 5 86 14 33 60 3 97 37 89 12 67 29 92 86 74 48 58 43 29 31 31 
59 23 89 82 67 62 20 28 78 81 31 88 35 29 9 82 41 79 72 11 31 17 16 93 9 77 5 7 82 40 29 40 10 48 4 
62 71 23 57 48 33 43 80 95 25 75 71 89 94 75 24 94 79 43 36 19 81 92 73 39 78 1 75 64 89 54 24 52 9 
8 85 86 45 60 67 78 34 88 77 25 99 96 25 99 59 61 78 3 17 9 48 23 82 95 82 60 99 70 53 19 42 95 
46 20 44 75 49 82 65 2 5 39 69 83 36 89 11 89 61 27 51 85 85 29 92 26 29 7 59 15 22 73 26 55 
84 65 18 38 21 1 96 72 35 24 68 7 94 9 79 29 53 89 71 19 37 100 75 1 92 100 58 75 6 35 20 
48 89 33 35 42 76 74 88 5 78 16 31 87 4 59 82 61 30 53 21 5 53 69 90 28 92 25 48 33 20 
76 61 61 1 61 94 90 71 78 26 3 43 84 15 40 37 92 13 10 62 9 54 95 99 22 81 56 52 96 
85 47 42 40 20 79 85 80 23 100 84 2 89 36 35 80 20 11 84 58 60 20 29 51 97 26 12 71 
3 47 22 79 26 52 96 38 37 42 69 67 19 59 40 81 8 24 40 66 44 92 7 90 37 31 55 
89 94 86 24 17 9 19 34 16 22 33 69 19 11 89 26 11 97 63 67 75 93 89 46 27 9 
81 65 12 39 46 73 26 93 29 17 11 4 39 74 92 50 26 89 11 9 88 84 70 79 5 
66 2 83 39 1 75 63 88 10 100 14 83 61 60 54 74 94 47 16 73 94 72 49 92 
82 71 39 9 44 37 54 49 49 7 31 48 87 47 27 77 12 31 48 60 8 73 35 
90 34 30 59 76 99 7 97 98 79 63 59 18 98 16 50 41 20 32 59 97 15 
38 23 58 95 92 6 36 18 77 43 23 80 24 48 44 60 65 78 37 49 73 
69 78 17 11 53 76 6 55 55 87 39 46 34 86 2 26 62 72 20 37 
40 26 4 79 21 45 9 37 88 40 73 14 81 5 73 47 94 56 61 
29 49 34 93 94 28 18 23 26 79 47 77 60 74 15 25 52 60 
22 83 91 26 35 46 100 97 29 58 22 99 44 94 10 75 48 
72 76 85 65 76 88 14 57 68 70 5 29 74 93 79 48 
77 6 67 82 23 8 48 25 25 49 8 54 100 32 23 
92 92 79 85 34 59 85 54 80 30 9 3 55 81 
51 68 72 1 60 62 71 30 73 49 96 80 19 
57 29 80 3 63 17 86 93 53 37 81 82 
73 91 64 96 50 74 4 61 77 68 61 
99 90 26 50 86 83 45 76 59 3 
20 13 22 6 88 50 89 22 75 
43 6 30 30 71 29 68 4 
52 58 17 92 88 39 76 
40 65 37 8 84 33 
11 66 22 73 99 
70 19 93 81 
89 49 72 
60 84 
87 

#i: 5
74 94 13 23 72 61 57 12 45 61 14 71 33 68 35 67 91 43 68 82 77 31 2 12 92 79 42 83 65 58 34 95 41 49 42 57 82 16 
98 1 32 88 39 58 6 81 56 71 55 17 7 90 70 91 26 76 28 69 37 95 59 10 42 21 51 10 41 77 52 82 39 27 3 96 72 
25 98 78 82 32 77 70 68 8 78 24 7 40 57 54 47 22 46 1 9 14 96 41 14 4 85 43 22 33 73 96 35 20 75 4 17 
38 96 51 31 52 67 59 35 33 80 92 5 50 20 89 51 47 36 50 47 34 97 41 89 67 45 86 86 55 41 47 25 1 39 53 
61 66 12 27 12 92 40 9 53 43 25 10 77 54 71 8 60 75 90 11 73 54 35 59 13 3 78 31 50 77 74 83 13 39 
42 4 78 78 77 99 90 24 85 74 100 68 97 6 72 12 60 31 97 15 88 5 24 63 86 48 76 83 65 57 58 1 91 
34 70 19 69 28 53 73 40 1 20 88 19 6 20 65 88 60 60 89 94 81 45 87 48 98 95 6 54 5 68 40 38 
13 2 6 83 11 9 75 90 98 39 28 77 89 33 51 73 10 97 5 67 72 90 66 79 2 84 99 68 77 73 20 
96 80 88 42 1 42 52 71 16 36 45 36 94 68 28 84 100 48 39 41 92 24 18 57 94 96 84 19 29 52 
39 58 34 13 10 58 67 3 86 47 7 89 52 34 81 63 13 15 10 17 8 72 69 79 33 90 72 96 86 
6 40 74 86 36 14 24 63 11 66 94 35 9 12 81 14 12 26 7 84 68 15 12 6 18 61 71 86 
69 72 17 64 48 21 85 61 19 67 83 74 37 79 42 16 74 6 97 31 72 25 94 11 80 81 83 
95 62 23 5 32 2 42 100 15 58 65 91 96 10 58 76 88 52 24 94 87 94 5 99 26 92 
87 34 71 12 10 68 23 4 76 22 32 46 11 5 77 81 41 95 35 88 78 64 53 74 30 
41 12 59 50 53 38 7 80 69 41 50 35 85 92 90 95 39 86 6 60 73 87 35 71 
67 9 98 73 49 98 11 93 58 9 26 21 23 40 31 73 46 18 8 8 57 11 94 
45 88 10 99 36 75 66 2 39 72 83 54 6 26 95 32 7 82 25 44 40 56 
56 58 45 54 90 2 75 71 79 1 93 96 27 29 19 10 13 84 24 23 15 
50 14 90 21 48 13 34 86 54 35 23 70 25 80 13 4 16 12 78 56 
97 83 44 36 9 49 76 95 3 38 40 40 9 86 18 31 36 8 53 
11 43 92 30 23 78 95 43 61 38 76 28 9 7 10 16 26 22 
85 20 58 96 20 19 48 61 70 6 72 29 33 16 18 47 23 
14 83 76 54 41 29 21 87 9 17 83 13 86 18 46 18 
34 95 93 69 88 20 23 74 6 25 77 28 59 8 81 
83 45 53 16 27 13 52 23 86 56 71 27 15 89 
97 84 41 15 10 90 43 78 19 27 92 80 81 
58 11 48 67 78 35 50 71 6 81 57 62 
10 45 9 68 59 59 2 63 76 58 3 
6 74 33 58 96 14 7 72 28 1 
60 62 16 17 54 24 2 60 95 
15 82 34 45 58 56 4 18 
43 75 7 90 49 11 34 
79 9 53 4 32 37 
60 15 30 60 23 
68 3 57 64 
87 82 85 
36 15 
13 

#i: 6
24 78 31 75 62 55 61 27 100 81 60 41 49 1 26 28 10 37 67 8 94 13 49 54 63 15 78 46 99 34 75 68 76 10 62 87 58 
24 16 6 11 80 95 51 99 42 84 60 47 82 45 24 83 54 64 89 25 23 47 80 34 46 3 59 69 41 42 48 13 92 60 54 66 
64 98 19 71 48 65 65 97 48 40 69 84 38 19 68 80 58 19 95 24 28 7 50 9 64 91 99 63 80 23 75 52 34 75 26 
20 5 83 35 76 59 71 51 66 8 90 65 98 95 10 50 28 31 64 41 40 71 41 39 48 3 38 9 77 4 57 31 60 16 
50 13 12 80 5 59 30 48 95 34 48 79 82 73 33 84 100 96 21 26 24 50 97 95 93 94 62 57 46 45 92 8 33 
18 70 77 77 87 65 62 11 8 97 18 33 88 98 40 40 56 97 75 17 92 67 59 44 38 19 24 48 40 37 92 85 
39 49 83 84 54 55 45 79 95 98 58 97 87 87 79 70 47 67 5 37 59 81 94 28 38 47 96 49 83 19 1 
80 34 68 6 98 64 22 16 16 96 76 86 26 57 100 4 91 46 38 41 30 38 85 40 5 76 91 90 49 72 
25 30 58 65 67 71 19 82 58 43 14 15 74 82 39 82 100 83 14 82 50 19 49 44 31 48 38 42 14 
25 30 73 83 34 89 11 8 65 27 88 27 25 83 78 28 82 19 70 47 18 26 3 78 46 75 96 22 
83 4 3 48 82 12 37 53 42 82 23 64 56 31 71 73 43 70 90 32 26 46 74 60 72 93 44 
69 60 41 89 45 32 6 56 84 65 98 33 30 22 25 64 69 9 79 27 95 26 84 12 44 32 
37 54 62 13 67 10 56 15 50 40 72 88 84 56 84 29 39 66 16 8 4 26 20 85 21 
61 28 30 13 70 35 45 59 77 36 52 50 68 82 3 4 45 27 93 56 38 11 95 86 
49 45 53 53 76 40 80 97 41 18 5 46 94 81 99 57 37 1 89 54 46 53 9 
71 88 27 30 28 51 5 75 65 16 92 38 38 45 19 37 34 82 62 41 52 47 
91 93 20 56 86 93 41 14 11 30 60 57 75 73 45 4 33 81 25 40 8 
26 58 28 23 13 55 81 92 70 53 67 79 41 49 86 80 4 93 38 64 
68 60 77 78 78 39 30 14 84 11 24 31 7 16 67 51 63 94 62 
9 93 31 26 14 45 90 23 65 63 51 98 28 82 69 43 39 74 
53 31 15 60 91 78 37 54 45 17 27 53 95 38 56 36 48 
63 52 32 51 4 42 89 23 67 71 42 80 75 24 50 14 
27 1 65 26 43 68 81 46 27 3 29 68 36 87 17 
82 97 23 39 94 94 36 6 40 100 45 88 92 45 
38 14 95 26 69 53 62 17 61 39 50 53 5 
22 64 40 29 34 48 55 31 30 17 31 88 
2 11 88 70 47 61 75 44 1 54 50 
35 40 74 85 74 61 89 10 58 60 
58 9 73 82 33 84 99 62 97 
61 58 91 12 58 95 99 53 
86 60 69 37 44 79 33 
13 76 26 72 48 10 
78 78 13 20 13 
25 25 58 30 
62 15 47 
69 57 
90 

#i: 7
90 26 38 73 25 14 50 71 99 46 92 63 41 50 58 26 97 17 77 52 69 11 78 69 63 53 86 28 13 42 84 39 76 62 97 54 
82 3 66 46 55 25 30 8 2 7 69 82 39 44 90 14 52 50 19 17 43 98 18 80 4 43 68 86 27 80 80 39 48 80 14 
85 27 41 9 39 1 65 97 70 9 80 97 48 15 64 24 3 18 19 92 14 20 88 11 58 41 56 72 2 57 50 80 50 85 
69 27 18 39 78 74 16 28 30 65 51 65 52 100 51 43 48 90 61 42 16 3 64 64 59 31 15 59 77 95 19 51 29 
30 94 8 30 50 30 65 51 77 65 95 79 53 63 66 38 5 4 75 6 97 92 78 10 5 30 88 46 70 49 34 24 
62 4 53 73 14 61 41 12 35 70 77 4 44 31 81 24 14 35 96 83 2 63 30 3 1 27 75 96 36 59 44 
2 96 87 62 18 3 53 34 30 24 14 74 38 6 63 29 56 59 53 78 72 19 3 40 3 28 62 97 14 47 
75 41 54 17 84 44 71 90 13 66 15 33 1 36 64 94 4 32 77 33 51 74 36 9 57 82 77 6 11 
59 70 36 3 14 28 66 22 60 70 76 44 71 27 22 88 42 97 38 76 52 60 98 90 22 18 30 33 
33 9 60 8 65 46 68 12 4 14 44 7 14 50 76 84 57 77 69 90 34 55 11 1 17 97 27 
22 54 42 21 29 98 96 1 9 35 73 6 50 38 53 82 15 91 35 30 36 70 94 62 12 82 
68 84 89 16 9 96 51 51 68 97 66 73 15 80 12 94 44 29 27 94 88 45 29 91 58 
4 33 93 90 86 44 94 79 39 8 4 7 78 57 14 46 43 87 38 18 17 91 74 74 
87 88 6 25 50 93 53 33 17 86 79 71 46 52 52 99 94 17 66 12 71 21 59 
86 82 60 68 33 15 94 32 53 68 94 38 59 45 6 14 48 28 9 25 49 62 
94 56 4 15 34 53 86 47 37 22 7 27 38 6 56 78 87 46 89 69 49 
51 89 16 100 45 10 27 94 91 45 21 33 78 61 41 3 75 48 45 45 
69 85 42 77 32 78 69 25 95 79 95 51 19 38 27 34 63 2 63 
97 92 39 3 57 79 40 76 92 85 45 96 83 27 22 22 80 24 
9 47 79 46 74 35 68 88 72 40 62 37 43 47 83 53 57 
56 10 13 35 59 75 28 40 5 17 57 56 92 81 77 31 
71 74 24 94 29 72 61 23 1 15 96 58 82 24 4 
100 100 91 27 65 92 9 53 8 43 86 49 85 29 
91 57 79 34 17 25 97 3 92 9 78 46 50 
84 92 65 68 84 33 58 28 63 19 11 60 
14 99 42 69 67 1 37 38 41 84 94 
68 27 85 66 9 89 90 60 84 16 
82 66 1 20 33 8 98 24 57 
25 80 64 84 27 43 49 64 
20 64 96 73 35 20 16 
74 49 43 37 60 56 
66 97 36 84 10 
25 2 44 2 
3 17 32 
66 36 
83 

#i: 8
39 15 33 88 45 88 41 61 14 84 88 89 29 90 87 44 28 22 20 13 7 3 33 49 46 85 60 13 76 84 88 66 44 85 33 
14 47 59 90 16 82 29 97 60 25 100 3 20 72 26 99 46 73 55 45 54 48 46 53 21 85 65 93 79 45 26 78 18 17 
27 47 44 23 18 36 68 33 94 63 77 61 12 55 62 94 29 70 64 94 17 10 54 4 53 73 97 26 37 37 62 36 27 
55 13 28 50 76 1 41 23 55 13 89 70 27 80 42 38 16 93 56 88 26 28 44 61 14 90 11 83 10 85 97 42 
78 70 66 88 77 77 4 9 51 45 81 97 57 98 68 86 32 40 15 89 68 93 10 81 66 64 63 25 62 97 29 
16 53 81 17 13 34 51 4 99 100 53 60 89 42 29 60 84 70 95 1 89 67 41 29 6 13 81 25 98 23 
68 70 87 14 44 63 40 8 34 79 56 44 74 16 13 96 9 29 87 77 80 63 74 61 20 16 80 34 46 
13 96 80 59 73 97 9 17 27 23 74 26 95 24 61 66 57 100 67 62 74 78 28 91 11 66 30 21 
97 50 11 4 44 30 28 31 89 34 50 39 21 29 81 13 77 65 28 23 26 82 67 9 83 66 64 
15 43 27 53 22 8 67 40 46 92 85 12 28 100 18 81 75 4 96 59 60 21 53 48 87 76 
23 71 51 3 25 85 21 95 63 47 55 39 13 86 77 59 30 66 23 23 24 86 89 77 72 
71 41 38 50 66 22 44 42 79 9 40 2 97 63 49 52 64 60 20 43 86 77 55 30 
70 33 40 17 93 36 26 70 59 59 48 49 48 31 69 82 94 63 75 67 45 18 5 
34 6 69 54 49 17 90 66 8 15 43 18 43 64 90 17 30 88 97 54 100 63 
10 56 57 41 41 63 68 73 100 29 72 20 28 85 50 92 53 44 16 75 2 
52 27 94 56 6 35 51 90 60 29 13 35 100 25 31 69 48 83 65 21 
96 63 13 22 4 57 10 56 44 48 48 29 54 95 53 9 83 32 71 
34 52 31 56 6 65 40 56 37 63 84 18 88 40 69 23 36 54 
63 33 40 78 18 25 2 62 34 95 9 94 17 34 60 9 80 
78 39 99 19 29 34 51 79 5 57 52 47 5 62 41 32 
54 78 93 96 8 93 23 34 10 88 39 57 19 55 27 
27 68 85 97 59 52 35 25 49 62 5 49 71 48 
82 91 49 33 35 8 71 83 91 84 27 81 68 
31 82 99 55 32 17 35 13 8 47 99 81 
4 75 30 71 60 42 63 44 62 57 26 
88 51 8 61 22 85 55 82 49 6 
85 64 53 69 5 28 54 63 91 
92 31 94 99 36 60 76 13 
45 87 9 61 9 42 96 
11 65 20 42 39 39 
19 11 3 59 25 
41 43 82 50 
43 88 25 
27 73 
40 

#i: 9
23 100 46 19 23 100 59 8 82 26 16 50 18 26 18 23 33 77 19 26 23 2 27 86 49 56 45 64 20 62 43 82 95 95 
43 21 54 70 1 34 53 80 48 28 21 98 71 45 52 73 27 50 28 51 46 56 57 53 47 85 86 7 62 24 62 61 14 
58 11 56 59 45 40 51 68 76 47 39 1 48 31 31 12 7 52 37 79 85 41 65 3 98 32 42 39 8 69 92 97 
97 43 2 12 86 97 18 17 56 73 10 12 56 60 14 63 75 58 23 100 26 73 61 19 88 28 31 17 76 42 56 
20 28 75 73 27 51 53 55 91 72 79 96 11 97 36 63 64 16 94 8 27 26 74 89 48 11 81 34 38 55 
43 82 41 98 81 46 34 23 47 10 36 84 44 58 82 77 25 8 14 98 57 71 53 23 41 89 99 95 85 
23 66 60 16 9 23 46 23 63 13 60 95 32 34 4 77 41 92 73 57 70 12 9 31 46 70 39 8 
35 49 83 80 18 76 55 20 36 53 4 77 83 17 25 43 65 96 87 98 94 20 72 15 10 13 19 
36 67 85 67 53 78 70 42 68 99 64 89 9 44 54 53 65 77 35 21 2 11 65 20 8 22 
99 62 35 54 67 10 54 84 5 93 89 21 89 91 76 48 99 83 69 81 58 78 34 18 90 
83 97 61 73 96 99 64 45 22 89 7 91 84 34 95 42 28 20 48 79 85 46 4 13 
75 71 24 2 43 23 6 14 85 81 39 95 53 18 12 53 1 58 53 48 33 82 15 
43 1 83 68 83 53 45 82 1 97 28 84 85 17 28 47 45 81 52 96 51 22 
27 68 37 68 76 26 97 22 8 20 21 58 6 91 49 14 57 36 100 98 37 
39 58 66 52 27 3 59 38 96 61 14 80 5 3 99 40 25 70 58 32 
46 72 54 82 44 91 22 44 72 2 18 61 48 11 59 91 95 82 29 
67 100 14 78 14 63 23 10 83 74 61 66 72 17 88 90 3 39 
4 2 74 70 19 29 11 98 17 69 70 60 35 40 8 53 66 
11 58 15 90 20 19 75 99 15 8 37 31 87 65 36 58 
50 42 20 22 15 59 27 35 80 71 69 16 49 77 82 
4 17 10 86 55 25 36 85 14 64 74 61 59 19 
13 24 72 86 80 75 77 48 61 67 99 78 57 
67 35 63 97 14 69 70 56 45 80 10 82 
44 86 37 13 30 55 32 98 59 49 27 
14 5 70 82 79 75 69 38 15 75 
90 39 29 82 82 73 81 79 87 
98 31 71 13 47 92 12 47 
60 88 15 40 69 27 7 
6 94 40 86 10 2 
3 6 52 68 60 
33 91 66 50 
4 28 52 
52 31 
27 

#i: 10
24 19 74 72 94 12 65 52 48 97 67 81 36 49 9 30 76 20 56 35 14 56 86 50 3 18 50 73 46 59 37 46 82 
17 69 60 87 51 55 34 19 69 97 71 68 100 30 37 64 76 49 14 45 8 45 17 50 61 41 99 85 46 9 98 9 
94 29 83 72 15 13 84 38 42 59 42 64 13 76 9 76 92 81 25 9 46 5 14 84 93 99 48 10 28 60 30 
91 34 74 24 15 48 31 69 5 22 59 45 83 100 48 83 16 10 64 94 85 15 100 48 59 26 63 63 79 37 
22 72 55 36 93 47 14 4 98 71 32 5 4 24 36 27 57 25 25 53 26 65 8 32 60 53 83 41 3 
100 82 22 37 4 52 5 3 57 14 1 30 59 81 54 75 46 99 13 36 95 13 5 75 60 27 30 57 
32 41 64 29 83 95 15 55 93 17 38 84 86 25 42 45 77 53 31 15 18 27 75 61 81 39 30 
31 47 75 19 25 69 68 9 8 91 97 2 8 44 17 12 27 83 36 18 13 6 65 81 81 90 
84 59 41 64 13 88 73 1 49 22 81 43 12 45 88 32 47 26 21 58 50 9 32 97 18 
73 14 54 30 87 66 9 42 20 27 52 53 41 62 85 46 62 81 75 74 68 58 32 54 
89 24 85 15 69 55 99 81 95 24 91 77 34 6 65 24 79 26 6 85 35 41 81 
33 61 92 54 30 93 97 64 43 27 2 42 80 38 58 50 65 53 19 3 82 1 
46 35 36 78 51 6 33 99 41 47 73 40 25 93 71 32 76 31 28 53 43 
88 42 59 84 36 50 99 9 96 42 74 8 59 97 10 78 70 96 55 78 
8 52 54 89 86 1 73 79 59 91 77 91 56 24 90 62 51 64 36 
12 12 51 72 42 68 27 72 19 58 12 92 22 28 77 86 7 50 
60 19 70 48 96 92 56 44 100 23 22 5 8 83 35 95 18 
22 79 70 20 93 45 34 98 89 64 20 15 12 8 92 46 
70 2 26 48 70 33 38 31 25 86 31 7 34 40 47 
26 75 13 55 25 43 77 15 63 14 10 53 81 55 
67 39 62 18 17 52 56 91 98 1 5 32 47 
37 61 98 76 48 80 19 96 12 63 74 43 
47 10 11 3 41 12 98 78 79 19 63 
84 38 12 41 41 58 25 84 48 94 
60 11 31 18 11 4 16 45 46 
99 31 55 65 58 23 70 41 
46 63 28 22 49 2 40 
90 56 82 82 86 67 
37 61 46 8 75 
18 46 80 15 
49 47 87 
97 48 
76 

#i: 11
63 97 62 80 77 69 74 21 75 42 86 14 58 36 39 1 39 31 19 48 28 54 53 62 16 80 53 58 61 50 43 70 
24 22 26 17 20 56 27 63 7 31 74 38 97 53 54 81 90 50 6 4 83 5 87 13 86 60 34 72 3 13 11 
27 51 29 25 84 78 6 91 41 42 82 92 90 95 30 49 98 59 39 45 34 56 6 55 59 62 74 67 18 26 
18 1 29 5 25 59 14 24 56 88 21 70 85 89 68 51 79 28 45 97 97 75 11 83 63 19 93 30 82 
37 9 65 87 92 81 4 7 23 95 65 35 73 47 67 49 46 36 19 50 45 87 59 90 21 39 5 80 
88 64 62 31 66 3 20 89 26 93 68 98 69 41 90 63 48 90 63 50 21 88 14 85 44 15 14 
39 100 69 56 19 17 23 38 59 47 18 36 10 36 60 65 20 26 99 86 30 66 15 71 13 39 
33 31 25 99 54 36 55 8 87 80 72 12 77 54 88 85 70 59 21 84 6 41 79 3 37 
78 5 71 43 33 97 25 56 73 63 59 57 16 54 14 92 20 55 53 18 39 85 63 36 
31 43 69 49 29 100 19 20 90 6 26 34 30 30 29 93 64 77 71 65 9 92 45 
20 8 39 83 55 12 30 28 40 21 35 8 46 54 66 62 95 92 21 30 47 34 
90 42 54 37 3 86 85 83 52 83 25 29 29 10 49 15 62 23 59 61 17 
2 87 13 99 51 70 81 44 9 36 91 28 57 20 13 63 10 55 9 39 
99 75 3 3 94 69 62 98 11 15 76 77 78 70 43 73 45 69 37 
90 3 59 43 81 66 50 9 21 34 51 41 76 65 7 3 37 86 
80 95 53 47 34 11 21 40 98 63 2 23 64 16 53 26 44 
44 59 13 18 39 18 53 79 90 63 5 72 86 58 84 22 
27 94 1 86 2 23 41 73 13 47 80 67 2 84 36 
99 50 100 20 65 66 86 74 97 9 46 17 28 39 
69 13 60 40 78 60 20 40 82 60 65 24 33 
63 5 83 27 87 29 26 83 89 82 53 80 
18 34 82 19 97 94 95 74 27 64 32 
36 11 73 98 41 8 94 86 52 47 
87 20 53 3 63 43 44 58 76 
78 9 26 74 19 97 78 60 
96 11 31 94 14 30 95 
98 98 84 86 38 66 
6 14 95 100 62 
39 20 37 66 
68 10 53 
56 14 
52 

#i: 12
7 49 76 58 36 22 41 81 85 1 85 85 35 42 2 73 15 61 96 10 54 79 20 82 31 93 68 84 48 12 24 
95 71 96 61 29 7 67 43 50 62 8 57 77 17 23 72 91 94 80 28 54 13 11 49 14 11 85 98 9 64 
10 15 22 74 77 15 12 33 44 91 24 99 58 7 17 9 69 35 83 45 92 41 98 48 15 55 99 92 89 
22 24 23 39 90 11 32 28 58 90 99 92 47 49 62 10 82 19 14 23 42 35 59 27 63 35 56 89 
53 65 14 35 11 6 24 8 52 75 83 34 15 95 18 46 54 27 44 94 92 62 86 13 8 11 47 
10 84 92 69 37 22 87 59 28 92 53 86 87 46 85 39 35 1 58 30 24 29 66 40 74 35 
85 97 68 38 7 97 15 33 42 40 100 52 100 65 89 53 19 22 74 13 43 84 2 96 34 
58 42 10 79 7 13 91 100 86 19 41 73 94 12 99 45 33 64 14 48 27 100 54 77 
78 60 91 2 40 80 39 30 78 40 44 69 12 3 18 47 28 58 88 8 71 77 39 
57 72 25 27 20 84 2 84 45 93 79 49 92 14 71 38 90 73 71 67 48 1 
85 28 97 68 53 95 94 32 29 36 74 53 37 20 45 97 33 86 92 10 37 
17 10 99 18 42 87 54 60 60 21 62 55 87 68 66 80 56 44 29 15 
86 76 75 36 29 62 31 76 56 43 8 55 95 58 39 70 55 2 8 
92 78 100 42 54 2 89 4 20 3 6 23 18 90 95 73 23 20 
12 31 32 35 39 87 73 86 92 62 33 9 59 42 50 100 51 
81 83 97 60 82 32 74 54 58 87 75 33 98 96 39 43 
71 69 20 100 72 37 94 36 65 42 19 12 56 48 85 
71 100 14 99 58 45 57 31 42 54 29 79 10 43 
88 15 84 4 16 15 23 57 96 59 78 28 58 
71 18 11 60 81 67 55 20 22 53 24 58 
87 17 77 15 49 34 32 5 32 67 92 
45 40 9 40 14 2 76 11 100 70 
64 8 72 32 27 11 68 6 53 
66 28 43 95 46 2 44 45 
33 25 92 10 78 15 98 
70 27 3 63 6 51 
19 40 70 7 21 
82 63 57 26 
91 29 36 
92 21 
71 

#i: 13
40 29 35 78 25 93 66 10 15 84 20 98 71 48 85 31 88 45 84 63 51 62 96 85 31 87 91 89 30 43 
93 70 18 36 68 86 62 19 3 69 81 28 97 72 15 66 46 3 17 49 50 65 19 87 22 50 31 97 73 
72 69 25 24 79 68 87 40 7 47 99 75 9 78 54 56 43 98 99 23 52 20 82 97 62 66 8 62 
76 28 56 38 17 55 81 74 9 92 31 65 37 32 4 94 76 6 47 59 14 22 78 26 28 70 37 
57 98 10 1 14 40 87 80 72 35 64 83 2 34 44 30 70 43 6 63 88 65 90 61 87 39 
29 51 72 97 47 50 27 29 47 50 69 40 36 69 43 58 22 60 89 51 47 28 69 56 17 
32 1 24 26 95 16 15 7 77 5 11 97 68 24 17 54 32 55 65 72 1 88 39 24 
1 78 31 4 44 53 89 52 98 12 38 59 32 10 59 68 73 30 69 34 7 17 72 
8 10 33 10 80 47 22 17 10 71 68 15 48 21 39 9 12 21 82 45 95 29 
100 67 2 24 49 70 35 21 34 9 99 46 40 74 48 66 37 68 39 42 46 
3 34 69 81 10 31 86 95 8 42 81 78 21 26 82 3 76 94 20 62 
48 82 4 10 40 90 47 84 86 44 59 63 30 17 6 55 28 99 81 
16 24 2 36 83 9 13 2 68 33 83 33 74 69 55 99 14 59 
81 34 2 66 55 18 52 11 88 52 9 30 36 35 1 33 80 
50 69 75 32 31 23 23 48 5 97 63 70 4 98 42 68 
13 99 27 57 26 72 83 16 13 40 69 54 60 97 27 
53 93 80 52 5 2 55 16 9 35 15 4 58 47 
43 79 42 73 47 30 12 55 1 2 73 54 9 
6 80 82 45 43 56 6 46 93 96 60 35 
3 29 5 12 40 45 49 50 95 57 86 
11 18 90 94 74 75 31 63 50 45 
20 47 90 5 65 81 100 18 1 
26 91 57 61 47 58 21 24 
82 93 26 52 36 100 73 
27 44 98 33 78 76 
16 6 76 52 23 
42 35 28 67 
46 12 85 
74 80 
80 

#i: 14
86 43 74 71 88 89 93 18 10 76 86 25 49 55 18 3 52 18 63 8 17 68 20 51 87 61 54 26 59 
78 25 50 86 98 36 64 35 59 76 71 25 46 31 35 92 48 87 51 72 90 93 37 24 72 76 12 43 
60 33 63 10 97 18 66 100 77 56 47 59 68 65 73 75 9 46 32 3 13 85 84 87 18 36 48 
52 16 50 96 98 79 73 12 27 42 16 42 88 83 86 65 63 63 96 96 8 53 93 80 33 71 
80 81 40 61 12 1 1 61 82 53 38 22 48 100 83 18 59 61 94 74 48 71 12 17 50 
12 100 16 46 74 52 98 75 39 88 64 67 91 100 41 19 98 44 58 75 32 83 36 71 
31 52 75 53 51 6 47 23 4 39 89 56 3 71 2 65 28 2 71 33 11 23 6 
100 2 81 87 5 46 70 71 25 68 61 94 100 5 36 39 35 39 84 72 67 65 
46 92 12 58 1 90 7 17 48 11 53 45 65 66 69 5 85 27 83 73 48 
64 14 96 17 91 71 49 81 90 59 28 2 68 18 35 83 83 27 83 13 
40 19 52 62 98 96 88 96 91 94 38 24 18 75 100 81 96 31 94 
33 65 78 50 1 85 68 33 84 83 76 6 33 86 59 22 25 7 
71 43 58 7 88 78 87 33 20 6 52 23 40 32 21 10 4 
19 90 33 11 15 34 57 37 59 53 93 2 37 97 11 1 
23 38 37 100 21 75 85 28 17 86 22 40 6 37 38 
92 92 31 54 92 87 99 99 80 97 50 58 60 37 
51 56 27 77 79 1 55 42 21 58 36 69 87 
94 70 25 32 32 47 61 1 76 80 28 55 
94 86 21 96 41 12 4 16 44 67 10 
60 1 42 69 23 90 23 33 68 33 
66 90 78 42 7 17 82 64 21 
16 69 93 76 75 52 54 76 
36 75 57 57 76 17 2 
26 41 7 81 77 24 
12 58 56 94 27 
94 81 44 93 
68 22 97 
61 32 
81 

#i: 15
22 33 86 21 45 81 71 21 18 68 9 4 46 78 20 45 6 58 22 21 75 64 100 90 19 11 18 26 
59 61 93 92 39 3 50 85 52 99 48 47 46 29 27 87 34 53 41 95 57 22 2 44 86 39 98 
21 51 24 75 58 79 77 94 30 3 54 85 74 27 52 46 70 16 94 72 43 32 18 95 1 13 
11 78 69 93 52 40 65 87 100 86 91 5 17 42 55 81 57 89 26 71 21 36 16 1 27 
70 80 73 56 45 67 28 76 77 5 18 39 61 24 68 82 28 45 57 28 14 25 90 40 
82 92 67 55 51 53 87 59 38 90 49 75 19 23 30 74 57 21 73 11 53 74 54 
8 38 9 50 52 58 5 28 44 54 30 29 4 14 64 74 48 81 28 13 13 56 
49 19 6 91 27 71 2 53 65 67 11 53 99 84 98 81 61 61 26 96 60 
38 15 56 63 16 94 34 64 80 30 68 36 65 92 22 23 60 23 85 8 
54 70 79 82 57 88 62 96 69 31 47 86 73 3 95 65 43 90 98 
32 64 55 76 78 63 91 66 19 42 50 95 97 57 46 68 99 39 
44 21 9 3 47 39 3 41 26 41 75 71 77 43 46 52 8 
84 64 61 67 57 73 93 59 70 55 86 21 26 93 50 5 
5 2 32 53 87 37 65 19 100 51 50 1 31 73 77 
96 23 100 99 46 96 98 27 51 38 38 77 75 69 
95 41 72 70 59 100 76 13 50 91 68 76 13 
27 66 100 16 97 55 6 1 95 87 79 8 
24 56 78 20 99 33 56 51 11 79 82 
18 55 68 10 82 24 1 94 8 6 
74 44 67 38 98 26 35 40 94 
57 20 44 29 49 52 97 65 
42 80 90 63 20 25 24 
72 79 75 20 24 78 
83 90 82 65 56 
10 99 99 82 
74 67 7 
95 82 
63 

#i: 16
31 34 82 98 61 54 60 65 68 62 75 80 28 56 48 13 78 99 49 32 82 28 82 26 77 52 56 
91 55 63 37 24 98 96 35 30 48 69 9 100 78 80 59 5 85 2 91 61 1 22 37 85 1 
75 62 9 13 84 17 89 37 43 87 86 32 2 33 1 23 41 51 57 59 73 50 39 86 63 
54 22 4 61 98 50 98 26 23 37 44 45 11 70 86 12 69 14 86 68 3 47 40 8 
48 14 45 18 71 69 26 39 51 42 75 69 56 62 67 72 6 84 43 51 17 38 93 
53 90 39 80 48 41 79 65 86 64 21 73 15 70 36 29 98 77 60 64 87 18 
6 99 2 76 93 47 71 26 54 8 85 43 18 10 87 35 68 5 84 95 23 
30 79 52 91 39 78 83 32 54 16 43 69 35 25 26 51 32 83 3 21 
39 89 9 63 66 39 41 88 92 63 10 77 47 95 57 25 25 51 93 
90 97 70 52 88 84 64 53 26 34 33 100 59 11 100 67 64 85 
53 47 73 61 62 5 35 1 58 71 39 83 76 4 4 63 91 
31 57 80 54 73 18 94 30 5 71 89 44 87 32 33 5 
73 98 72 40 91 87 99 51 96 83 79 18 54 75 7 
10 94 26 68 76 52 94 49 54 56 97 11 99 68 
84 21 45 96 8 98 21 68 69 76 84 7 53 
89 46 54 71 75 49 36 7 42 49 98 61 
42 66 99 99 56 94 87 27 96 58 45 
20 26 22 66 2 29 8 16 19 42 
90 35 39 83 34 45 61 20 83 
20 85 36 58 94 35 15 55 
18 11 36 37 91 10 66 
25 75 31 20 31 37 
53 78 52 88 40 
38 45 43 74 
45 91 22 
95 80 
61 

#i: 17
95 65 90 71 30 57 77 82 7 4 85 51 47 99 80 17 13 67 22 71 83 33 35 17 25 100 
60 61 66 75 8 34 72 62 44 45 99 44 66 1 46 83 78 20 71 69 40 95 65 49 100 
97 21 57 22 7 3 38 27 74 51 13 45 6 73 83 25 43 98 59 27 36 46 44 56 
63 88 19 100 3 10 28 81 93 20 5 48 100 19 99 73 28 36 33 35 44 75 13 
100 96 29 20 90 59 60 43 72 78 58 9 26 75 78 24 39 6 33 56 45 68 
36 67 66 39 31 68 89 99 79 58 82 18 15 14 87 35 34 53 70 46 18 
13 99 37 34 15 16 5 14 42 4 76 14 1 62 87 52 41 75 64 23 
81 91 20 11 22 7 7 5 34 74 51 19 93 20 5 4 4 41 90 
3 69 94 61 4 87 11 39 61 57 23 71 48 52 47 90 39 50 
56 33 27 65 85 48 73 47 9 35 7 54 88 59 7 20 52 
93 99 52 65 28 28 95 9 19 15 29 45 49 32 62 75 
77 39 50 89 5 15 37 6 99 80 22 38 23 22 90 
81 58 27 73 52 42 43 61 11 71 58 94 72 60 
49 87 28 78 99 88 13 17 33 53 40 82 76 
78 78 86 76 56 49 8 8 7 1 53 11 
22 75 76 93 22 98 32 93 79 33 1 
71 13 82 12 54 60 58 12 95 100 
54 52 80 1 84 75 41 64 92 
79 38 77 46 80 30 11 60 
36 16 51 67 10 82 23 
93 34 57 52 97 51 
39 97 34 63 1 
61 67 100 79 
19 93 48 
85 79 
94 

#i: 18
68 2 9 97 70 91 96 9 91 40 90 85 14 58 71 18 24 98 65 76 90 84 15 57 11 
16 9 39 33 37 49 7 46 38 9 18 53 16 29 83 65 38 43 3 99 92 12 16 81 
83 15 31 25 7 64 69 25 31 97 91 85 99 82 38 48 48 12 96 34 15 79 72 
95 28 87 4 14 84 39 76 50 61 59 44 15 46 7 40 6 87 40 1 70 54 
65 16 57 78 34 14 83 88 3 39 9 78 14 94 98 73 80 66 76 28 94 
64 46 18 4 84 96 22 10 37 3 43 71 55 23 23 85 26 87 26 94 
2 29 58 81 68 32 43 42 37 82 12 87 18 72 15 29 83 71 12 
77 24 74 40 2 34 36 16 34 66 81 59 9 4 55 92 84 24 
88 4 68 78 6 5 34 91 63 91 4 1 85 61 96 28 100 
81 52 75 34 15 48 87 35 90 60 21 83 24 6 51 39 
89 83 30 23 3 53 10 92 36 100 33 75 63 39 26 
84 40 99 71 88 40 62 2 53 91 15 78 22 16 
23 33 67 93 43 75 59 82 23 54 10 38 94 
6 96 50 71 81 62 36 88 14 4 71 89 
1 50 74 61 71 7 89 92 98 47 94 
50 24 3 60 57 99 18 94 15 60 
6 92 35 19 65 89 26 66 16 
97 97 43 16 85 10 63 39 
77 6 29 55 37 5 93 
76 45 58 12 100 36 
17 30 41 97 44 
99 28 17 63 
34 26 35 
39 63 
24 

#i: 19
24 78 50 90 42 52 80 90 82 66 84 100 42 86 32 12 10 3 44 1 78 79 93 24 
30 98 17 93 100 39 14 91 97 65 14 18 19 62 95 44 61 13 76 43 47 62 30 
31 83 2 50 85 59 41 91 84 35 62 87 62 62 44 67 4 62 45 87 21 12 
1 47 12 39 44 77 70 73 2 30 83 100 17 11 34 60 48 41 17 65 17 
88 72 94 15 53 67 22 15 3 46 25 98 31 55 15 28 96 41 72 82 
26 74 49 18 9 6 35 46 48 96 29 43 55 61 92 74 83 62 52 
92 42 44 82 34 25 16 34 25 56 99 73 6 11 38 38 71 49 
60 19 55 53 67 20 21 52 85 80 29 100 63 97 25 64 30 
20 14 75 72 81 62 1 45 6 71 67 39 77 48 52 14 
63 86 44 5 96 25 22 14 32 34 45 57 27 66 47 
32 30 15 85 69 36 46 68 40 38 7 90 96 97 
12 15 1 62 30 8 38 22 39 71 14 63 41 
80 79 74 62 96 70 26 79 97 73 38 1 
54 1 9 26 77 29 25 32 47 15 93 
9 10 30 34 82 51 43 23 36 24 
74 87 97 32 40 84 89 57 10 
41 26 1 51 72 50 17 51 
8 90 54 13 40 26 40 
94 13 95 8 28 44 
37 15 46 84 59 
41 8 42 38 
84 30 36 
81 84 
46 

#i: 20
90 15 8 57 94 36 3 35 47 82 15 27 82 12 36 6 42 54 57 62 85 86 10 
55 62 24 20 14 86 76 99 72 51 79 34 16 3 33 75 86 79 29 46 83 50 
52 44 47 51 75 60 47 75 93 13 89 21 91 27 42 55 89 94 3 1 62 
34 7 15 31 34 76 11 35 7 48 12 71 16 13 72 67 67 97 84 88 
64 19 73 20 41 46 50 37 66 11 55 7 30 22 76 8 87 32 91 
77 93 75 20 77 71 31 10 20 15 91 92 14 13 96 51 80 46 
24 79 75 85 34 86 16 44 24 77 21 73 50 59 4 69 24 
99 12 89 23 71 31 9 38 65 68 85 40 57 94 98 32 
45 13 80 43 64 68 26 60 47 20 24 74 79 23 13 
59 18 59 81 6 48 31 89 2 99 3 77 88 84 
43 17 33 33 92 44 8 48 56 34 77 24 71 
41 6 48 98 28 80 46 13 46 63 52 43 
62 1 11 97 36 78 62 5 7 32 16 
43 22 32 40 93 47 21 46 87 34 
80 3 65 50 35 89 44 76 83 
20 79 32 52 5 7 51 92 
43 76 70 11 80 30 59 
27 64 50 20 41 56 
44 77 66 15 90 
59 42 39 36 
30 71 6 
75 79 
52 

#i: 21
96 92 84 30 52 6 56 69 81 85 86 77 73 45 15 5 78 61 18 77 31 1 
71 4 72 84 84 86 9 98 55 45 44 38 82 81 5 17 12 1 96 67 37 
39 99 42 89 61 48 42 51 2 73 36 61 83 99 11 52 98 83 28 54 
49 27 19 83 91 44 9 12 26 31 85 70 50 19 62 100 88 35 89 
90 74 37 49 11 60 64 11 20 60 98 84 71 19 86 2 67 59 
79 44 58 79 20 78 74 96 36 5 36 18 38 53 14 68 82 
78 84 6 30 12 83 59 14 37 37 13 75 57 12 81 26 
9 1 48 100 80 87 13 69 12 49 21 9 61 64 2 
77 39 54 27 51 89 23 54 19 41 82 34 88 74 
60 69 72 72 69 25 56 42 23 9 44 8 17 
35 80 32 93 14 42 14 37 41 74 32 73 
88 80 68 74 24 95 9 70 50 37 66 
83 28 58 49 20 61 59 26 58 10 
35 97 65 55 35 56 32 91 15 
16 52 35 40 98 37 37 72 
45 31 88 77 87 57 72 
54 15 53 33 95 88 
92 100 10 93 62 
38 12 29 72 
42 84 77 
65 65 
91 

#i: 22
69 34 82 80 58 60 46 73 96 44 40 25 50 42 63 68 73 6 90 68 93 
55 85 85 99 44 60 36 23 43 79 26 54 67 32 99 4 37 95 33 25 
94 46 2 17 70 58 1 84 74 13 59 98 76 18 43 10 32 41 15 
12 61 58 87 47 27 51 23 73 96 36 77 19 54 25 27 74 23 
61 54 68 8 5 34 95 70 85 73 86 15 59 30 89 16 95 
93 86 87 42 33 49 34 11 5 74 53 81 60 3 30 42 
88 44 73 40 21 81 56 85 85 18 91 82 5 99 56 
18 54 86 92 28 83 11 3 16 86 17 49 3 73 
85 3 55 6 44 9 89 59 77 85 35 6 50 
67 100 18 43 16 80 6 3 31 49 57 44 
97 84 40 37 59 90 62 7 40 92 8 
76 54 32 56 90 37 18 8 32 92 
100 20 95 58 54 48 71 69 25 
26 57 99 8 67 86 86 36 
65 77 48 1 16 10 35 
26 48 24 41 3 31 
20 56 96 81 31 
99 89 75 56 
30 36 1 
25 44 
69 

#i: 23
65 96 4 54 47 22 86 57 74 90 100 79 6 3 12 79 57 23 33 35 
40 20 2 20 49 18 67 12 19 62 94 44 53 53 87 57 91 1 9 
71 93 50 5 21 8 72 41 39 5 40 76 82 91 75 3 31 64 
12 91 46 5 81 22 54 36 52 12 44 27 53 22 49 74 27 
26 62 75 40 71 5 3 22 57 11 38 54 88 90 100 21 
32 10 81 76 77 14 99 33 46 17 39 80 68 23 38 
81 29 21 44 32 60 21 75 66 54 8 85 78 100 
32 53 79 98 39 24 61 42 83 6 73 95 69 
23 19 2 12 27 77 52 56 78 80 93 93 
73 46 76 43 95 84 3 32 70 4 2 
71 46 2 64 97 39 58 17 69 7 
88 40 60 62 77 30 54 48 8 
90 27 26 69 90 35 31 9 
36 32 54 50 91 22 9 
39 11 78 90 63 54 
27 1 78 35 65 
49 37 43 31 
100 29 94 
84 79 
98 

#i: 24
54 13 48 34 72 2 15 76 71 97 9 53 89 68 26 20 75 40 43 
38 81 57 26 81 63 82 37 31 6 37 48 67 54 24 22 100 97 
57 66 22 42 22 45 63 51 15 22 55 38 67 59 42 41 81 
67 97 39 94 35 4 98 25 73 7 17 65 81 91 72 33 
24 13 11 87 72 57 14 62 57 42 21 12 64 89 68 
49 32 72 17 41 16 61 17 88 70 23 14 46 67 
93 52 74 31 51 37 89 8 3 93 56 86 92 
51 94 32 22 12 25 73 21 85 58 89 46 
1 97 83 22 74 98 14 79 26 33 91 
34 13 38 59 2 20 68 55 83 52 
66 29 25 32 4 87 26 69 68 
79 60 78 87 71 6 15 65 
50 87 22 14 90 42 5 
44 24 31 20 1 61 
51 76 48 62 5 
71 40 47 59 
49 34 55 
78 18 
72 

#i: 25
47 42 85 73 56 62 2 73 71 13 28 100 15 53 79 24 79 19 
63 55 85 46 48 12 8 2 19 54 36 91 37 93 52 27 10 
3 69 24 10 34 55 3 82 22 99 83 21 70 36 58 12 
54 84 14 59 96 21 43 78 8 75 72 49 33 69 11 
71 28 88 75 58 36 95 71 33 54 48 68 85 33 
12 57 48 51 64 73 2 58 91 47 85 92 1 
36 43 63 61 6 35 63 56 78 53 71 92 
76 26 46 13 31 50 36 51 23 84 25 
26 37 19 86 43 9 20 83 58 58 
64 17 68 30 24 21 87 47 46 
77 55 72 89 21 8 25 87 
71 73 41 21 54 5 19 
34 71 31 25 97 86 
9 27 88 57 50 
7 71 36 59 
84 95 29 
85 58 
78 

#i: 26
13 88 25 64 4 58 62 88 34 64 65 85 61 56 42 84 93 
1 54 34 12 89 57 79 90 41 55 34 60 85 71 40 22 
93 90 6 14 8 51 48 24 73 24 77 88 34 70 60 
70 10 58 78 3 8 65 18 72 79 43 79 94 29 
73 72 66 13 39 66 25 46 56 77 39 63 36 
45 79 23 83 79 32 21 68 20 94 50 55 
72 58 94 43 62 32 80 20 34 22 42 
95 50 6 72 15 80 81 98 38 46 
83 24 99 8 5 74 59 67 11 
98 64 82 35 53 53 93 26 
13 33 13 17 9 70 83 
25 44 99 53 76 32 
9 86 6 56 52 
13 76 19 20 
19 78 91 
38 50 
4 

#i: 27
92 16 78 84 54 30 1 72 38 78 50 13 8 99 65 16 
82 19 46 71 38 44 20 53 62 100 55 60 18 97 75 
23 91 84 11 17 93 8 31 92 30 7 7 5 80 
57 85 5 32 22 1 50 10 89 62 63 97 48 
75 14 2 72 32 44 22 32 55 52 96 41 
95 32 14 71 37 100 34 23 67 14 87 
35 11 42 77 80 91 88 12 16 87 
49 54 47 86 26 35 60 35 86 
24 85 39 59 10 50 46 56 
79 22 51 49 50 40 20 
96 84 33 62 68 38 
12 65 71 52 25 
37 41 10 67 
14 62 97 
44 49 
11 

#i: 28
66 18 14 30 83 23 71 47 5 83 51 48 70 54 61 
60 7 56 64 9 77 41 49 20 60 60 76 27 22 
21 90 81 37 5 26 73 55 69 46 46 3 92 
29 70 3 40 18 17 68 34 93 55 20 6 
41 1 97 97 17 87 35 89 4 73 54 
69 86 67 47 23 63 83 28 45 98 
15 60 57 63 18 22 86 33 78 
44 81 34 31 71 53 30 69 
18 63 85 42 32 80 62 
51 20 1 71 46 92 
42 99 65 100 45 
97 28 47 74 
60 43 83 
14 43 
80 

#i: 29
75 32 9 91 25 87 99 95 51 18 9 27 8 22 
61 13 96 72 8 88 46 70 89 35 57 97 55 
48 85 62 67 66 16 66 31 35 14 8 53 
17 20 94 16 76 7 78 4 68 80 46 
74 98 95 26 56 94 69 59 47 70 
80 64 53 58 49 100 38 75 2 
81 95 84 100 90 59 83 72 
56 15 55 36 58 24 96 
32 65 81 21 62 28 
14 59 44 99 29 
67 93 61 77 
10 29 80 
18 58 
83 

#i: 30
50 84 57 99 5 39 89 71 90 60 9 55 99 
94 84 64 34 68 70 30 92 46 66 75 83 
49 8 67 59 30 53 2 76 96 84 86 
46 98 51 26 17 25 21 37 13 75 
90 41 90 26 49 78 86 23 37 
37 25 18 90 1 56 26 75 
6 11 8 81 89 68 100 
65 50 1 27 44 36 
94 37 50 82 91 
95 36 22 34 
18 61 86 
93 9 
21 

#i: 31
71 27 92 44 82 27 43 48 89 100 42 20 
89 87 65 98 38 26 3 26 22 58 7 
86 88 95 60 41 68 41 74 88 54 
57 77 85 25 48 37 97 49 69 
78 68 77 39 50 57 28 12 
8 99 52 42 64 67 47 
57 47 93 31 68 91 
18 92 5 7 15 
28 57 30 46 
97 52 94 
53 24 
52 

#i: 32
34 54 46 53 16 66 42 15 76 49 42 
71 29 41 42 7 26 48 15 89 78 
18 61 24 55 20 29 38 51 17 
40 71 11 55 90 61 39 57 
91 48 70 7 46 48 38 
92 54 51 5 98 23 
19 99 90 69 93 
22 100 89 24 
26 36 86 
22 5 
75 

#i: 33
49 90 64 27 38 63 54 44 30 45 
8 27 94 26 100 76 78 58 66 
99 75 72 2 3 68 13 65 
4 50 20 40 92 61 50 
89 17 85 88 59 10 
70 2 98 58 74 
46 93 76 52 
19 18 79 
12 97 
35 

#i: 34
80 3 40 37 6 38 19 67 84 
9 90 94 97 21 56 92 30 
21 41 15 13 89 57 83 
11 1 42 83 19 61 
74 52 68 52 19 
77 73 47 58 
66 14 72 
10 19 
72 

#i: 35
91 11 19 79 56 77 88 71 
76 1 46 28 65 100 8 
19 98 35 80 18 55 
21 7 77 97 70 
92 66 25 70 
46 6 100 
81 19 
87 

#i: 36
3 74 45 99 78 6 92 
37 43 59 66 54 81 
61 55 63 30 90 
44 11 46 53 
56 100 53 
55 70 
22 

#i: 37
32 22 42 83 65 29 
97 30 50 2 55 
52 12 43 38 
39 35 92 
68 38 
49 

#i: 38
99 28 94 90 83 
13 84 45 20 
87 19 56 
62 40 
15 

#i: 39
3 31 44 66 
91 36 29 
41 38 
12 

#i: 40
52 53 44 
80 8 
89 

#i: 41
41 82 
14 

#i: 42
18 

#i: 43

#i: 44

ckp-45-1.txt