#number of items n
40

#knapsack capacity b
544

#constraint coefficients a
36 30 34 37 14 32 28 16 9 30 39 11 21 31 40 32 13 32 9 39 1 45 36 41 24 21 3 12 39 45 31 3 19 31 4 29 7 32 42 4 

#linear coefficients c
0 41 0 87 68 0 38 10 88 0 80 48 83 0 100 0 0 50 82 72 24 85 0 0 81 8 65 14 48 16 0 16 30 81 72 46 75 51 4 25 

#quadratic coefficients C: i < j
7 0 85 43 0 50 64 76 15 0 0 60 77 26 16 0 52 97 56 68 67 0 33 29 71 47 61 55 61 70 66 11 3 0 96 75 58 78 75 
10 8 8 0 57 37 0 55 53 33 42 2 61 85 0 34 49 42 23 63 20 0 80 94 41 45 85 91 39 39 0 25 81 10 39 56 1 0 
0 4 39 97 33 0 75 15 0 72 46 63 34 78 40 66 32 54 75 60 10 41 47 82 44 0 71 34 13 68 91 47 0 32 0 59 23 
0 19 41 0 84 16 1 36 4 2 85 87 97 53 0 45 80 79 0 0 99 51 75 63 0 73 8 0 0 13 0 60 0 73 0 45 
0 31 84 81 34 0 0 50 96 63 18 44 0 18 17 57 27 25 0 0 25 0 93 72 0 57 94 63 53 74 91 0 10 99 96 
36 62 12 42 0 22 5 0 17 37 22 6 5 73 79 82 19 5 56 0 12 7 23 0 86 29 91 19 19 6 0 0 32 51 
85 31 67 20 32 0 81 93 0 51 23 96 0 29 25 1 91 99 0 31 74 0 41 62 12 64 0 86 0 55 0 5 58 
26 28 15 0 0 30 3 3 6 74 71 87 81 66 0 53 74 91 54 33 0 0 21 20 18 45 0 32 72 56 46 100 
90 53 86 0 79 72 23 0 66 48 35 79 0 0 77 18 2 0 22 0 30 43 74 0 100 0 28 29 41 70 98 
22 2 25 4 0 0 0 7 79 85 51 0 28 45 59 47 6 23 23 0 42 4 62 0 7 16 95 27 0 14 
75 50 79 83 21 0 97 0 12 0 100 38 91 0 22 95 0 29 63 2 0 97 0 49 6 93 2 96 78 
64 74 16 12 94 80 62 74 57 19 20 100 0 82 49 2 100 75 15 0 94 9 31 76 55 46 0 53 
0 62 0 0 72 42 89 0 3 65 78 0 33 84 0 100 42 6 91 54 0 43 75 67 89 0 67 
68 83 2 98 48 65 12 0 0 33 0 20 0 0 55 49 13 47 40 0 49 84 93 96 0 37 
0 18 4 6 17 27 86 59 50 82 50 28 36 63 13 82 74 51 0 9 0 77 79 97 54 
53 24 0 14 1 0 81 44 49 95 47 0 83 7 0 11 49 24 58 60 63 44 50 0 
29 26 100 79 0 23 15 0 46 0 66 80 4 18 1 75 5 26 0 57 18 0 0 
18 87 82 71 81 0 12 38 41 76 29 100 90 0 22 36 52 70 0 78 0 37 
0 71 94 29 36 40 0 0 6 17 0 98 73 20 77 0 31 84 41 84 12 
55 0 0 0 2 40 27 27 37 5 67 28 0 20 0 41 48 0 67 86 
68 75 22 26 0 0 19 39 69 95 49 89 76 0 50 9 0 86 0 
70 0 81 90 59 17 3 69 74 0 0 0 5 67 0 2 62 88 
74 0 96 81 0 88 21 87 12 9 0 49 27 2 66 0 89 
49 92 53 64 0 21 21 81 16 36 90 25 0 63 67 0 
56 0 0 60 40 11 58 53 54 0 27 59 0 0 50 
42 77 29 0 70 63 72 0 0 22 17 0 76 0 
0 0 17 44 43 5 66 38 67 5 98 45 36 
100 29 31 84 51 67 0 0 76 0 27 22 
83 83 43 0 0 37 49 54 50 53 89 
41 94 76 66 13 9 0 0 23 0 
1 94 69 39 3 95 95 0 11 
60 69 0 62 0 10 84 4 
0 56 71 0 0 40 58 
64 44 35 95 66 2 
1 67 77 17 54 
59 54 80 24 
85 63 0 
0 0 
76 

#cubic coefficients D: i < j < k
#i: 0
16 66 7 71 7 29 70 0 15 0 95 0 73 66 51 0 56 25 100 84 0 0 6 0 68 39 95 54 0 71 5 0 62 12 47 11 99 68 
89 97 18 38 7 80 39 40 55 31 0 38 15 42 0 0 62 29 30 0 0 81 18 45 35 43 4 14 87 0 69 40 51 63 73 39 14 
90 53 0 57 82 86 6 89 97 55 23 0 0 60 0 0 81 0 58 16 0 19 14 0 49 63 99 0 8 30 0 1 88 53 0 8 
21 1 44 31 91 40 50 0 90 42 7 49 12 58 45 63 0 13 58 0 18 74 0 59 0 53 0 0 95 0 15 48 54 44 59 
99 78 79 73 73 8 87 69 0 49 0 10 20 71 21 30 0 84 9 0 33 0 78 16 52 60 86 28 90 19 0 85 62 32 
65 25 3 92 15 42 5 12 40 70 44 70 12 11 62 15 78 62 94 7 74 86 41 0 67 94 26 100 76 28 98 48 9 
78 4 94 87 23 0 47 37 0 78 0 35 100 70 15 0 17 9 66 82 31 6 61 13 0 54 0 14 67 0 0 69 
0 99 48 76 43 31 58 1 15 4 0 61 0 41 38 63 31 48 51 0 0 46 0 87 60 24 65 41 0 14 55 
99 62 32 0 0 73 42 57 17 11 0 63 0 0 44 36 7 0 4 27 26 41 46 18 94 0 45 2 0 37 
76 9 42 15 47 63 57 0 0 10 91 77 39 4 31 0 81 32 77 100 11 53 62 17 80 96 99 62 46 
41 53 1 75 0 58 0 62 0 74 89 29 40 82 22 0 38 0 47 61 13 27 50 22 54 19 0 32 
0 28 95 40 10 89 73 33 0 77 66 71 35 0 45 0 98 14 53 86 0 49 0 89 0 43 0 
66 0 0 0 68 83 0 15 0 5 0 0 54 17 22 50 0 95 77 63 0 0 0 39 18 0 
54 85 42 0 0 0 77 23 20 95 0 60 88 98 4 26 22 95 0 71 37 0 71 88 90 
51 39 100 32 58 25 32 41 25 0 22 85 4 48 0 0 52 58 68 54 0 79 24 82 
37 74 7 0 0 34 55 84 0 96 75 74 27 96 0 98 0 21 0 17 21 0 34 
20 1 15 52 0 46 3 13 66 52 0 60 0 16 34 78 53 11 44 0 33 72 
64 87 0 68 42 0 65 59 95 0 51 0 0 16 8 92 62 97 21 0 75 
98 49 77 100 46 83 84 85 8 21 0 41 20 4 44 96 0 55 0 41 
0 19 99 68 0 46 93 64 95 22 22 0 37 0 0 3 82 0 30 
12 98 0 0 5 76 72 50 79 74 7 19 67 57 8 0 0 87 
0 34 34 67 1 0 25 0 0 0 79 0 81 30 88 0 97 
0 62 17 14 0 0 0 0 94 44 0 40 12 18 0 12 
83 60 73 0 0 0 44 51 97 87 0 0 66 0 8 
31 79 0 67 55 18 90 0 53 46 0 35 0 18 
0 12 0 66 21 85 90 93 0 7 6 0 69 
9 92 5 17 45 0 0 26 31 88 27 96 
48 30 0 90 90 60 0 0 35 35 9 
87 0 83 34 0 0 51 60 15 91 
11 93 97 36 48 0 38 49 17 
50 24 24 35 2 0 0 6 
87 69 69 42 79 0 53 
55 86 0 73 35 45 
95 64 52 33 0 
89 82 0 0 
48 90 13 
0 0 
0 

#i: 1
93 56 0 86 64 0 50 70 63 30 41 24 8 0 98 0 43 79 51 39 26 67 35 0 27 70 28 36 62 15 50 16 14 83 0 21 32 
48 0 100 86 17 45 0 45 16 3 93 30 60 91 46 82 97 39 0 0 3 0 91 93 72 44 66 32 45 0 84 0 59 100 8 11 
92 33 70 72 41 9 93 10 0 9 70 0 5 0 100 3 99 64 0 0 60 65 0 0 0 33 19 0 92 73 3 15 96 22 26 
74 0 12 23 21 73 79 0 31 6 0 27 61 0 90 36 73 0 89 2 21 9 26 59 92 90 67 70 0 52 19 70 0 4 
0 81 90 0 86 0 19 89 0 88 97 0 13 6 5 30 0 65 0 40 0 0 14 0 0 81 18 22 48 52 17 91 83 
94 69 17 67 0 0 0 24 0 17 68 18 0 60 43 83 22 45 19 0 9 59 53 51 25 45 25 0 54 30 73 24 
0 0 2 94 64 6 7 12 11 0 24 20 90 32 29 50 43 52 71 67 0 50 0 0 0 6 0 54 10 81 39 
0 65 45 67 0 55 23 77 0 76 20 18 88 31 56 80 18 27 60 37 17 21 90 4 99 59 41 9 60 99 
80 46 23 3 51 17 18 100 0 0 21 50 0 96 23 11 85 98 100 17 91 59 26 43 26 20 82 35 64 
23 0 10 0 0 46 19 0 69 65 78 0 80 23 16 35 27 0 0 72 0 0 47 0 28 0 99 23 
74 67 65 80 50 0 0 22 3 47 64 60 75 22 0 0 2 58 2 67 49 90 52 39 35 13 60 
48 54 26 0 67 82 79 0 73 33 5 30 1 38 86 90 0 14 0 39 91 26 46 19 14 60 
67 59 0 85 43 42 0 0 77 57 57 0 41 37 41 45 58 0 0 0 4 37 0 32 78 
36 0 96 0 45 0 31 6 13 0 31 28 89 58 40 97 49 0 77 24 0 49 0 0 
80 99 50 0 58 83 37 98 0 58 58 54 32 0 62 19 0 0 29 91 28 0 49 
28 59 58 90 99 72 6 23 0 38 21 10 0 71 91 76 0 16 90 25 49 27 
19 30 0 49 6 1 54 98 39 0 69 34 0 36 1 0 0 0 7 0 77 
52 13 22 15 49 48 0 0 0 90 0 0 62 34 13 81 74 74 15 32 
15 54 19 35 0 35 53 13 0 100 95 58 0 100 21 81 2 58 67 
16 0 13 0 72 0 0 37 3 4 64 59 0 91 60 4 71 45 
23 79 43 0 47 78 30 98 81 33 0 96 0 31 37 0 39 
62 67 51 81 35 85 79 41 11 53 48 64 51 7 45 29 
47 28 87 0 19 6 72 95 62 0 44 61 0 37 0 
37 0 94 93 0 80 0 22 0 0 71 53 9 41 
31 21 0 100 77 0 14 27 87 10 67 0 36 
18 23 11 0 32 81 90 72 61 8 70 11 
69 95 43 16 61 0 0 81 58 0 27 
38 0 95 92 41 41 13 0 0 0 
74 7 72 0 68 70 5 0 41 
79 28 67 27 51 0 34 0 
2 32 85 45 44 19 0 
84 8 65 0 36 0 
31 84 45 22 0 
92 0 98 0 
37 67 2 
83 38 
65 

#i: 2
0 20 31 70 24 38 0 60 0 24 17 13 87 21 12 72 63 0 21 5 51 63 1 57 71 0 0 91 24 86 0 0 3 20 83 49 
46 0 0 47 55 28 58 0 71 63 62 0 90 56 85 40 64 0 53 89 63 50 60 0 0 69 74 0 0 19 95 68 2 94 0 
24 99 47 0 23 98 0 0 97 0 55 27 23 92 97 13 32 98 98 74 0 19 14 6 63 68 0 70 26 71 1 27 7 60 
67 52 62 65 69 72 0 62 66 78 70 0 38 95 100 40 70 44 76 0 64 0 0 23 34 43 49 57 0 32 86 12 0 
0 49 0 0 0 84 0 0 87 2 0 42 57 18 63 86 20 0 75 10 99 54 4 31 50 63 6 100 96 68 45 49 
25 0 0 46 0 100 36 49 5 17 65 98 0 99 0 98 0 0 21 0 9 0 0 0 40 9 45 18 3 1 42 
34 0 68 0 60 36 26 44 22 0 0 44 0 80 0 0 40 84 0 0 26 12 0 0 31 52 43 18 3 69 
13 44 95 64 42 21 69 8 16 0 0 0 0 79 79 100 88 0 40 52 42 72 18 1 71 93 80 1 41 
0 0 13 79 0 0 39 97 89 12 0 0 82 22 22 0 58 0 0 0 0 98 31 83 98 98 0 58 
85 0 0 85 0 76 0 63 31 48 64 0 0 4 30 0 29 23 68 0 0 11 0 0 20 48 1 
48 0 92 91 2 47 62 30 73 76 43 24 10 8 76 37 52 0 10 0 92 0 90 55 8 13 
26 46 74 0 70 54 25 35 20 97 85 29 87 92 24 0 36 92 0 98 0 63 0 39 0 
48 98 23 77 0 96 0 0 9 0 3 0 36 14 2 45 0 0 0 25 1 71 71 61 
37 12 35 71 98 89 60 19 0 0 36 58 35 69 29 1 0 54 83 0 0 48 66 
39 59 11 3 0 24 63 51 38 75 57 64 2 91 60 56 44 31 76 19 30 38 
26 0 59 49 31 0 66 93 16 67 27 57 0 0 4 0 70 37 70 0 67 
48 60 1 65 0 24 99 3 10 46 22 30 80 90 0 0 67 7 59 12 
25 36 0 0 6 88 0 48 62 77 69 70 58 41 31 43 97 97 15 
0 69 55 34 0 0 56 3 18 0 20 47 22 0 0 72 85 0 
77 33 58 0 97 89 21 53 86 5 62 4 72 2 70 52 1 
99 23 100 31 70 0 0 43 0 1 0 91 89 93 44 0 
0 56 87 61 54 15 78 62 0 95 59 45 32 28 8 
98 21 0 62 16 29 99 69 44 0 77 0 0 49 
38 48 92 12 77 22 11 98 74 40 6 42 43 
76 0 98 0 98 0 0 61 37 87 31 34 
0 0 0 0 95 0 89 95 0 79 72 
9 93 29 34 74 31 0 55 83 40 
81 89 98 49 27 0 59 70 45 
15 29 15 82 20 64 60 0 
62 30 72 17 47 0 31 
56 58 95 91 96 73 
0 28 81 92 4 
49 30 60 48 
0 22 87 
33 63 
79 

#i: 3
0 0 0 89 0 0 26 73 88 87 97 47 60 8 0 37 23 12 21 50 55 59 78 38 78 0 69 9 95 57 16 70 0 63 61 
4 0 0 97 91 98 76 37 56 38 33 0 40 0 97 20 37 90 94 96 92 84 84 59 49 0 77 62 80 58 25 37 91 75 
5 0 0 20 62 7 0 55 29 0 52 34 86 48 87 0 0 32 56 54 71 95 0 79 65 91 32 0 88 53 48 0 51 
0 73 0 86 94 66 18 37 70 94 65 89 42 60 0 5 58 0 78 22 0 31 0 62 32 49 0 29 69 0 49 0 
97 0 47 22 94 0 0 45 17 65 5 0 51 90 0 0 52 93 35 3 32 0 64 3 31 50 15 90 0 0 0 
66 80 0 90 0 70 67 8 52 74 0 82 0 0 64 78 0 60 44 47 80 67 41 31 0 0 14 89 22 96 
82 0 4 19 47 60 14 32 0 12 0 97 0 43 19 87 0 95 28 42 75 17 24 0 0 43 0 37 0 
66 16 69 48 68 8 66 0 3 26 0 19 96 58 72 0 16 17 48 97 88 0 52 4 74 16 45 92 
75 54 47 0 12 68 0 79 0 87 63 45 0 79 30 92 0 64 72 12 82 44 84 0 92 59 24 
0 0 11 0 0 0 43 11 4 65 0 0 66 0 60 48 0 0 63 63 28 97 37 20 64 64 
75 53 0 0 37 1 0 62 0 42 0 12 0 27 43 0 4 79 2 49 0 54 3 0 47 
0 97 87 52 0 0 0 99 78 53 0 19 1 26 50 0 41 76 0 71 74 50 89 0 
40 28 0 54 0 45 0 42 60 0 91 18 50 24 30 74 13 0 65 0 0 63 1 
56 35 0 26 41 74 81 22 26 36 84 10 94 48 77 53 4 34 0 39 38 49 
0 14 0 63 20 63 44 28 65 0 44 0 13 0 24 83 73 13 0 0 0 
100 49 41 5 51 57 22 8 0 0 10 0 86 0 6 1 22 10 33 77 
19 53 0 20 0 76 42 0 0 3 0 41 0 0 46 0 39 90 37 
38 1 34 64 0 6 42 3 84 96 100 55 49 65 93 31 15 90 
17 13 40 20 0 36 0 76 0 55 0 97 48 21 0 75 0 
18 35 18 72 49 0 45 9 93 8 0 74 53 85 0 70 
0 30 0 28 0 0 30 15 48 89 55 27 19 0 53 
10 91 92 0 82 5 95 12 38 0 20 31 62 78 
0 0 98 0 45 87 0 0 12 0 51 27 22 
19 0 0 89 58 29 90 0 33 0 15 0 
43 63 21 0 71 0 0 0 64 20 84 
87 44 12 88 18 66 67 4 20 70 
49 54 57 0 78 0 8 81 0 
14 98 45 100 67 17 37 92 
63 46 10 44 77 40 0 
0 28 9 0 77 91 
77 0 16 51 0 
0 74 82 20 
68 71 0 
53 85 
0 

#i: 4
62 46 64 77 0 0 0 0 72 98 0 95 31 91 18 0 41 14 81 0 0 59 75 4 91 17 0 4 18 0 23 11 52 77 
8 2 18 50 0 0 47 98 33 23 100 10 24 6 44 0 42 0 80 0 82 0 47 58 64 0 42 72 99 0 0 0 0 
58 74 47 92 0 52 75 32 37 14 0 94 0 53 61 71 20 0 0 73 98 0 0 34 76 38 0 43 67 70 0 78 
100 20 86 42 36 13 0 92 0 0 14 55 69 62 4 63 0 46 3 79 0 71 40 0 57 27 95 19 56 47 7 
68 90 24 81 0 0 39 88 0 58 83 76 41 0 73 10 41 0 21 65 89 65 67 33 68 27 37 0 57 77 
79 36 51 84 0 44 12 87 33 48 87 55 0 1 48 87 0 21 11 0 8 27 95 76 47 0 72 93 9 
19 62 0 4 27 79 0 78 87 94 76 38 45 98 74 72 87 82 0 94 47 66 59 86 0 0 14 38 
32 87 58 98 0 0 16 82 8 65 13 84 17 0 0 63 61 93 0 19 0 11 50 79 0 76 0 
0 0 4 55 0 15 83 50 95 9 77 49 81 0 0 85 58 42 38 55 89 98 89 0 58 79 
53 0 80 81 5 35 0 9 14 13 24 83 8 91 71 0 13 24 0 30 57 38 37 30 74 
63 57 0 3 41 0 11 97 18 29 35 0 0 87 53 0 94 0 0 0 61 49 0 73 
0 42 23 72 18 34 0 4 93 46 0 52 69 0 67 18 93 25 76 0 62 10 0 
9 33 0 0 25 0 71 47 47 58 52 7 11 48 0 0 99 63 0 0 73 88 
80 82 0 0 85 78 0 98 65 73 0 72 6 54 65 45 0 89 84 69 56 
54 68 49 76 57 44 93 0 15 32 32 0 0 65 46 58 0 52 29 0 
1 0 0 77 42 0 0 0 47 42 87 0 0 3 41 57 64 59 34 
26 38 70 14 0 0 0 0 52 94 0 14 70 32 56 49 23 12 
30 30 41 68 21 0 64 9 3 27 0 65 4 44 18 98 55 
0 44 0 61 85 39 0 15 95 39 100 83 59 0 41 92 
92 0 18 53 29 53 84 36 0 54 97 12 35 39 0 
41 17 98 0 56 30 15 89 61 100 0 97 80 0 
90 73 78 0 29 63 0 71 56 38 46 93 67 
82 33 73 10 0 0 40 81 0 61 24 20 
89 26 1 22 93 45 11 0 77 92 89 
37 70 0 17 0 1 20 0 32 44 
0 75 0 0 86 27 42 77 79 
0 46 25 69 62 75 53 24 
32 71 70 0 86 51 0 
0 8 65 76 0 0 
0 94 48 98 0 
97 98 0 18 
35 0 50 
0 91 
48 

#i: 5
0 38 74 50 23 0 28 0 0 48 30 72 96 19 14 37 23 0 54 96 62 96 56 23 90 100 0 0 25 0 0 0 0 
20 32 73 79 51 42 24 0 54 63 0 0 63 90 18 97 0 0 0 96 0 0 82 14 73 8 0 0 42 39 53 10 
21 80 80 2 12 46 83 43 36 0 64 77 3 68 69 55 93 0 13 35 31 52 0 32 0 41 73 50 38 63 33 
0 61 71 0 18 66 0 84 89 5 21 47 31 27 74 7 78 47 93 36 6 70 20 13 64 7 0 0 0 28 
0 42 76 0 6 0 92 67 74 44 0 29 0 24 67 84 88 0 45 71 0 72 24 93 78 99 0 65 0 
81 42 88 33 88 46 93 79 51 14 0 81 66 0 0 10 21 57 55 0 39 47 10 0 14 75 0 90 
70 0 100 0 58 25 34 0 0 83 47 31 100 0 0 44 36 51 79 0 19 15 0 42 48 14 90 
5 18 16 79 76 87 0 33 0 0 93 59 94 69 78 56 0 66 58 32 8 52 61 7 31 24 
10 44 0 30 0 0 0 11 92 0 39 94 6 28 91 69 49 26 77 0 27 0 9 0 87 
24 0 0 98 39 0 6 83 60 15 0 74 96 3 27 48 75 1 53 82 58 69 38 91 
100 5 0 24 90 15 10 0 93 61 0 0 0 0 82 60 26 66 83 97 32 6 48 
0 42 54 1 0 0 55 91 96 69 15 74 89 0 98 5 8 12 98 19 25 0 
43 87 0 27 79 0 28 40 9 13 95 51 0 19 71 96 56 0 30 4 22 
0 0 37 0 77 0 96 0 12 10 70 77 11 83 0 0 95 92 26 92 
10 60 71 21 52 0 62 0 0 64 75 6 95 19 75 0 0 7 36 
8 28 7 79 37 62 98 53 33 0 0 61 38 88 0 0 21 66 
0 19 63 64 0 0 54 20 39 1 44 0 31 94 95 48 0 
24 1 5 79 14 97 84 58 36 58 26 48 0 94 0 0 
90 80 0 35 0 47 100 40 66 23 7 33 43 20 91 
0 72 74 75 0 70 0 0 92 78 0 0 34 29 
18 0 51 0 24 37 51 93 45 76 90 43 3 
0 95 21 31 62 47 0 69 58 33 73 84 
48 20 5 18 47 88 29 0 5 10 0 
23 14 95 56 70 14 52 93 69 73 
43 83 3 21 0 82 0 100 0 
0 35 68 14 25 47 0 84 
23 48 12 0 25 79 9 
11 91 97 0 0 5 
0 45 90 43 1 
25 0 0 22 
34 71 17 
70 0 
0 

#i: 6
95 0 0 82 89 70 79 0 54 10 0 87 69 33 65 1 90 77 57 0 92 23 0 31 35 92 26 72 46 0 1 95 
62 88 0 0 11 51 60 42 0 0 20 74 62 91 33 69 0 3 30 24 99 59 70 0 23 44 0 21 53 0 2 
2 63 85 21 72 39 71 60 49 96 92 0 0 3 10 65 35 0 32 6 79 15 57 7 8 0 69 30 0 0 
73 74 0 49 40 38 66 55 92 85 0 0 66 30 64 8 70 49 16 100 0 49 24 49 0 94 82 72 32 
40 38 0 28 34 59 0 0 49 91 80 0 24 41 43 23 8 48 29 0 0 80 19 25 0 94 87 51 
0 39 84 0 77 30 0 88 0 0 0 0 0 30 26 12 0 44 87 16 29 95 38 0 74 0 61 
0 0 0 3 0 0 0 66 89 19 0 0 0 59 56 57 92 84 68 81 0 88 60 56 59 0 
0 57 33 8 0 0 0 0 69 72 5 91 48 17 0 0 56 70 64 60 0 6 46 0 0 
90 2 91 99 39 13 18 90 0 83 0 31 91 2 0 61 88 53 1 0 90 82 83 8 
1 12 0 64 14 11 23 90 0 0 0 44 49 68 73 0 0 64 47 39 79 14 65 
73 0 3 66 27 61 14 8 44 0 45 0 0 93 53 30 51 0 85 31 0 0 
23 0 91 70 8 81 46 0 5 30 62 98 92 68 0 0 18 2 86 0 0 
0 100 0 0 75 0 0 79 33 0 91 55 0 15 80 42 76 59 50 78 
86 0 75 57 0 66 0 34 35 22 61 17 5 89 72 69 0 3 0 
89 82 65 39 30 58 1 66 0 88 72 33 0 79 45 90 58 23 
28 94 13 0 34 0 77 37 91 23 89 0 52 50 0 77 33 
91 77 15 0 79 83 90 15 0 33 41 0 0 40 20 18 
23 53 77 69 36 89 46 84 38 65 0 76 32 36 31 
34 0 49 0 89 43 22 24 0 0 100 0 13 0 
25 99 54 87 67 0 3 11 0 0 41 72 86 
0 79 14 95 93 57 85 92 35 79 55 0 
0 12 0 97 100 43 62 12 94 0 75 
54 27 17 0 89 54 0 4 38 71 
17 16 0 0 33 0 35 27 100 
48 22 97 24 29 12 86 0 
21 98 41 29 19 69 0 
0 16 71 3 57 3 
80 24 99 82 78 
0 79 44 41 
0 82 41 
72 0 
79 

#i: 7
92 0 0 61 5 0 26 60 39 62 41 0 95 87 60 67 71 7 68 55 57 0 19 10 0 62 54 10 100 31 51 
0 0 2 96 10 70 63 64 0 89 23 0 31 0 41 39 4 12 0 5 10 0 54 60 26 77 0 48 0 15 
74 7 44 15 54 65 0 71 0 0 0 0 22 56 32 0 8 61 26 0 49 29 33 39 74 62 30 32 34 
42 88 0 10 53 0 0 0 0 49 50 35 55 17 98 30 1 25 47 0 21 43 36 70 0 69 16 6 
37 79 14 48 0 0 9 46 96 98 18 42 30 63 88 83 89 7 35 5 0 79 44 0 0 5 100 
93 15 25 25 61 32 30 0 0 92 20 69 0 9 88 28 95 2 29 0 90 0 56 46 11 33 
61 0 56 13 39 26 72 1 7 19 83 81 50 0 42 94 0 0 5 91 72 47 7 13 27 
59 65 12 33 0 37 0 0 0 76 42 0 0 17 0 46 15 64 0 0 22 98 57 93 
39 49 95 52 0 98 0 3 7 0 0 53 15 21 15 0 86 27 0 0 74 35 67 
0 3 0 0 36 57 32 51 0 36 95 71 0 64 12 0 75 73 46 0 4 58 
0 0 70 0 59 72 0 13 65 68 0 76 99 0 65 59 40 75 46 50 29 
0 33 41 15 0 24 0 0 35 30 62 89 1 0 49 62 0 80 72 5 
41 34 0 0 87 42 32 3 59 33 13 55 21 44 67 57 85 22 66 
44 0 53 50 70 100 0 95 17 0 74 31 90 0 85 0 12 97 
60 7 26 93 71 0 36 54 0 48 52 39 59 36 38 71 61 
87 89 84 68 67 38 78 45 12 69 54 0 37 86 70 12 
0 24 1 33 51 99 0 74 63 7 24 0 100 0 23 
97 0 0 32 54 22 70 49 75 91 0 0 23 0 
36 0 0 58 0 76 78 0 41 55 72 6 41 
20 66 20 0 3 85 84 0 69 89 72 87 
36 11 10 33 27 0 93 0 16 44 10 
0 40 79 64 0 76 0 53 0 0 
0 73 24 20 39 97 98 35 77 
9 27 31 71 0 0 0 2 
0 95 48 85 82 99 17 
7 97 52 1 0 32 
0 33 45 13 59 
0 89 1 0 
47 45 0 
82 0 
0 

#i: 8
0 74 0 10 20 0 28 40 92 21 0 28 0 0 81 39 0 27 0 39 94 77 82 0 33 11 0 7 45 15 
1 38 0 40 44 55 21 0 90 0 98 0 15 2 0 55 40 98 47 34 60 4 0 0 46 34 100 0 30 
0 45 78 81 34 0 0 0 74 71 78 29 94 50 59 35 53 64 53 0 97 80 21 50 59 64 16 40 
56 72 100 7 81 100 17 23 98 30 41 40 49 94 44 55 63 0 0 0 0 43 2 75 13 1 94 
49 53 12 53 38 65 22 7 12 15 40 56 11 72 2 79 10 14 100 0 83 13 0 65 0 0 
69 0 0 40 5 0 23 98 25 16 0 75 0 0 83 14 74 0 85 0 0 80 46 78 24 
52 0 45 0 52 54 89 48 41 0 21 79 8 21 74 54 9 8 13 1 4 79 46 91 
22 23 47 33 75 61 50 97 0 71 51 0 53 0 92 23 10 0 21 78 14 87 68 
52 61 76 59 0 53 43 0 48 85 34 39 68 58 62 0 21 14 25 0 0 45 
13 67 96 68 17 29 8 44 99 20 51 21 73 5 97 84 0 0 0 92 0 
11 5 21 73 0 0 0 0 0 8 91 19 57 0 37 77 40 54 32 7 
0 7 40 89 31 13 59 86 22 0 51 34 5 0 40 0 15 2 55 
50 65 24 32 100 98 10 89 61 0 68 0 38 87 26 66 23 64 
62 46 42 75 0 58 34 21 9 71 48 78 61 10 63 0 0 
87 80 60 27 8 0 100 35 64 0 86 67 24 0 0 4 
59 84 0 8 49 0 77 34 40 87 35 55 92 59 80 
75 3 0 31 67 41 19 0 35 0 76 77 73 7 
14 0 15 62 69 0 0 0 69 34 12 47 17 
79 98 0 27 80 30 93 0 21 2 0 0 
97 26 28 71 57 0 0 64 68 0 23 
34 67 34 86 52 67 17 36 0 0 
70 19 85 6 0 0 88 62 35 
54 0 17 0 0 33 59 30 
13 0 0 6 79 0 13 
62 69 0 75 92 34 
0 96 0 0 18 
5 46 32 89 
0 16 89 
0 0 
89 

#i: 9
41 0 22 80 0 48 68 38 41 26 83 35 85 11 0 99 13 24 21 66 84 96 99 4 59 0 5 0 21 
99 49 47 39 0 60 0 2 27 100 6 1 17 11 57 47 0 0 19 59 57 13 35 68 93 100 0 89 
0 47 0 70 65 50 5 87 0 38 11 21 28 81 58 63 0 7 65 4 100 95 3 25 50 0 91 
49 98 82 0 0 0 0 8 0 75 86 0 12 9 0 51 44 66 0 39 78 30 51 95 0 91 
0 0 12 81 95 62 31 95 93 24 9 80 29 95 0 50 96 93 56 99 83 72 12 87 0 
45 36 100 0 34 55 84 18 70 31 9 20 89 24 58 2 5 0 29 0 47 76 85 12 
0 0 24 14 0 99 56 0 87 88 51 44 41 55 0 0 48 59 0 0 0 1 20 
0 43 29 0 15 0 15 11 28 40 50 45 28 71 27 57 84 22 57 16 13 34 
63 12 3 67 93 57 19 26 16 13 0 0 0 14 65 0 9 3 85 71 5 
0 71 88 0 8 68 57 49 0 8 43 59 66 47 0 1 53 0 0 63 
65 0 60 78 35 66 91 33 42 48 67 0 0 27 0 45 14 60 76 
80 0 70 58 98 36 0 7 29 59 0 20 76 23 0 100 16 94 
63 35 81 2 38 0 0 68 7 6 0 73 85 30 0 0 11 
22 26 52 7 92 44 0 49 32 35 97 76 6 0 56 52 
97 94 0 0 18 6 97 0 0 64 0 12 52 86 82 
34 0 0 59 77 0 12 72 34 24 55 27 16 71 
22 0 3 91 95 36 20 89 45 24 84 96 71 
58 78 29 41 0 90 74 73 98 0 19 100 
29 55 20 0 37 0 31 0 75 68 66 
0 75 66 14 59 78 0 35 30 47 
93 21 54 0 31 0 5 0 18 
78 0 48 4 17 27 64 0 
21 17 0 40 21 44 81 
30 57 3 0 0 1 
52 59 32 33 66 
0 0 98 64 
73 55 100 
52 67 
0 

#i: 10
65 31 54 91 74 0 78 0 0 0 26 15 46 26 0 62 71 9 0 54 90 0 9 39 0 37 14 0 
28 15 66 93 70 97 18 95 5 9 12 0 21 0 0 100 59 76 94 0 94 87 98 0 0 14 22 
79 0 43 10 0 43 43 49 66 28 38 97 33 35 8 11 53 3 5 80 56 100 58 61 11 30 
55 96 3 68 0 33 0 0 0 67 39 25 0 92 72 97 92 55 0 0 49 0 74 98 93 
0 27 69 0 10 94 0 32 0 0 91 99 48 7 96 0 96 16 16 82 0 0 99 91 
0 14 82 95 60 98 100 66 35 70 10 51 91 0 45 89 27 70 0 64 0 65 0 
0 1 0 0 0 3 51 10 0 49 0 14 48 31 87 9 25 28 28 15 80 96 
96 100 25 4 45 90 0 0 34 58 0 19 0 61 0 3 0 0 39 12 53 
75 62 83 0 13 0 78 28 31 0 82 0 0 18 17 42 74 0 0 0 
68 45 0 75 62 70 61 0 24 40 83 0 19 80 55 2 0 48 23 
40 9 96 0 0 0 85 70 89 55 8 98 20 22 0 25 50 26 
0 0 0 36 0 99 0 0 73 0 91 82 0 46 1 71 18 
27 0 85 0 0 87 43 0 0 13 0 0 61 15 52 20 
0 74 19 0 0 33 50 16 52 88 24 37 59 0 80 
0 89 15 0 0 90 54 0 66 42 78 57 49 87 
79 67 21 15 60 0 19 50 56 74 0 0 40 
0 0 88 23 56 30 47 0 0 78 0 49 
28 7 23 0 32 23 79 99 20 24 48 
28 96 0 94 30 54 67 32 80 34 
6 50 10 0 58 0 0 0 12 
0 50 18 29 16 79 0 0 
4 0 0 97 0 58 47 
0 29 69 61 67 0 
23 36 72 2 99 
59 17 0 2 
76 2 0 
4 50 
27 

#i: 11
24 55 87 1 79 1 82 0 72 0 3 85 31 0 100 0 80 0 0 52 14 6 5 62 67 32 0 
12 79 89 0 53 28 79 56 0 87 25 86 69 60 79 39 94 4 33 94 0 11 18 48 65 35 
7 0 18 94 87 97 89 11 76 77 1 33 44 0 72 0 92 95 44 90 70 69 62 39 61 
41 78 71 0 42 0 96 59 48 85 91 39 61 0 54 94 38 30 45 60 90 0 0 0 
11 91 55 0 0 67 99 0 19 0 15 68 48 30 47 7 7 32 0 56 0 100 0 
61 57 75 58 22 90 84 0 35 74 0 25 26 79 0 85 0 16 4 0 69 0 
0 0 0 0 0 42 0 33 40 29 86 74 0 13 88 63 36 0 30 0 64 
41 97 0 74 0 73 13 0 0 75 50 54 18 81 18 96 39 75 0 0 
15 5 86 4 79 17 0 0 14 33 0 48 9 47 22 98 76 75 63 
65 40 88 0 26 0 55 0 93 92 8 41 98 84 55 100 21 3 
0 0 27 0 0 49 0 46 68 3 0 26 53 94 46 18 66 
42 64 52 0 22 22 16 61 4 17 33 86 0 94 0 59 
73 0 36 68 11 0 24 0 67 98 1 49 66 73 9 
64 71 2 66 58 0 68 15 39 14 0 83 63 42 
55 44 90 0 28 41 38 84 1 4 64 0 50 
53 92 56 0 62 11 0 46 10 31 5 23 
66 97 4 15 34 36 0 0 88 0 61 
86 55 17 85 39 6 0 3 91 0 
15 58 100 98 79 91 85 42 3 
49 80 6 0 88 97 0 17 
0 64 29 55 67 14 20 
0 0 58 44 0 78 
88 50 21 3 66 
0 0 96 85 
80 56 0 
96 30 
0 

#i: 12
31 92 69 48 0 88 11 84 62 0 0 14 87 0 3 46 1 26 96 0 46 0 0 21 68 0 
82 92 97 0 0 0 25 3 37 23 8 42 22 53 35 0 7 0 97 30 26 73 95 77 22 
15 42 35 5 0 45 96 8 22 0 29 80 69 21 0 39 70 88 78 8 31 44 25 0 
0 25 61 14 70 0 16 0 3 0 83 88 90 93 0 49 72 0 55 50 90 32 0 
32 27 94 54 0 0 90 0 13 25 0 0 0 81 4 0 33 97 50 27 27 2 
67 20 65 21 31 59 94 93 3 27 25 10 5 59 42 11 72 0 86 28 0 
38 26 62 0 18 4 37 55 0 52 61 0 50 62 0 0 6 73 72 12 
3 72 80 0 28 0 0 25 48 8 87 0 24 58 0 51 24 23 54 
0 51 38 0 18 28 65 0 72 93 13 82 86 14 1 9 85 91 
0 16 41 20 11 78 56 23 93 0 98 95 50 70 0 24 0 
39 0 68 53 93 0 0 39 18 82 71 77 0 0 75 39 
79 74 66 25 5 0 52 12 85 73 0 77 65 5 74 
35 31 16 6 0 6 17 40 0 0 0 71 36 26 
21 74 36 73 61 6 0 71 92 8 95 91 39 
6 3 39 0 73 71 84 23 65 67 0 62 
94 0 61 85 32 60 90 54 20 36 37 
0 36 49 2 40 2 79 15 0 0 
33 0 54 0 93 61 14 0 0 
68 87 2 0 94 4 68 5 
0 0 3 31 40 60 0 
0 67 77 79 63 32 
35 71 49 48 0 
7 0 29 0 
60 32 87 
60 24 
0 

#i: 13
74 81 0 37 16 54 95 8 58 3 36 95 0 0 0 60 0 0 100 55 0 0 55 52 50 
100 100 62 62 13 37 91 0 0 53 31 76 40 0 0 17 51 64 0 0 0 7 6 62 
29 0 25 16 15 87 65 0 0 31 34 97 16 82 50 0 25 32 39 86 85 0 0 
0 0 13 35 0 89 0 0 0 12 50 31 0 0 9 34 85 79 17 21 0 37 
18 25 9 67 39 0 8 63 63 5 0 96 69 23 0 99 53 33 71 35 0 
82 0 28 0 0 51 40 0 93 6 74 75 0 0 49 5 49 0 37 37 
26 0 63 83 44 94 67 81 98 6 0 28 73 61 0 33 0 42 0 
31 46 22 9 91 0 0 37 97 17 68 73 0 0 81 35 0 0 
0 0 78 0 0 0 49 62 28 7 100 67 43 19 91 25 95 
76 2 0 56 0 65 0 72 61 53 25 0 35 1 0 8 
62 0 0 22 74 0 99 78 51 0 55 68 99 0 0 
90 0 0 0 70 77 83 89 0 84 38 0 11 26 
47 14 52 27 33 0 4 0 92 1 86 0 0 
45 0 58 56 0 4 50 0 63 0 79 0 
0 96 45 58 65 55 86 14 59 90 68 
38 0 69 72 2 0 19 36 75 0 
85 18 0 5 87 42 22 68 13 
0 31 55 46 66 0 60 60 
98 25 58 19 0 9 0 
31 31 15 13 39 60 
79 66 87 42 44 
38 8 0 0 
53 95 83 
95 72 
0 

#i: 14
67 90 86 45 0 43 94 0 99 68 74 0 0 13 69 40 28 28 89 60 90 80 64 65 
0 28 44 22 0 5 85 65 87 21 0 94 19 97 24 64 0 10 74 1 73 67 0 
9 18 0 52 96 87 0 53 0 0 26 91 0 41 82 0 78 19 100 0 0 52 
15 95 0 11 54 67 0 8 0 70 18 23 0 78 93 45 90 74 30 0 64 
36 46 0 21 8 44 0 54 25 48 6 73 42 45 0 43 72 67 34 35 
4 63 51 0 0 66 37 14 0 60 96 83 0 30 45 0 10 0 0 
0 0 44 0 61 47 36 32 26 88 19 66 26 16 0 36 93 35 
38 63 30 80 54 32 88 59 46 9 63 85 0 68 55 94 98 
70 4 0 59 75 31 0 64 80 81 56 11 97 67 53 27 
84 85 22 56 27 0 95 67 62 4 40 48 89 75 56 
47 0 68 3 100 8 56 23 23 1 76 88 63 0 
20 34 96 94 2 86 17 71 53 38 98 22 9 
94 81 55 60 28 67 0 42 0 83 24 9 
19 45 46 6 82 98 84 45 90 0 44 
0 16 0 36 0 24 9 72 78 35 
29 0 95 85 0 6 29 1 79 
0 100 1 0 60 69 0 52 
93 97 55 19 74 95 94 
47 0 0 19 53 8 
0 0 11 0 0 
29 0 35 81 
0 85 40 
0 39 
0 

#i: 15
63 23 0 69 0 96 0 0 0 35 79 90 60 41 80 0 48 64 46 48 64 17 42 
2 0 0 19 88 59 56 0 79 70 0 4 71 0 1 26 74 22 19 0 48 8 
81 25 0 82 0 75 0 51 96 89 32 51 61 57 69 54 76 0 7 15 91 
0 0 34 80 0 19 0 91 82 0 0 0 18 94 5 23 0 0 41 95 
57 91 71 46 0 0 16 0 0 0 76 12 39 0 77 69 0 0 38 
0 0 0 99 0 0 81 1 40 31 66 51 55 0 54 15 0 33 
92 6 73 94 48 88 0 84 38 59 44 62 0 73 35 66 0 
45 92 22 60 0 0 56 91 11 55 50 40 47 24 100 3 
0 45 0 0 49 0 0 0 79 97 74 0 29 54 21 
21 99 0 0 56 81 19 55 96 29 57 0 54 46 
0 45 0 36 86 35 65 50 45 0 23 50 0 
0 0 28 12 14 96 51 0 83 0 52 73 
81 91 0 13 34 50 9 26 45 95 62 
0 97 56 92 12 0 48 68 48 44 
0 77 0 73 74 66 90 92 36 
95 67 0 65 0 80 58 19 
53 88 63 93 0 0 17 
31 76 50 77 87 35 
16 27 99 97 2 
7 72 16 21 
0 7 20 
0 3 
0 

#i: 16
100 0 80 70 0 81 85 58 0 0 0 41 97 5 26 0 0 7 26 86 87 12 
27 78 71 0 22 53 8 98 39 93 46 0 35 54 0 5 0 2 0 0 60 
0 51 35 68 57 0 16 99 15 40 0 54 17 0 94 53 0 72 86 56 
54 33 4 19 52 41 69 45 91 34 27 7 83 59 49 26 80 0 70 
79 0 94 50 0 76 53 0 52 14 86 48 89 0 23 90 42 53 
0 19 78 22 53 0 67 88 51 0 0 22 42 28 0 25 0 
57 44 11 22 90 30 84 0 33 89 94 29 52 0 70 0 
30 97 5 56 67 24 78 58 33 100 94 7 34 0 0 
20 0 51 98 35 79 0 0 14 0 31 74 43 28 
86 61 0 1 63 88 66 95 63 99 87 0 4 
32 0 58 79 0 0 0 20 59 75 85 65 
0 74 0 14 78 0 98 25 0 5 24 
71 29 0 71 99 69 57 49 76 0 
98 35 0 1 27 3 34 72 67 
0 0 31 81 0 31 0 1 
0 46 9 0 82 16 19 
49 0 74 0 48 69 
0 59 0 99 57 
0 0 0 37 
60 97 69 
0 37 
0 

#i: 17
73 13 16 11 100 0 22 30 75 7 92 43 59 2 49 0 77 0 0 0 45 
49 13 0 0 96 27 93 0 60 99 35 56 0 53 95 100 85 55 80 0 
61 55 36 41 0 0 42 22 0 83 26 76 0 68 0 55 78 0 0 
0 40 90 42 65 0 27 54 0 27 50 5 68 28 0 0 29 0 
86 26 25 68 74 1 82 51 0 27 0 20 2 69 49 48 53 
75 23 8 67 33 59 79 25 18 67 11 60 60 0 0 69 
41 57 88 14 0 0 20 0 2 0 25 2 10 0 31 
89 47 18 9 39 0 42 90 36 70 32 72 81 8 
73 40 22 47 41 38 5 95 20 57 11 36 66 
23 32 0 73 70 27 4 96 0 8 94 75 
0 35 0 0 0 65 96 55 0 0 23 
60 60 0 0 36 0 1 74 35 25 
90 0 7 75 0 0 70 45 75 
48 56 68 1 33 88 41 68 
0 89 43 8 2 89 88 
69 40 58 97 82 13 
60 0 60 0 61 
13 0 40 15 
0 0 60 
0 13 
0 

#i: 18
8 0 52 81 0 0 19 0 16 0 99 98 36 41 95 35 0 0 0 89 
0 31 0 30 10 95 67 0 69 91 64 0 8 56 45 23 99 6 43 
0 56 39 61 4 0 85 21 18 89 66 0 75 0 83 32 0 6 
0 82 33 18 47 34 100 39 25 0 95 14 72 83 56 0 38 
50 73 0 0 46 81 0 0 7 83 83 0 10 68 63 83 
45 34 39 41 90 92 80 0 0 41 12 35 0 68 98 
0 27 14 0 75 10 45 0 49 78 71 0 16 0 
0 89 0 74 82 69 28 45 55 18 34 20 0 
45 0 30 77 97 58 92 99 5 92 0 32 
53 0 94 60 14 77 33 15 65 26 47 
92 79 42 100 0 0 85 42 0 22 
0 61 5 75 22 16 0 0 94 
0 40 34 24 0 10 6 40 
20 94 51 60 80 62 12 
0 0 23 0 90 0 
86 63 0 0 0 
0 74 34 17 
90 93 41 
91 44 
7 

#i: 19
15 94 33 0 69 76 100 91 49 0 38 98 36 70 25 34 78 0 0 
54 0 55 81 62 37 75 30 0 11 51 39 13 91 99 75 76 0 
67 0 38 54 83 81 92 48 19 59 74 81 95 88 29 38 24 
78 0 33 42 59 0 75 2 50 0 12 56 76 0 23 17 
4 45 65 43 77 0 82 1 3 0 0 3 92 26 0 
0 0 91 23 35 33 22 31 0 6 42 0 86 0 
89 0 32 66 30 69 63 0 81 88 0 100 2 
58 0 68 93 13 5 21 56 16 0 53 0 
21 0 34 37 62 100 82 29 47 0 96 
10 62 0 75 57 0 25 43 72 0 
0 37 54 91 51 14 11 7 0 
67 0 9 87 77 37 39 4 
76 38 57 26 3 90 40 
19 0 0 5 57 88 
97 76 49 65 49 
11 82 0 29 
51 28 48 
42 71 
0 

#i: 20
40 63 49 47 67 12 42 2 12 0 0 70 59 55 58 23 70 85 
81 20 0 48 99 76 65 34 24 57 11 63 40 91 56 41 33 
44 24 93 0 0 0 93 0 0 88 11 46 54 0 0 15 
13 47 0 27 0 64 0 0 31 16 83 35 59 0 21 
18 18 61 0 36 0 38 15 32 78 0 97 65 17 
100 41 24 60 0 64 56 35 14 6 85 48 27 
0 75 0 23 0 0 0 0 17 5 0 0 
11 0 34 0 0 41 21 46 72 0 0 
80 43 78 0 66 0 40 0 0 2 
88 30 70 77 24 55 0 54 80 
34 75 80 47 0 13 0 33 
0 20 78 69 18 61 97 
0 81 0 64 86 0 
66 0 78 29 72 
51 34 11 22 
37 29 0 
0 12 
99 

#i: 21
0 45 40 85 49 41 43 8 0 60 75 21 28 93 29 1 0 
95 0 1 11 45 49 97 46 70 0 0 75 33 44 77 18 
0 8 49 0 54 87 48 50 99 37 68 24 70 51 32 
0 0 18 3 0 88 23 92 57 13 26 2 0 29 
0 17 0 50 66 0 26 73 18 64 0 0 11 
61 0 12 0 27 19 9 62 57 8 16 5 
7 45 96 74 0 0 0 0 92 90 65 
84 49 49 0 26 0 66 74 0 0 
0 63 69 19 17 39 55 90 0 
1 36 77 35 0 42 23 2 
73 87 20 18 41 88 0 
86 38 38 86 51 0 
25 95 88 98 19 
69 0 30 82 
87 0 29 
31 0 
31 

#i: 22
17 0 0 74 5 50 0 87 63 24 0 80 15 52 0 48 
86 88 34 18 60 88 0 41 61 95 56 71 94 97 39 
89 59 0 0 93 89 52 81 49 20 86 24 56 63 
0 27 47 0 5 0 7 90 100 0 64 0 94 
10 96 85 95 0 63 0 17 11 39 42 0 
0 38 43 97 80 12 56 42 6 88 87 
5 57 0 83 0 30 37 0 12 52 
0 0 2 70 0 58 64 0 90 
4 11 88 17 63 0 19 54 
0 0 35 2 0 97 0 
0 0 69 0 83 89 
0 71 91 97 55 
60 55 26 0 
0 88 29 
72 43 
18 

#i: 23
47 79 0 72 43 0 0 98 52 0 53 52 42 4 0 
53 0 8 36 81 0 33 0 2 0 99 45 60 40 
0 51 43 0 80 100 0 72 67 77 0 24 36 
63 16 8 51 67 58 61 6 25 0 0 97 
61 86 71 16 68 0 99 95 19 9 5 
30 77 73 45 0 93 0 0 53 52 
41 15 26 42 74 32 33 0 0 
0 0 0 19 67 0 5 0 
55 58 25 83 0 9 44 
35 37 10 33 69 39 
28 0 0 0 57 
19 84 57 36 
17 55 64 
79 51 
0 

#i: 24
11 19 46 0 35 0 0 0 29 45 6 42 60 58 
11 63 42 14 82 0 96 60 46 0 16 9 84 
56 0 81 64 92 0 21 36 8 0 30 47 
49 0 72 53 59 0 35 26 82 77 50 
56 0 0 91 62 1 0 0 6 68 
72 48 64 16 33 83 0 17 4 
13 84 60 0 0 55 63 58 
2 49 66 0 44 23 28 
0 71 46 0 92 38 
100 59 0 67 49 
25 46 67 64 
83 0 0 
0 85 
0 

#i: 25
12 53 84 10 96 20 38 6 0 0 90 48 68 
15 0 30 0 0 34 80 0 0 28 0 57 
0 22 0 72 77 6 30 0 26 27 100 
28 15 61 70 61 20 47 98 0 66 
92 78 0 38 0 42 39 86 56 
0 5 89 0 94 90 60 0 
0 1 72 44 88 35 0 
16 43 50 32 34 26 
0 0 60 0 20 
56 83 0 38 
79 29 4 
86 30 
33 

#i: 26
90 77 29 0 61 0 5 0 51 19 56 91 
0 25 0 30 38 0 0 62 0 65 0 
59 72 40 89 41 100 39 58 48 0 
0 92 78 18 24 0 22 74 75 
86 30 22 24 0 0 71 3 
0 0 93 7 7 35 68 
90 0 92 0 24 55 
68 20 42 61 73 
68 89 96 52 
7 100 22 
96 20 
62 

#i: 27
29 0 83 7 75 86 59 0 12 49 98 
52 0 74 65 76 85 3 20 100 0 
89 0 0 10 30 21 53 20 64 
94 45 89 0 65 77 50 79 
14 56 56 46 77 8 44 
34 0 44 7 0 78 
69 7 97 69 53 
12 0 0 89 
34 0 24 
0 49 
0 

#i: 28
93 58 60 34 0 74 59 23 67 2 
0 96 80 72 10 0 7 71 29 
100 84 0 84 14 7 17 0 
91 0 21 54 77 67 1 
9 71 61 0 57 33 
69 73 6 43 32 
69 67 87 33 
63 74 0 
6 69 
42 

#i: 29
47 58 0 24 0 0 29 0 16 
0 7 29 25 0 12 15 97 
33 99 0 0 24 0 35 
92 16 0 4 46 0 
80 7 27 0 0 
0 67 73 18 
0 37 35 
68 0 
4 

#i: 30
0 51 2 16 93 0 28 41 
0 17 36 41 0 60 16 
78 61 0 16 0 88 
0 14 0 65 0 
60 0 77 9 
48 79 33 
91 94 
39 

#i: 31
67 65 74 18 0 90 64 
0 18 81 0 43 0 
89 97 72 76 42 
0 91 0 50 
16 24 0 
29 33 
0 

#i: 32
59 67 25 93 87 0 
60 21 87 47 39 
0 73 40 26 
30 10 0 
86 73 
60 

#i: 33
0 42 73 31 38 
0 12 76 36 
74 74 24 
13 71 
98 

#i: 34
86 65 67 80 
46 67 21 
79 35 
43 

#i: 35
10 86 13 
58 0 
0 

#i: 36
33 0 
0 

#i: 37
16 

#i: 38

#i: 39

ckp-40-0.75.txt