#number of items n
50

#knapsack capacity b
326

#constraint coefficients a
28 50 38 50 11 13 39 44 24 10 26 1 4 42 17 19 32 49 3 4 13 48 16 25 41 49 21 1 4 49 3 5 47 22 30 29 49 21 40 29 12 39 15 15 2 19 18 49 15 41 

#linear coefficients c
87 47 22 64 18 42 21 36 93 82 4 4 27 51 28 20 95 19 4 87 27 82 32 76 5 81 69 1 25 57 61 58 11 22 69 13 70 18 58 98 64 40 54 3 36 34 10 78 85 91 

#quadratic coefficients C: i < j
47 29 33 72 46 92 28 95 78 58 72 95 1 43 63 67 83 29 95 17 43 73 12 12 67 8 81 25 40 31 25 39 12 25 9 44 71 10 89 13 31 88 90 81 92 65 30 51 6 
7 19 58 63 22 78 33 24 57 41 7 78 40 2 87 3 82 43 87 93 9 81 45 55 98 36 10 42 61 73 57 40 31 71 24 58 6 30 44 100 16 17 71 87 43 9 69 9 
50 37 32 95 24 73 60 10 3 13 9 67 71 38 21 74 71 31 11 3 85 43 57 92 78 86 87 12 21 28 45 60 53 93 89 18 86 41 31 2 88 80 67 76 6 1 40 
48 64 43 54 95 3 78 17 7 92 91 1 9 98 91 47 88 58 40 24 61 9 86 49 81 83 38 39 24 14 66 25 19 3 100 67 80 41 38 58 2 63 98 54 17 61 
20 31 80 1 68 34 47 74 7 83 48 58 15 31 55 5 42 86 12 21 64 14 28 66 38 39 55 99 65 8 41 22 20 98 38 61 81 18 31 1 15 74 66 44 95 
19 53 39 98 10 76 77 38 24 37 30 37 100 5 21 63 65 27 52 61 6 48 77 97 31 25 30 9 23 70 84 71 49 14 58 66 17 11 91 98 94 1 28 83 
91 74 9 10 88 68 85 10 68 39 81 28 46 65 46 55 48 63 90 2 95 3 87 53 63 50 3 35 92 19 25 72 6 1 28 19 64 15 48 31 21 22 76 
59 44 13 82 92 55 56 38 50 18 57 87 6 37 89 13 21 33 38 41 98 39 1 68 86 78 3 13 43 33 37 99 92 41 56 59 2 37 29 12 54 66 
15 77 20 72 75 52 24 61 8 39 30 36 53 42 22 17 5 59 22 47 43 57 66 14 84 60 93 49 98 80 68 17 86 17 100 15 83 34 86 11 89 
23 16 15 95 20 42 3 36 48 36 76 95 91 89 81 4 100 55 25 66 75 35 67 50 45 23 7 86 44 51 48 95 88 15 22 36 63 91 72 35 
22 3 40 71 94 57 27 17 75 98 63 82 39 67 11 24 91 82 17 50 67 25 94 34 13 91 77 99 55 72 74 72 97 43 26 47 48 54 7 
10 61 90 90 94 54 42 64 79 80 96 75 36 26 80 92 48 30 68 90 35 61 47 2 30 83 53 53 56 45 52 65 61 8 58 11 89 25 
82 55 32 90 54 67 38 56 25 37 10 95 85 72 4 58 12 58 63 73 77 17 81 44 1 33 54 100 56 72 5 46 38 70 25 81 58 
61 7 67 18 84 42 9 96 48 47 51 16 25 15 88 46 99 48 59 46 36 93 58 40 88 58 94 75 11 80 76 65 8 34 65 24 
43 94 89 70 66 73 60 96 20 42 68 70 53 16 64 17 69 28 18 69 70 49 55 71 21 7 83 74 22 30 60 85 76 25 8 
77 88 7 24 17 27 93 16 46 24 58 78 31 45 56 42 70 15 99 4 48 86 91 65 64 8 97 16 93 47 91 7 84 9 
49 69 8 10 21 17 17 41 52 36 78 37 13 31 89 33 48 26 39 17 33 20 89 31 57 98 79 42 28 85 12 99 76 
43 38 71 72 91 22 38 1 26 42 54 20 67 3 22 12 59 44 53 87 27 65 53 80 51 41 65 96 12 11 28 75 
44 74 7 41 91 39 9 38 51 56 50 36 57 99 91 45 92 92 94 79 43 60 3 73 9 74 50 18 91 7 11 
87 90 77 30 91 79 75 53 26 12 80 77 52 94 69 57 46 51 72 55 38 35 49 50 24 95 100 78 47 59 
18 98 48 75 1 84 68 37 74 92 11 56 72 78 97 70 75 11 68 71 71 33 30 22 65 48 2 46 50 
67 25 72 55 72 35 84 13 24 47 44 55 18 33 66 27 55 12 75 96 87 58 75 46 82 46 74 24 
84 55 23 56 99 57 5 98 33 83 26 1 16 95 37 63 65 60 37 5 51 51 41 41 28 9 85 
17 11 37 96 77 64 28 29 88 26 64 67 94 15 75 59 83 24 86 13 71 47 61 36 42 81 
95 97 23 63 16 70 46 87 15 48 46 66 66 65 45 94 66 46 8 80 39 27 5 44 50 
60 46 77 72 9 17 56 42 96 35 19 25 82 1 63 78 40 29 93 88 78 96 40 7 
27 30 2 73 2 48 4 93 23 15 13 27 23 96 67 67 80 58 34 45 30 44 66 
14 39 19 3 58 93 9 53 70 24 12 74 2 61 28 58 89 53 12 47 86 75 
51 83 72 84 83 72 15 31 59 54 60 10 76 52 76 6 20 62 47 19 50 
92 15 38 71 3 65 31 45 25 87 41 65 61 59 69 23 77 95 11 67 
15 59 19 44 100 74 12 44 38 19 14 45 73 58 57 28 41 48 18 
99 31 49 22 100 14 69 63 89 77 4 80 33 33 70 3 95 91 
44 86 89 40 68 98 1 22 66 86 90 28 20 17 65 55 12 
76 52 37 85 63 75 14 22 64 57 7 70 22 97 7 69 
64 74 41 100 89 60 31 41 14 76 85 7 7 45 55 
56 72 26 66 50 41 86 19 67 47 16 16 58 30 
86 39 35 21 63 39 61 64 20 38 94 27 88 
38 77 58 24 26 78 12 44 72 10 57 50 
75 2 8 44 37 100 17 49 27 63 4 
37 5 68 92 66 84 22 85 20 66 
23 65 61 2 93 79 95 100 38 
4 29 91 60 56 74 63 15 
96 33 41 80 79 25 5 
42 60 31 12 82 39 
74 69 93 33 1 
22 86 37 57 
59 62 23 
77 82 
58 

#cubic coefficients D: i < j < k
#i: 0
68 61 14 32 8 44 79 49 9 5 56 11 60 78 13 69 83 30 6 59 42 21 10 26 57 87 18 39 37 70 35 80 10 40 9 34 33 80 66 33 53 68 89 89 79 98 3 85 
9 24 42 20 40 73 26 48 3 87 45 99 4 12 65 81 32 37 26 95 5 78 39 32 41 29 86 8 44 53 50 71 64 94 40 38 3 23 86 63 32 12 43 25 68 17 47 
72 63 28 35 68 35 58 20 96 91 93 15 71 84 64 21 29 63 78 11 46 44 90 69 18 97 35 58 81 22 85 31 85 38 100 91 17 90 2 45 41 27 12 67 80 29 
43 38 36 58 74 76 33 27 84 95 65 49 76 67 77 19 67 90 78 93 88 14 38 26 99 87 3 41 70 39 29 30 61 50 25 37 20 41 70 47 64 27 93 58 19 
95 27 86 67 51 71 78 30 45 65 30 63 57 93 7 81 78 33 52 53 6 7 35 5 27 29 73 2 16 52 81 89 35 59 56 82 95 1 17 94 37 43 97 60 
76 96 10 88 38 25 87 37 22 80 2 37 94 75 26 95 39 2 79 6 74 64 55 95 98 15 98 88 4 98 82 40 62 17 27 12 34 73 70 91 95 77 83 
85 94 51 22 58 3 55 4 98 49 14 23 66 22 32 27 87 80 41 38 67 87 97 71 98 59 80 83 11 52 24 91 10 14 34 9 3 58 97 89 3 94 
38 54 54 38 69 28 62 40 18 13 5 96 66 42 26 36 35 80 46 66 61 59 92 34 13 56 89 20 32 17 16 33 90 9 81 22 72 12 5 78 83 
53 93 91 46 50 3 98 35 65 96 87 98 10 9 29 46 25 18 16 21 14 81 46 63 88 67 58 60 69 76 19 57 29 8 88 45 5 15 73 79 
53 41 79 63 95 79 79 46 38 55 7 11 89 92 66 58 40 23 59 38 70 20 61 28 80 93 43 66 54 42 12 86 92 97 76 85 82 26 65 
23 92 68 41 47 69 61 42 7 39 98 41 81 40 50 25 10 17 52 87 44 5 57 61 97 32 27 25 54 87 24 10 33 46 74 28 85 92 
80 23 31 52 57 75 98 82 88 68 53 20 25 52 41 71 93 83 98 51 92 71 12 40 12 36 6 11 10 27 96 44 90 82 46 63 17 
95 27 74 93 69 52 50 73 38 81 2 85 8 89 5 27 69 87 73 2 82 78 79 93 11 65 4 47 21 59 93 68 40 86 80 37 
27 30 78 89 45 54 74 81 29 43 70 95 100 5 84 9 4 75 70 36 16 34 84 51 99 17 68 73 76 64 5 68 27 5 18 
98 53 85 51 7 10 49 76 100 37 91 88 63 86 17 21 60 62 12 45 36 47 98 5 34 70 21 72 52 28 17 5 93 91 
99 26 97 86 73 49 6 42 69 69 22 82 19 31 97 56 98 100 15 56 17 31 48 85 77 3 18 41 17 87 60 78 68 
58 65 69 27 63 36 33 67 13 77 72 24 9 53 66 49 35 55 57 92 91 65 86 12 12 10 15 92 41 18 25 2 
3 1 10 40 19 88 95 75 70 35 68 85 1 19 27 96 7 80 51 64 40 79 41 21 63 69 52 35 74 17 89 
1 33 52 12 82 34 75 98 29 63 52 19 43 89 91 35 27 21 51 89 4 81 24 11 5 2 72 7 19 10 
19 7 16 4 41 3 4 1 50 41 14 45 26 10 96 32 54 88 34 79 13 39 35 69 37 6 21 80 81 
57 13 71 29 89 84 28 83 11 66 3 87 25 87 52 45 38 45 60 55 12 7 83 83 12 3 56 16 
94 12 76 52 20 91 66 2 60 96 22 89 10 21 25 39 76 22 69 41 27 57 6 32 97 64 76 
46 8 34 77 93 70 4 42 84 97 56 55 58 83 82 59 5 12 48 50 36 82 61 48 30 36 
58 10 80 63 56 2 20 15 21 68 23 74 54 46 6 95 28 4 14 72 100 13 4 61 54 
30 67 36 83 64 77 24 61 98 34 12 59 88 57 57 80 64 44 63 31 22 75 52 61 
5 33 51 62 82 81 16 52 68 78 44 91 7 29 12 87 39 17 96 22 41 50 87 
8 84 2 26 56 58 59 27 3 24 7 34 93 54 70 13 72 48 76 49 55 69 
65 75 8 26 30 89 60 18 3 39 9 96 19 82 15 81 44 51 50 30 99 
87 11 85 72 25 30 51 40 40 74 27 7 90 72 87 89 27 33 44 16 
61 96 90 97 1 6 68 21 48 100 29 31 93 69 57 99 67 50 33 
38 24 56 75 88 85 24 10 13 53 50 85 73 88 81 38 98 93 
49 31 37 11 52 5 66 100 63 79 45 4 25 47 13 47 74 
96 100 62 69 92 50 83 78 24 36 38 82 68 44 71 26 
62 61 79 72 78 40 19 99 83 34 35 4 42 26 99 
52 16 94 62 89 27 55 23 88 74 64 21 10 3 
97 68 60 36 70 69 43 66 4 96 78 77 6 
78 92 53 30 40 3 91 83 78 5 39 63 
22 55 27 87 53 33 39 23 97 16 45 
39 36 69 85 64 98 47 37 66 75 
7 23 81 5 29 85 13 27 16 
29 35 25 69 15 83 71 52 
76 95 2 13 96 99 11 
93 1 80 21 7 23 
55 50 30 43 45 
9 95 91 80 
74 13 61 
13 44 
96 

#i: 1
30 80 7 1 87 26 33 3 74 84 77 87 13 23 78 50 13 39 83 85 51 65 69 9 10 27 65 28 24 14 95 90 71 88 54 81 76 69 48 82 44 100 56 71 70 54 21 
87 44 84 53 4 29 30 87 63 1 69 42 38 66 60 85 27 50 4 65 47 65 58 75 8 32 34 86 93 18 93 17 94 24 69 30 42 40 52 58 74 68 44 64 57 29 
65 68 81 64 26 85 75 10 5 2 50 96 19 71 7 63 85 5 35 84 99 16 91 41 99 50 66 29 37 8 83 77 70 97 20 58 43 67 18 99 4 66 14 53 69 
77 75 14 10 51 92 64 12 31 37 100 95 10 24 99 39 44 30 73 49 28 73 59 98 44 51 98 76 53 66 27 98 67 8 15 13 91 60 8 90 85 86 76 30 
89 47 13 86 24 75 25 55 99 59 53 90 56 91 60 96 81 67 65 32 39 78 87 23 21 73 81 14 80 100 90 24 69 9 39 23 68 92 74 36 28 27 91 
100 10 90 92 78 26 61 19 100 91 27 100 66 38 59 77 23 1 90 51 28 73 80 65 90 46 28 38 80 28 83 12 29 45 37 74 88 77 39 10 82 99 
95 31 47 32 7 54 38 42 83 17 94 100 63 59 22 8 80 64 21 15 77 76 25 7 76 98 15 95 49 68 62 97 93 11 5 23 20 21 49 29 70 
85 62 75 30 15 57 26 77 67 78 12 76 60 43 45 14 73 11 71 21 47 54 97 22 97 50 49 30 9 63 60 65 19 14 24 57 57 85 14 84 
57 46 78 48 99 69 80 38 13 26 38 61 68 49 62 93 39 5 66 99 30 56 31 78 73 53 21 43 4 94 1 100 55 75 66 2 54 53 42 
88 59 5 35 31 9 54 29 78 57 97 41 68 29 67 52 71 8 56 69 39 70 8 64 15 15 90 87 65 70 65 70 70 52 6 59 32 46 
27 100 96 59 12 93 99 66 24 89 20 34 30 9 7 9 26 83 89 21 80 73 8 44 41 72 5 79 33 73 49 94 39 97 52 42 28 
35 30 22 94 27 19 40 5 27 69 71 98 12 16 50 98 48 77 43 22 96 97 61 88 38 5 47 25 88 13 71 40 30 86 43 7 
19 39 29 56 17 97 76 6 43 34 60 20 23 16 10 75 30 58 97 36 21 100 90 35 8 51 60 37 45 46 93 79 4 95 33 
54 29 8 39 29 84 47 33 13 62 69 89 96 93 66 41 68 23 94 87 49 18 19 77 42 64 74 32 86 68 9 31 52 52 
83 75 10 55 51 29 74 65 51 29 77 30 42 26 88 80 71 64 87 13 21 44 8 29 36 57 33 17 9 14 69 70 88 
60 3 88 27 59 49 71 34 89 51 41 19 3 14 69 87 44 54 65 90 43 44 64 53 70 47 94 37 46 66 26 30 
11 64 67 48 7 73 72 19 65 61 26 74 1 8 44 30 65 32 20 41 2 13 18 88 69 90 46 74 100 95 42 
82 31 45 98 37 72 37 77 24 55 99 59 40 90 54 79 59 58 53 68 2 48 15 87 5 54 42 77 4 63 
83 64 11 80 28 53 6 2 71 75 19 10 77 72 46 65 11 7 46 92 86 39 62 4 78 1 58 38 8 
14 8 25 35 80 88 100 85 45 49 21 58 14 1 86 25 69 45 78 74 32 41 35 22 7 95 62 72 
20 19 17 40 59 79 88 84 52 37 30 45 34 38 91 67 89 16 97 47 60 29 33 82 34 48 88 
35 13 49 27 20 95 6 10 78 80 15 40 67 9 51 71 40 100 29 21 97 94 63 35 9 60 
15 47 32 2 87 57 64 87 100 81 98 99 37 97 73 6 76 51 31 16 16 21 18 40 11 
59 21 40 30 76 21 59 34 16 84 92 58 73 32 55 30 98 31 31 92 34 64 67 57 
73 62 98 55 58 38 57 77 91 88 76 33 49 29 62 29 44 25 80 95 16 42 78 
73 54 35 67 32 97 29 54 58 40 88 15 25 66 48 89 53 92 6 94 48 29 
52 68 24 16 31 85 92 88 23 24 57 92 58 84 77 92 18 90 27 80 65 
48 91 57 68 56 54 5 64 47 89 16 53 18 26 96 25 25 74 75 38 
88 52 80 43 36 80 57 61 21 26 96 7 39 69 51 22 97 18 58 
1 92 98 54 3 52 56 53 5 57 93 19 43 10 23 70 87 56 
69 31 90 83 30 32 70 13 67 42 49 78 37 26 11 76 69 
41 51 83 37 36 75 8 24 30 17 36 79 45 2 43 17 
75 71 70 82 96 19 37 17 93 68 5 55 6 39 2 
74 52 53 21 78 47 63 66 18 45 81 4 43 88 
21 4 59 78 8 75 3 65 31 47 96 30 2 
72 40 97 73 17 79 81 5 70 27 70 70 
29 35 46 28 26 44 44 8 51 84 93 
81 42 19 85 1 65 73 46 5 81 
56 38 29 81 42 32 85 100 45 
59 32 33 7 47 29 29 36 
79 80 98 84 100 18 45 
25 45 51 50 60 81 
79 77 53 2 28 
21 75 66 67 
68 6 26 
54 73 
98 

#i: 2
9 92 24 34 66 80 95 19 28 82 52 50 38 20 17 40 95 71 55 2 41 63 64 23 20 95 39 49 96 16 71 93 15 19 19 52 35 51 67 26 28 47 43 77 92 27 
27 88 85 46 49 39 63 3 33 97 96 80 55 37 81 55 1 37 12 45 59 53 41 81 32 51 85 83 48 2 4 92 88 99 6 45 85 74 14 89 83 58 48 100 62 
3 68 15 100 25 73 15 24 5 88 8 68 12 95 85 2 83 21 73 28 64 30 99 52 17 58 5 46 41 54 96 18 47 2 74 39 62 43 65 70 93 62 9 77 
81 28 74 3 55 64 71 44 1 42 7 78 95 16 22 36 76 68 13 98 76 70 35 94 88 30 36 46 65 93 21 60 10 88 32 88 56 83 38 17 91 67 83 
65 21 10 89 1 29 73 70 7 45 2 17 58 53 46 77 32 97 73 38 49 28 30 55 55 13 90 65 64 39 11 60 1 58 34 3 94 40 25 12 97 63 
63 13 64 20 11 53 94 62 90 94 16 76 9 10 93 13 100 40 71 21 19 15 1 35 92 92 70 92 25 11 40 92 78 48 46 51 43 69 68 43 96 
47 14 88 15 64 27 45 95 76 16 98 51 42 79 82 2 86 29 2 1 18 16 93 46 12 60 40 85 55 26 28 37 79 46 3 40 37 15 50 55 
60 3 14 63 19 97 95 63 99 72 21 100 94 76 53 85 100 73 39 31 95 51 43 24 29 37 39 46 89 82 30 29 8 74 25 41 67 36 2 
68 51 46 37 39 55 5 51 42 48 31 50 92 55 90 93 23 28 41 84 68 76 88 44 59 85 58 80 45 23 67 4 90 84 15 47 13 93 
25 82 83 10 51 39 28 7 22 56 58 46 94 9 59 1 83 1 9 91 32 64 38 25 58 77 69 62 89 28 1 26 60 66 70 78 63 
94 48 79 10 50 74 35 42 17 31 62 11 83 8 87 52 77 18 98 57 77 87 7 10 57 60 5 7 57 18 89 25 37 27 13 36 
63 78 53 56 26 41 26 83 20 53 27 14 51 51 2 48 35 13 73 17 59 60 41 24 100 28 90 3 18 44 63 98 78 97 40 
35 5 59 36 90 67 80 65 95 95 66 20 36 2 91 29 39 22 21 38 13 95 67 73 18 50 2 9 2 46 92 7 88 24 
94 87 93 99 46 4 67 55 65 67 57 90 54 56 70 54 7 19 51 76 64 73 78 78 46 74 44 66 66 18 79 53 89 
98 67 42 41 98 31 68 78 26 49 1 52 90 55 19 16 44 66 39 77 51 62 69 36 30 60 6 61 28 35 61 43 
56 89 37 92 96 10 85 18 71 54 46 93 31 84 85 64 33 11 76 56 19 47 81 45 14 48 50 53 88 22 90 
76 54 51 95 84 10 54 28 67 46 82 43 15 47 30 52 13 62 43 5 73 66 50 42 12 40 86 6 37 42 
21 8 89 7 38 91 85 14 87 38 51 45 46 8 15 42 62 100 31 13 20 72 30 100 12 23 64 40 84 
36 84 23 48 94 3 1 3 38 2 19 71 36 54 7 2 29 51 2 97 61 64 13 6 83 69 15 88 
32 1 49 53 34 26 63 99 36 45 37 73 18 79 56 16 99 64 90 46 49 97 72 29 11 5 87 
33 30 63 82 5 35 79 96 78 37 89 39 51 45 28 19 25 98 22 71 69 53 47 40 75 54 
79 32 1 29 36 35 46 77 69 51 10 18 13 87 57 24 45 32 38 65 54 46 96 36 43 
59 24 11 89 88 8 58 74 22 38 8 9 79 78 3 81 6 55 91 59 69 76 94 47 
42 69 40 2 29 96 50 18 4 74 89 63 80 69 22 53 28 10 9 91 21 13 22 
53 37 57 44 100 51 13 15 25 83 28 97 34 17 47 77 50 28 29 63 82 34 
56 36 75 73 71 81 68 49 51 33 70 56 47 57 91 30 84 80 97 78 8 
80 40 39 47 69 79 99 97 97 47 65 59 1 22 71 73 55 57 46 25 
7 51 20 11 37 27 8 63 83 41 99 5 43 26 39 84 84 87 88 
53 3 16 59 57 34 58 31 83 2 53 39 31 68 26 31 73 37 
34 65 8 71 57 42 71 63 52 61 14 87 95 27 75 75 64 
20 37 76 28 83 16 59 66 48 53 50 24 43 85 53 27 
4 32 30 46 12 63 83 36 38 54 47 62 37 32 69 
65 51 92 13 35 31 19 60 58 94 81 36 17 64 
28 83 15 36 89 89 17 35 97 84 15 27 46 
13 4 44 89 57 74 85 52 57 87 89 5 
68 85 34 21 76 56 10 59 65 50 51 
76 56 82 32 61 3 70 57 67 34 
49 15 83 86 14 20 41 95 23 
85 98 41 60 46 71 10 10 
48 49 48 10 20 59 19 
66 27 17 25 64 19 
74 96 84 42 29 
99 18 19 94 
84 24 80 
38 100 
81 

#i: 3
79 32 10 15 95 98 78 14 20 90 70 54 66 43 53 5 22 83 77 93 52 20 64 50 93 81 79 48 78 56 50 77 94 73 76 76 74 94 37 41 35 2 17 32 46 
30 31 1 30 28 63 54 60 82 54 16 74 29 52 28 88 84 21 12 67 4 17 41 47 84 10 59 88 95 41 8 29 10 54 26 79 20 60 27 9 92 40 32 35 
75 61 68 89 27 71 79 47 100 34 15 6 5 26 40 69 17 80 65 31 66 40 47 46 92 30 84 6 32 81 15 1 25 30 95 41 15 8 13 18 10 21 64 
62 40 80 46 28 10 65 1 20 20 44 34 40 15 38 67 14 8 89 82 19 19 47 66 2 34 93 35 37 38 38 16 18 36 32 66 19 69 8 33 10 49 
69 49 86 28 70 31 97 54 23 100 89 14 94 1 88 52 42 86 79 77 98 26 5 74 86 75 79 67 85 19 89 76 92 20 71 87 94 64 40 73 73 
71 40 63 73 98 97 40 40 26 67 93 88 85 95 42 46 58 94 39 78 17 75 42 89 49 51 29 60 1 17 4 83 53 3 40 15 100 42 45 96 
24 67 94 18 35 62 99 47 14 67 61 11 85 85 77 38 89 19 84 51 68 18 36 22 85 98 82 6 76 7 68 59 5 18 49 86 37 3 32 
18 24 85 51 69 80 42 81 62 99 63 8 65 6 89 10 37 12 64 5 94 20 75 99 23 10 3 87 86 4 4 87 24 8 89 22 30 34 
16 27 86 100 64 86 6 93 72 95 30 95 93 57 82 30 9 56 73 51 96 15 71 14 50 35 29 40 24 11 30 49 99 36 86 14 43 
30 35 23 36 85 83 12 44 87 39 8 6 65 15 72 95 16 48 8 26 18 96 93 24 52 76 74 40 62 63 65 79 52 12 92 56 
19 69 93 42 52 59 76 12 56 43 47 47 56 4 46 91 12 79 45 38 6 96 36 49 30 67 11 90 28 45 16 7 37 57 67 
83 94 72 76 52 69 47 90 68 85 70 95 21 51 4 45 78 72 2 55 93 26 89 91 76 42 91 51 5 11 40 44 63 17 
29 9 90 58 9 73 32 48 56 6 80 72 34 76 64 61 47 76 83 11 83 19 69 63 4 7 60 39 94 48 12 94 48 
92 8 26 58 4 99 39 79 20 1 62 81 93 44 32 34 68 59 90 71 10 5 88 25 31 3 46 32 21 76 6 40 
92 59 20 33 1 52 8 73 64 41 47 26 81 42 76 27 54 56 24 53 62 60 46 22 80 7 64 8 82 21 26 
77 98 42 30 43 1 72 19 32 99 10 53 40 92 8 96 94 70 60 64 41 48 87 7 10 76 52 32 51 84 
33 87 86 48 44 67 11 67 38 28 32 81 30 48 78 93 99 17 57 24 70 52 98 54 47 16 95 57 38 
10 77 84 59 19 22 72 95 46 92 92 99 78 73 35 13 57 93 69 4 84 71 92 25 80 69 97 12 
51 77 2 58 32 87 70 77 93 33 58 57 81 46 42 17 16 34 29 86 95 5 97 78 22 23 68 
54 72 15 23 82 80 1 81 41 71 66 74 66 51 25 97 89 59 71 18 62 87 13 97 33 75 
74 18 40 56 22 60 72 1 34 79 42 69 98 33 94 18 42 72 45 14 72 89 60 21 13 
91 59 66 42 8 49 37 83 94 69 58 26 58 14 3 32 62 59 93 8 20 39 51 47 
92 87 7 89 85 58 71 9 36 14 85 33 32 92 38 86 63 92 88 15 6 49 12 
22 39 11 24 48 2 77 35 97 91 87 92 70 56 46 100 66 16 29 24 5 10 
87 62 34 92 40 96 46 13 30 8 12 10 82 88 82 82 37 100 92 43 42 
65 34 92 19 50 51 90 27 56 51 3 93 1 45 41 11 82 76 78 76 
57 68 87 80 13 9 14 64 63 53 100 26 34 100 61 21 62 31 47 
71 11 11 7 58 13 60 24 25 48 98 62 29 54 92 65 43 99 
53 22 76 54 87 76 68 45 66 79 2 10 53 73 33 4 33 
9 2 7 11 39 44 25 78 49 76 59 98 21 30 76 64 
10 49 20 18 45 11 28 18 2 14 92 33 44 41 65 
54 11 25 98 41 90 68 28 86 17 26 3 66 18 
30 77 12 9 65 6 61 31 51 83 8 43 71 
39 15 9 65 10 29 93 33 67 16 18 18 
51 85 52 72 54 99 19 94 26 74 67 
14 68 85 71 51 76 51 77 57 27 
99 34 83 87 24 39 26 18 73 
75 71 70 66 56 45 82 84 
85 76 2 28 97 8 95 
37 97 47 82 88 27 
96 48 68 26 75 
45 10 34 64 
84 31 73 
24 10 
11 

#i: 4
96 64 53 26 24 54 17 52 39 51 70 61 98 85 44 74 60 83 93 71 81 99 4 64 40 47 78 75 23 94 39 94 37 62 29 99 40 39 94 31 27 93 3 54 
30 83 44 88 93 26 37 41 71 57 25 46 49 61 40 78 18 93 38 93 73 68 85 38 86 40 55 4 71 83 62 75 40 14 42 10 2 85 60 9 19 20 77 
21 43 50 64 15 70 81 13 71 34 65 93 99 74 70 82 56 90 69 23 76 63 88 49 87 48 88 44 27 54 10 13 36 55 39 63 52 78 14 57 67 98 
7 30 10 96 64 21 84 18 54 2 58 92 43 61 23 19 12 78 94 50 20 79 55 46 80 1 63 25 99 11 54 89 90 53 14 31 95 91 4 1 24 
99 61 85 29 90 55 49 78 15 61 45 17 21 53 26 60 100 65 54 4 40 91 54 45 51 33 6 58 11 43 90 96 9 83 52 24 27 98 12 74 
13 1 80 96 73 73 2 14 39 62 45 50 92 56 63 61 21 27 43 64 31 4 31 33 27 29 83 59 39 45 39 79 92 52 89 86 79 71 77 
68 20 95 55 48 34 86 41 62 92 62 35 73 66 71 76 44 74 89 34 78 46 91 81 68 31 54 14 23 29 58 12 24 50 17 14 48 2 
49 56 4 68 100 10 23 95 81 85 11 1 34 7 10 21 69 26 64 52 87 48 99 32 45 45 16 67 26 15 77 85 41 2 88 32 92 
95 68 65 23 98 30 50 87 93 79 32 78 43 26 20 90 18 74 5 95 33 67 53 66 71 78 51 42 93 76 10 31 1 32 62 100 
1 75 62 45 60 36 49 84 51 43 77 41 36 59 55 20 15 23 67 36 66 97 94 13 6 80 91 34 5 33 51 7 80 66 43 
79 12 62 32 3 28 95 13 39 88 68 43 23 11 49 10 29 26 44 80 62 59 2 14 50 11 74 13 38 86 23 42 5 96 
22 72 11 26 78 59 54 49 65 76 69 50 98 12 8 79 30 63 40 28 54 25 24 67 44 5 18 89 68 49 77 37 92 
7 38 80 100 25 32 24 5 25 57 19 91 55 78 84 57 45 28 85 46 49 81 2 92 78 11 83 22 51 7 81 6 
60 58 44 73 92 62 33 73 35 48 22 57 96 75 6 13 94 5 17 74 81 48 25 24 43 53 47 34 26 35 64 
58 33 40 74 72 91 43 96 60 64 74 37 17 46 80 42 85 35 42 84 67 28 72 88 10 30 34 41 83 49 
46 85 94 9 72 30 86 10 66 81 14 69 64 68 16 73 54 35 73 80 41 10 65 25 2 35 39 96 54 
36 72 94 85 31 91 34 41 88 8 73 27 44 96 68 74 81 42 6 71 56 72 22 72 42 27 63 31 
3 45 55 100 96 23 87 11 5 35 31 86 88 19 8 65 53 84 12 3 1 33 13 87 31 71 59 
93 83 16 55 4 82 13 55 1 51 80 94 56 76 40 7 9 13 33 78 3 93 33 87 89 15 
13 32 93 37 14 58 20 71 90 89 65 78 32 12 2 71 63 94 43 74 56 38 71 61 64 
12 46 84 10 97 22 58 43 3 22 3 28 5 95 70 49 92 74 4 9 56 86 39 51 
91 84 87 50 76 79 66 12 70 41 82 60 82 21 53 42 70 22 43 58 87 44 85 
18 86 92 17 100 39 83 81 20 23 48 94 20 2 53 65 4 91 42 99 14 28 
47 50 34 77 94 70 56 23 70 38 6 3 59 28 40 59 75 2 31 27 42 
57 43 54 70 78 11 65 26 71 77 27 64 48 63 38 61 30 82 39 61 
28 33 92 79 83 56 94 77 85 66 57 36 32 65 90 57 3 100 77 
98 55 13 22 32 6 38 1 75 82 57 50 42 15 97 51 83 7 
29 85 97 25 62 79 73 1 74 96 35 73 92 78 49 79 26 
88 98 59 63 18 57 24 98 83 61 32 33 22 70 54 48 
87 86 37 40 24 60 45 15 71 14 94 69 49 46 94 
55 74 98 82 26 58 9 42 77 87 82 79 94 29 
56 61 25 88 45 14 52 74 70 8 93 66 26 
62 87 34 83 61 39 44 45 24 83 8 5 
6 57 71 8 60 5 63 53 75 15 86 
6 65 31 22 76 80 95 25 35 79 
37 65 15 61 3 93 29 25 16 
20 91 30 70 94 83 70 31 
59 9 89 31 71 66 83 
79 34 7 81 79 66 
40 29 35 59 49 
66 31 42 35 
58 73 29 
90 58 
95 

#i: 5
61 94 88 86 78 74 67 18 47 93 55 12 22 76 35 96 14 38 74 57 1 39 27 40 14 84 76 52 98 61 7 61 79 33 55 39 26 96 74 75 22 79 75 
85 84 19 35 23 61 63 87 86 25 81 93 18 7 70 16 39 79 69 96 7 79 42 79 57 34 42 45 86 73 21 49 22 52 64 13 35 74 73 42 100 26 
65 63 19 65 56 51 51 8 68 100 73 21 97 79 77 43 3 1 3 8 83 30 47 78 83 16 88 91 16 15 80 20 55 29 96 37 15 42 30 53 8 
47 69 12 34 34 50 94 39 41 27 22 10 76 25 22 30 63 20 28 38 46 32 83 7 87 14 72 16 84 3 51 24 31 92 9 68 40 85 14 30 
87 26 32 64 61 93 68 51 94 62 8 64 27 88 22 15 75 74 12 66 52 53 22 24 72 51 69 86 36 89 73 90 13 12 3 12 96 34 90 
98 5 24 83 36 91 37 32 46 2 66 19 86 3 26 42 38 87 91 80 46 68 59 64 83 21 68 16 58 11 62 95 13 58 38 56 76 19 
78 39 67 57 43 78 31 20 86 23 31 50 83 6 42 23 9 53 51 67 13 19 89 8 10 75 99 88 50 79 23 72 26 16 99 99 15 
32 49 73 44 8 4 40 10 59 99 60 3 81 24 91 48 100 36 61 78 68 90 93 22 63 51 43 51 44 75 82 41 22 82 91 38 
70 19 34 5 92 18 10 91 61 12 16 36 10 25 72 41 87 66 2 72 34 49 75 45 26 6 23 36 96 13 64 16 71 60 58 
36 38 87 35 50 30 11 97 50 23 45 100 88 26 20 46 42 97 20 12 69 6 71 52 54 36 70 91 43 77 13 24 51 31 
90 85 85 52 92 64 3 94 5 13 54 13 76 82 7 70 53 78 51 53 73 10 96 60 18 69 2 20 2 53 2 71 13 
23 55 98 64 90 58 53 6 69 88 87 97 96 71 84 13 90 27 15 97 32 53 59 87 68 25 70 60 7 23 70 80 
29 56 59 100 1 10 87 68 42 85 2 18 71 50 35 62 1 62 20 25 80 89 39 54 83 81 89 1 85 37 5 
64 83 21 68 7 99 88 91 35 32 91 5 61 76 80 95 76 98 2 20 97 7 83 4 72 42 67 12 56 43 
12 63 26 95 43 18 31 59 48 35 95 15 11 21 50 37 60 8 91 32 10 39 17 73 94 15 32 71 58 
7 56 41 34 58 79 41 96 27 52 15 29 21 25 49 28 19 32 5 75 10 48 26 92 89 79 5 62 
88 76 71 59 8 79 27 75 40 86 31 46 97 55 18 78 40 33 18 36 45 70 7 64 8 90 29 
82 43 83 25 77 4 18 3 19 49 8 92 63 35 4 12 86 92 82 76 35 23 50 78 36 40 
17 97 91 66 89 1 59 17 9 92 68 64 80 43 66 54 56 96 30 51 16 73 39 73 96 
45 37 100 51 58 42 35 77 5 1 83 73 61 74 17 73 56 43 17 65 49 27 52 88 
99 14 10 12 9 65 34 91 45 10 56 4 41 78 49 82 26 74 62 51 35 88 8 
74 81 72 92 73 26 11 66 65 7 15 79 64 23 55 33 32 32 84 42 23 32 
80 62 27 60 20 73 50 77 32 7 13 45 52 7 47 22 94 10 83 27 95 
71 66 2 41 82 73 68 33 82 38 36 23 73 97 21 41 48 14 67 18 
37 20 76 63 19 89 74 79 72 6 28 1 28 85 15 67 64 82 94 
54 6 68 80 54 18 17 40 5 100 61 1 87 10 31 4 59 4 
93 68 62 88 3 61 50 24 47 67 32 27 34 22 83 49 19 
65 27 98 91 41 85 96 60 47 91 65 88 95 89 49 35 
17 70 3 45 12 66 55 61 95 28 27 5 52 50 44 
54 3 86 2 49 9 84 54 74 33 19 88 34 47 
73 100 3 61 63 58 78 39 95 12 62 74 5 
24 99 64 76 13 63 64 27 65 91 27 96 
94 60 13 92 80 23 44 16 91 58 69 
9 99 66 37 17 8 13 45 57 46 
97 74 49 24 83 42 20 63 50 
96 83 27 17 35 32 4 16 
43 49 10 23 5 62 26 
75 9 85 67 6 42 
77 19 24 49 51 
28 72 86 26 
38 24 59 
29 17 
56 

#i: 6
56 37 93 92 48 100 66 27 57 59 83 54 73 83 91 36 78 72 44 99 1 42 67 43 87 60 39 71 11 61 78 94 27 75 88 90 50 41 21 26 29 84 
75 63 83 10 66 4 85 98 30 97 51 93 32 34 2 44 29 40 32 18 75 61 10 65 87 21 82 1 80 33 12 20 13 68 61 42 24 83 5 82 44 
33 97 7 49 47 92 97 98 20 78 9 48 81 95 53 64 100 77 6 56 13 52 64 72 89 47 39 9 41 50 82 93 51 73 71 94 89 41 80 30 
90 3 48 71 86 25 43 36 35 63 74 20 43 43 22 43 35 78 14 2 43 61 86 61 49 24 50 24 8 54 3 97 88 2 8 98 70 16 88 
42 82 38 2 96 16 31 16 67 90 86 57 11 63 60 30 67 16 30 76 32 69 94 55 20 90 37 62 85 92 80 34 33 18 31 24 40 74 
32 66 98 54 94 48 24 24 3 7 63 69 94 37 38 15 67 100 34 47 97 13 28 11 28 51 84 95 72 35 6 95 54 27 100 23 85 
92 48 32 91 66 15 87 18 86 36 88 57 64 16 76 13 100 39 37 53 45 24 86 30 69 33 35 72 89 89 39 2 48 4 81 26 
4 50 19 59 37 40 85 66 69 51 92 58 15 86 23 73 91 2 62 25 10 85 87 97 90 33 84 36 53 41 51 61 57 89 39 
100 74 5 12 2 98 57 32 62 72 27 83 96 88 44 63 60 32 60 90 50 33 66 68 42 29 95 23 29 83 55 19 39 92 
9 66 56 10 14 70 40 25 90 38 19 61 53 17 60 70 62 37 12 92 56 66 6 76 100 11 93 8 75 41 87 19 98 
9 55 74 85 29 64 35 48 4 83 83 42 90 21 72 49 3 3 25 100 91 2 68 44 26 29 20 56 33 65 63 48 
82 35 55 12 69 94 85 71 20 73 40 5 10 9 46 44 74 29 8 9 76 86 19 38 91 18 72 17 35 51 15 
53 29 50 4 36 4 38 84 86 55 51 38 18 34 86 38 76 15 93 25 43 17 89 69 74 38 62 1 51 84 
60 53 3 96 85 34 74 2 43 4 38 46 36 5 48 32 99 97 88 5 11 8 76 7 93 7 96 23 17 
99 15 27 59 21 61 62 1 28 37 59 66 13 96 45 84 15 71 29 99 48 99 45 24 29 99 76 34 
86 13 28 33 49 53 30 40 1 69 11 68 60 43 24 75 90 99 97 56 33 28 20 76 46 79 23 
80 27 6 23 66 38 93 80 80 85 91 76 62 79 80 50 55 60 67 17 14 55 35 63 91 7 
38 64 38 12 7 23 15 16 2 14 23 1 5 41 51 48 10 34 98 64 77 97 31 74 83 
41 87 47 58 46 11 45 82 52 23 90 7 73 66 5 38 31 59 99 78 12 18 65 7 
26 4 23 10 93 13 21 12 17 60 71 89 100 99 6 35 19 29 1 97 51 72 61 
57 51 25 81 70 39 71 95 28 94 95 23 17 19 47 58 70 23 47 37 30 60 
82 50 25 31 82 65 55 66 95 92 60 52 24 3 91 77 37 93 58 39 58 
31 26 85 38 2 44 95 61 58 43 69 82 14 24 83 16 32 75 50 20 
76 60 23 59 56 58 10 98 57 41 71 24 52 34 18 3 19 82 13 
37 91 13 80 22 51 48 71 74 64 47 48 100 30 38 70 66 51 
15 47 37 44 3 72 24 25 31 90 84 97 96 82 79 34 70 
52 13 62 55 91 53 67 63 79 28 34 34 24 69 57 81 
7 33 28 96 5 97 35 23 73 92 28 47 20 34 3 
29 92 1 28 93 8 71 74 1 18 6 65 80 7 
20 35 4 31 33 44 92 73 95 4 17 34 62 
16 41 52 83 30 86 61 58 31 1 13 71 
1 54 97 12 5 73 86 7 72 22 53 
90 72 21 39 9 83 6 8 26 9 
52 7 43 77 25 17 18 48 72 
8 15 62 72 28 58 81 37 
37 59 8 73 63 20 42 
44 37 78 91 83 37 
66 90 81 40 46 
37 48 34 99 
28 31 61 
57 76 
38 

#i: 7
39 39 27 79 58 27 36 38 22 47 63 12 80 83 98 94 77 51 72 31 24 89 55 19 23 13 82 59 36 33 97 83 34 2 31 72 13 71 21 40 34 
1 7 55 47 13 44 58 58 35 54 52 51 6 40 53 63 94 79 11 39 49 10 84 86 26 58 32 52 31 15 25 99 29 4 96 52 93 93 51 31 
31 62 36 89 36 78 15 24 88 34 26 80 41 69 71 38 93 31 13 80 16 95 33 65 17 7 43 11 94 71 33 89 93 37 66 63 79 5 82 
5 63 9 62 93 24 31 78 88 69 33 36 85 82 84 80 30 93 98 60 63 54 9 93 72 42 67 73 42 93 29 67 63 71 69 57 67 41 
73 65 59 30 11 10 28 5 5 16 74 30 34 12 26 41 41 37 23 60 52 61 65 73 6 5 47 4 41 15 84 46 7 65 83 36 91 
81 88 34 11 10 58 79 65 24 30 36 65 40 78 84 35 23 18 88 97 98 61 21 7 56 20 36 68 16 34 84 89 93 3 15 50 
58 47 61 62 14 56 68 14 89 80 66 89 29 74 34 36 14 62 26 34 13 29 45 7 59 96 48 27 8 30 87 68 30 94 1 
25 99 33 5 57 7 81 43 8 24 5 69 52 69 60 49 29 86 55 34 90 11 70 19 32 59 70 19 57 24 48 60 27 11 
41 82 78 45 81 52 74 27 30 85 71 88 96 26 66 3 19 22 86 81 94 97 35 19 28 41 25 4 55 68 55 15 45 
30 83 88 46 91 10 6 73 19 60 79 62 78 22 52 86 33 41 29 2 24 75 34 96 10 41 57 1 93 19 81 26 
43 52 63 15 59 79 78 33 53 80 36 77 58 22 16 37 60 78 14 28 25 96 29 86 83 8 46 44 91 16 11 
56 98 64 14 26 99 2 55 64 47 38 54 21 84 88 55 28 48 8 28 96 54 23 40 44 48 7 79 36 35 
28 89 76 91 6 74 3 53 48 40 10 18 31 73 13 84 83 92 99 53 90 46 49 24 12 53 45 9 83 
28 42 52 1 16 74 13 32 72 5 43 29 99 84 73 44 83 56 66 84 30 12 51 14 76 99 96 76 
91 79 44 25 54 45 85 34 52 89 12 30 24 43 37 52 6 19 28 86 54 61 54 14 91 30 99 
48 99 85 8 20 86 68 18 7 9 29 90 20 4 59 69 85 2 66 80 40 15 77 3 11 93 
20 70 82 62 36 57 74 91 49 17 39 76 21 17 94 69 12 74 72 50 67 60 28 73 8 
25 83 62 24 54 92 1 16 44 6 63 85 39 58 55 89 12 7 19 14 34 97 68 46 
27 96 43 44 49 49 61 76 35 78 100 47 97 11 13 56 36 92 6 85 60 63 97 
32 34 48 100 6 62 64 35 43 71 99 63 86 81 52 24 98 54 55 83 63 72 
90 65 3 98 7 58 27 5 33 87 60 91 87 19 51 96 50 80 52 71 39 
84 98 25 96 42 77 52 39 89 22 99 45 6 99 66 64 29 54 13 34 
85 37 89 4 23 90 1 14 68 27 1 18 92 34 75 92 38 69 71 
44 34 27 59 16 44 53 99 38 51 47 20 46 25 97 23 80 34 
95 69 98 25 23 25 35 79 89 85 18 31 80 43 32 46 42 
82 88 29 59 20 63 44 53 56 99 39 65 35 78 70 22 
33 97 22 78 55 72 81 85 96 2 67 20 80 80 80 
25 68 93 97 97 58 81 98 4 23 4 19 62 36 
100 97 21 43 46 97 31 60 82 21 48 50 67 
77 90 40 4 5 99 65 97 44 68 43 34 
14 45 18 21 11 78 9 15 21 77 42 
28 75 77 75 81 45 97 73 81 59 
34 72 76 17 57 50 13 19 59 
4 37 79 64 34 35 21 77 
21 90 54 48 59 57 62 
60 17 51 33 58 85 
72 21 84 51 4 
23 46 85 36 
57 17 54 
18 75 
24 

#i: 8
62 18 39 94 1 20 62 80 23 76 95 86 27 5 46 60 41 42 35 84 51 25 82 44 53 10 36 3 59 71 76 81 95 17 74 81 50 22 48 14 
74 22 3 25 32 87 47 73 96 90 45 65 11 54 76 31 89 9 65 14 10 21 25 48 29 27 61 71 58 24 23 87 16 97 22 28 87 38 4 
88 24 96 34 15 10 8 29 84 90 68 3 88 80 88 64 45 88 13 89 76 73 90 93 41 48 21 43 82 94 64 27 76 83 94 94 36 16 
18 58 33 14 78 56 65 74 65 75 81 35 18 28 76 42 11 44 60 63 92 59 99 40 53 15 56 28 28 54 8 27 56 1 83 39 16 
97 82 87 7 64 22 58 86 76 54 90 66 61 100 11 70 70 59 2 60 17 47 68 10 58 62 98 82 78 76 47 40 93 45 77 30 
76 8 28 3 85 37 7 96 74 50 94 44 14 90 68 39 47 42 1 72 95 82 13 46 58 1 75 52 44 98 49 71 56 17 51 
18 78 81 37 30 14 37 1 67 43 4 90 67 68 38 16 60 26 42 98 88 22 62 73 6 25 23 82 25 95 89 36 70 96 
37 56 55 58 77 58 39 72 78 10 93 59 31 82 13 41 54 44 83 10 25 88 95 51 96 41 24 78 65 18 42 54 49 
39 96 99 42 67 54 66 99 93 83 66 64 62 24 85 90 79 78 34 73 98 27 81 24 36 27 89 22 56 20 98 13 
99 20 94 61 32 92 37 6 62 52 42 89 60 64 24 10 79 95 86 62 39 85 59 9 27 21 34 72 62 53 81 
2 34 55 22 39 7 23 30 31 70 64 21 9 36 82 18 67 55 51 61 5 99 24 45 39 89 59 46 30 25 
43 14 54 98 34 28 29 1 77 50 61 5 75 73 38 56 44 84 90 60 82 21 67 71 86 87 33 11 89 
80 31 75 57 92 39 11 74 60 38 72 15 19 6 43 1 26 1 74 42 59 87 24 61 55 22 35 29 
8 86 24 3 19 53 55 84 100 1 47 39 38 40 85 25 23 31 33 48 96 1 3 90 46 100 67 
2 11 43 13 15 58 46 66 4 21 35 69 92 19 48 67 98 80 99 79 43 45 66 78 49 44 
11 9 98 15 33 39 45 25 3 11 67 84 71 5 1 67 24 21 59 60 1 88 29 72 78 
82 9 75 47 1 94 94 11 90 61 30 69 44 32 29 54 49 3 56 30 31 38 37 81 
68 20 91 82 28 1 12 82 29 31 54 32 2 46 100 84 45 71 52 69 40 36 77 
18 88 82 72 91 22 3 38 11 71 9 95 38 52 90 16 40 98 57 45 13 44 
93 29 95 73 36 92 92 72 45 16 10 23 3 35 40 39 60 10 6 1 51 
97 42 20 29 6 48 36 82 71 16 97 5 95 1 17 80 16 7 4 81 
77 33 23 5 25 80 32 85 29 82 68 13 31 10 28 96 66 97 71 
47 15 97 47 91 76 50 99 47 44 93 22 30 14 25 54 24 81 
16 15 38 21 28 83 57 42 18 33 76 42 50 64 44 62 72 
61 88 48 81 54 13 60 12 33 13 82 51 34 7 2 2 
19 52 33 51 99 5 33 51 99 90 77 85 54 32 27 
25 18 47 15 43 33 19 96 30 65 60 87 75 44 
42 61 64 27 97 87 38 39 84 6 25 8 23 
50 87 21 5 41 32 25 98 86 93 77 56 
66 79 63 82 68 92 44 17 14 67 22 
66 15 98 98 27 89 53 79 53 38 
40 30 8 26 82 73 6 15 1 
75 24 6 84 97 69 72 2 
92 41 2 18 15 34 5 
81 24 26 51 17 81 
74 83 31 16 82 
62 28 67 95 
58 32 5 
35 63 
34 

#i: 9
48 72 87 51 90 73 61 31 46 49 20 35 56 70 5 71 2 16 16 28 8 84 65 52 59 25 13 38 3 63 84 15 33 53 96 41 17 15 45 
79 70 80 14 39 72 93 54 4 98 16 80 89 4 89 44 60 70 27 35 77 68 86 13 96 2 55 34 93 75 8 84 18 76 16 42 23 18 
81 9 31 20 52 42 79 70 72 65 4 27 28 15 55 66 82 85 76 35 42 22 67 31 26 82 55 97 79 77 25 42 20 74 96 96 25 
34 42 13 23 37 25 100 4 93 14 73 42 28 35 5 94 15 32 45 46 58 74 89 100 15 44 15 89 2 18 66 99 23 90 32 95 
7 16 29 13 21 1 89 1 36 10 4 91 39 89 46 5 30 86 12 90 6 53 31 10 37 86 6 83 53 6 75 100 8 28 36 
90 51 40 14 63 86 40 30 14 76 55 29 100 36 38 60 76 2 57 12 27 51 6 20 83 100 13 7 41 40 100 61 89 27 
21 75 80 59 81 66 14 1 11 88 17 64 84 27 43 3 62 70 67 66 49 17 3 93 8 83 50 15 11 11 26 86 87 
98 29 54 90 85 44 39 65 59 21 52 70 47 36 74 16 6 96 12 66 59 33 75 5 80 68 43 60 60 96 19 99 
27 28 24 85 72 77 57 2 100 88 66 26 45 32 23 56 55 14 36 81 83 11 58 74 15 6 24 59 53 84 84 
60 76 64 89 87 69 13 44 78 28 46 99 1 61 7 35 12 60 74 97 97 31 88 47 93 13 86 14 61 86 
1 17 96 26 74 38 86 84 63 9 18 37 10 8 47 82 22 44 69 55 79 45 57 71 4 32 90 70 88 
44 33 45 37 89 44 100 41 8 92 37 76 58 100 31 2 85 68 41 83 42 88 66 99 71 98 23 33 
34 24 85 37 58 82 88 51 4 44 51 70 51 64 67 83 21 48 94 82 19 99 41 90 97 60 76 
10 19 41 84 64 3 69 37 83 8 42 29 57 49 18 16 61 98 52 65 86 4 27 68 65 22 
28 55 47 71 42 76 68 11 16 35 65 12 94 74 97 9 23 70 63 72 83 87 83 76 96 
90 52 96 26 85 52 14 42 29 94 4 92 97 43 97 62 66 75 38 36 37 11 96 82 
35 81 63 10 63 84 86 11 33 50 11 85 54 39 96 77 27 97 76 70 98 38 62 
12 65 2 88 29 66 51 97 13 27 11 8 23 22 64 54 26 54 65 21 74 31 
5 87 98 97 11 66 32 70 43 73 33 91 86 54 5 74 95 93 52 95 67 
10 78 49 7 38 13 54 10 69 57 42 6 60 19 38 56 11 53 61 1 
20 41 22 71 34 59 82 1 46 2 9 3 46 89 36 91 71 63 42 
33 1 55 25 39 67 12 43 41 82 2 16 18 82 9 49 60 94 
51 26 33 95 39 85 17 54 98 33 41 18 34 8 1 84 84 
24 7 52 57 72 44 67 77 39 80 54 36 45 71 21 41 
42 20 13 99 65 46 3 70 71 15 98 26 66 6 31 
22 9 27 47 56 93 10 22 10 31 36 72 98 85 
50 19 29 21 42 61 31 84 78 3 6 6 26 
99 10 79 62 21 98 31 10 33 96 72 27 
53 77 21 98 56 2 92 1 47 30 35 
18 69 74 85 24 26 37 36 100 10 
11 86 61 70 59 33 69 60 21 
60 66 33 19 37 85 79 80 
47 1 38 18 27 79 26 
61 15 91 49 91 51 
39 63 67 47 71 
46 58 97 31 
59 28 19 
9 74 
41 

#i: 10
91 44 10 65 19 58 24 49 34 6 15 46 19 17 32 76 57 61 16 73 23 42 92 94 34 75 5 25 10 14 40 46 10 61 3 45 15 47 
90 27 51 77 36 45 37 74 35 68 49 70 56 53 37 40 18 35 57 58 96 69 48 12 54 60 57 29 96 26 2 76 47 66 4 74 21 
29 60 27 11 24 64 22 43 30 75 4 94 10 76 98 79 24 97 31 50 42 78 44 38 85 23 53 89 34 36 48 5 78 57 47 64 
54 88 19 63 49 52 50 24 80 18 57 38 39 27 21 59 30 43 9 94 34 46 32 68 2 48 42 1 49 34 12 52 10 60 45 
100 99 35 66 11 63 84 85 21 94 63 99 61 17 93 33 97 37 15 77 93 73 93 19 57 87 95 5 82 38 92 19 29 91 
23 56 43 13 97 95 84 85 58 39 72 94 57 39 26 9 80 58 73 69 1 35 26 12 3 61 70 74 80 36 30 42 83 
58 25 28 22 49 26 39 63 96 51 4 48 78 94 38 12 88 37 51 52 26 35 14 19 100 18 7 1 84 85 99 98 
18 87 52 29 38 19 78 24 27 25 67 68 91 21 51 50 16 54 98 60 51 34 42 28 68 51 8 27 86 18 75 
73 10 80 83 45 13 97 96 15 85 36 35 4 49 91 48 43 4 76 94 17 86 67 47 4 54 76 20 4 13 
77 29 2 64 66 8 83 95 77 45 81 74 26 32 30 80 36 57 60 26 15 99 40 80 75 50 14 31 88 
90 58 16 29 38 14 84 80 26 36 59 14 50 92 33 40 50 54 49 34 1 97 56 22 1 36 15 24 
49 52 22 99 14 96 65 62 53 67 24 21 9 40 68 46 44 82 91 10 72 24 58 97 65 62 62 
46 37 31 16 5 50 24 6 19 52 61 1 65 75 34 40 72 72 82 69 57 78 91 34 46 59 
30 74 47 45 25 70 13 58 93 14 48 30 2 60 68 83 2 96 43 34 32 80 8 22 48 
36 60 97 41 29 99 53 36 20 68 16 29 31 2 91 44 48 19 93 3 60 73 42 95 
45 13 72 11 77 33 33 38 55 76 8 82 92 25 36 68 43 96 30 84 83 65 15 
38 48 100 51 5 34 16 74 33 66 26 11 24 98 39 18 15 66 49 64 99 40 
32 50 34 75 57 92 69 41 70 44 48 67 73 77 48 11 48 100 2 28 40 
40 94 44 76 100 90 99 78 4 55 80 84 71 76 73 59 42 28 95 88 
21 94 24 47 8 42 67 24 35 65 83 17 9 5 95 85 38 8 11 
45 32 27 64 91 79 36 43 34 34 15 96 20 92 99 49 45 75 
40 96 37 34 97 80 31 12 59 48 46 100 73 27 8 12 45 
65 33 49 62 57 63 20 71 32 92 38 21 22 69 16 89 
47 81 56 72 51 43 96 23 73 17 83 92 7 91 72 
95 91 82 57 62 56 78 4 88 28 2 18 4 7 
75 47 47 90 74 94 22 64 95 71 79 45 61 
46 13 73 92 27 65 40 56 60 33 65 52 
7 59 92 85 14 47 30 60 55 70 15 
48 12 3 6 41 84 55 89 25 62 
43 96 57 68 99 11 1 39 16 
96 25 79 87 20 42 4 59 
89 89 45 42 85 77 18 
65 39 32 20 28 67 
75 32 62 33 68 
76 36 30 57 
72 56 2 
100 15 
2 

#i: 11
18 22 79 66 39 22 7 98 88 78 61 64 15 98 37 85 60 52 32 17 77 78 7 82 48 91 56 37 9 27 2 14 35 78 41 19 40 
60 26 57 82 100 92 8 96 78 92 83 96 21 80 92 4 96 54 44 71 54 48 67 3 49 73 60 50 32 68 22 45 46 91 60 37 
46 68 90 5 79 64 66 3 94 97 23 82 94 47 75 21 34 68 73 86 36 98 24 88 42 78 2 51 67 17 58 49 57 8 82 
92 36 51 79 38 77 45 15 88 79 81 82 23 95 63 77 23 16 92 17 28 5 80 25 90 72 14 41 7 1 65 5 38 4 
42 95 70 57 36 9 91 33 93 87 17 44 47 28 40 76 24 38 72 4 80 63 71 14 92 73 74 38 49 43 39 55 9 
17 50 74 60 8 27 40 48 26 93 59 45 19 38 48 38 23 96 49 63 11 15 19 64 52 45 13 65 28 64 65 87 
82 58 57 65 97 57 39 90 34 7 49 46 30 18 84 99 27 27 24 14 19 32 85 87 66 36 70 6 18 20 51 
97 25 55 8 90 28 60 16 77 20 91 14 95 47 15 24 98 18 71 19 20 26 64 34 69 5 51 100 51 30 
65 45 58 27 48 90 2 22 13 64 85 29 57 97 22 8 85 18 5 49 7 27 47 14 49 53 22 75 28 
4 18 61 9 80 98 2 40 100 71 9 6 84 70 26 74 32 17 53 68 28 47 40 33 75 59 20 58 
9 41 10 6 44 72 86 75 72 91 8 35 38 78 21 94 12 76 86 58 60 60 29 82 87 52 39 
54 17 85 36 83 47 18 17 30 66 21 59 21 77 64 100 79 54 24 94 65 41 28 79 54 63 
40 93 35 65 48 58 15 59 26 75 92 87 52 4 46 66 59 28 36 28 47 100 86 14 10 
94 80 17 42 60 49 50 77 78 50 26 23 18 70 29 78 4 4 73 27 21 11 9 18 
25 59 1 47 17 48 37 95 78 57 52 73 58 90 98 58 86 97 68 41 48 71 55 
61 42 68 18 29 72 41 22 31 5 35 80 81 93 36 15 7 65 71 30 24 76 
81 44 50 19 27 23 66 75 8 77 15 98 12 85 50 30 61 95 51 49 42 
5 1 49 67 27 81 46 81 41 18 34 58 58 29 33 93 46 12 13 11 
25 87 85 11 30 85 36 72 36 14 80 42 70 32 61 30 25 83 64 
91 83 45 18 19 43 50 94 56 100 89 89 13 67 49 60 66 29 
42 91 70 13 35 50 37 91 60 40 73 55 11 81 83 53 75 
100 93 28 26 32 14 3 70 91 34 95 60 70 100 92 21 
1 78 43 59 11 81 70 32 44 83 85 66 1 40 98 
9 81 97 96 10 7 65 42 46 79 95 29 73 57 
10 25 15 86 85 85 42 99 92 40 22 55 12 
29 33 66 75 67 18 8 11 6 70 86 96 
78 98 9 40 29 36 68 54 37 50 50 
64 83 36 76 55 66 21 8 43 29 
20 32 89 51 79 1 77 32 39 
30 16 38 67 84 6 92 1 
63 91 15 39 94 13 96 
32 84 76 1 21 16 
42 16 19 39 28 
96 82 29 70 
47 61 11 
94 57 
95 

#i: 12
18 76 11 53 36 34 75 37 90 45 96 56 79 61 96 43 69 95 59 20 12 55 44 66 7 79 18 13 58 50 90 12 77 67 13 75 
54 89 28 25 19 50 23 74 81 79 34 93 68 59 75 12 88 88 65 74 90 81 77 11 32 67 66 68 68 4 81 63 11 19 87 
44 32 23 26 2 80 53 39 33 67 94 2 14 48 68 61 23 7 44 64 75 77 61 61 93 44 75 40 25 69 56 70 28 13 
7 44 79 24 63 96 73 99 15 49 38 85 27 7 93 70 85 10 92 47 69 67 48 64 19 51 62 42 71 23 35 75 6 
41 62 36 54 65 75 47 83 23 83 97 90 91 93 64 8 13 84 8 79 72 53 55 28 52 64 60 29 57 63 95 47 
93 37 35 12 33 20 9 62 58 10 79 42 46 80 65 46 23 98 34 7 86 58 76 31 13 55 77 78 47 97 53 
14 86 63 58 6 97 42 29 97 72 70 6 35 28 97 69 76 80 13 68 31 10 7 42 8 88 50 45 91 74 
72 49 46 79 50 18 71 94 92 14 79 96 99 35 50 74 18 71 29 5 13 31 39 26 56 5 14 85 32 
14 75 14 20 61 30 39 48 20 39 72 87 81 36 3 67 38 53 60 42 56 36 71 72 52 47 18 12 
42 25 21 78 21 13 89 18 19 4 10 19 11 40 52 5 2 48 55 74 69 34 22 65 100 83 96 
27 70 24 56 36 47 71 36 66 41 57 46 70 2 18 78 42 62 95 49 72 90 13 7 4 17 
78 94 94 5 31 84 54 17 1 11 36 97 46 41 26 15 63 51 13 73 12 76 68 49 15 
6 24 81 37 25 15 54 84 6 59 1 79 71 95 16 4 37 70 28 6 92 56 55 55 
33 27 64 29 2 43 61 26 60 84 34 96 50 6 8 89 35 25 35 33 82 66 77 
16 6 53 22 85 35 36 90 19 63 94 38 42 30 44 57 85 3 31 19 21 53 
72 69 89 96 65 56 2 61 2 87 56 61 47 39 26 25 45 45 38 21 99 
1 90 68 14 91 14 32 15 10 88 75 3 68 56 89 61 69 46 96 74 
13 24 70 19 66 10 19 86 23 85 22 31 65 70 59 49 79 47 43 
32 72 10 5 86 2 26 18 65 41 38 83 30 13 8 65 94 92 
65 4 59 52 16 18 62 30 37 9 61 48 9 63 76 71 43 
70 44 43 23 5 30 63 30 75 59 83 6 40 97 70 20 
1 96 5 78 32 4 73 9 63 77 28 16 11 58 19 
18 57 38 60 62 45 97 23 40 37 99 89 34 72 
70 70 50 84 43 98 75 10 3 20 23 88 81 
73 17 69 61 6 81 36 85 100 72 54 15 
79 29 69 25 7 67 68 100 17 13 94 
87 22 92 55 17 50 96 40 16 60 
53 9 19 72 66 10 69 40 12 
33 74 72 40 21 83 19 83 
33 17 34 36 65 52 87 
79 72 63 81 84 33 
70 16 3 40 32 
66 70 24 21 
6 79 19 
88 95 
9 

#i: 13
11 6 74 41 10 84 40 35 70 49 79 10 85 40 92 72 68 4 61 65 6 14 10 85 95 49 70 71 26 96 54 43 80 50 76 
29 7 57 10 55 46 96 13 45 44 20 41 100 84 53 44 87 71 88 66 14 24 54 93 99 35 68 46 100 50 23 88 49 4 
30 96 18 37 5 78 89 80 27 62 27 87 42 26 11 94 17 10 70 49 61 39 35 95 41 67 97 8 14 82 41 63 43 
32 64 91 73 98 99 88 3 21 21 87 30 76 61 28 52 6 6 19 85 88 98 57 65 28 10 91 68 79 61 86 74 
26 30 10 75 51 25 51 59 34 28 40 5 92 54 73 93 32 2 10 13 48 83 95 81 26 89 12 66 80 14 3 
88 78 25 68 5 54 38 57 93 39 47 20 50 51 40 15 35 13 60 99 16 55 94 44 46 99 45 21 60 11 
81 41 89 15 47 20 3 32 14 98 39 51 13 67 7 4 94 37 40 12 52 1 26 92 100 54 13 74 76 
74 50 8 79 69 42 16 98 30 50 55 53 37 98 76 66 31 69 70 20 14 46 26 75 7 55 82 93 
62 93 9 82 60 8 16 11 75 14 36 20 37 6 74 54 18 29 15 27 20 65 25 11 72 41 6 
98 69 89 92 31 21 80 26 92 79 62 78 62 53 57 40 95 71 40 49 79 32 73 19 56 90 
9 61 65 39 28 61 35 79 53 47 49 58 84 19 62 82 53 34 33 2 69 52 81 98 68 
26 33 83 83 66 50 90 20 58 89 30 52 76 29 14 38 70 74 97 97 69 70 97 18 
74 94 49 42 33 32 36 67 52 62 70 62 46 68 78 59 35 69 45 70 28 36 66 
15 31 25 26 58 52 47 52 22 2 18 58 41 20 9 39 70 71 48 96 80 54 
59 96 6 75 76 79 91 85 7 32 22 55 5 64 62 68 9 25 13 89 23 
84 41 45 78 78 87 54 24 4 3 94 15 28 87 58 60 60 24 90 24 
77 7 16 42 8 69 46 51 69 17 12 6 73 15 33 41 25 74 36 
100 19 56 19 53 2 59 56 5 22 4 81 87 56 11 2 17 5 
37 95 77 87 81 91 55 79 53 36 49 96 36 44 45 50 76 
19 84 44 2 65 57 34 61 70 52 53 40 51 74 23 81 
36 60 46 35 85 3 69 2 13 64 45 37 13 1 65 
41 72 82 14 25 78 10 78 1 33 38 39 51 6 
85 36 36 49 56 42 40 45 75 14 8 58 10 
26 84 47 67 15 40 90 9 53 2 38 11 
30 94 81 52 70 53 2 47 84 4 21 
46 70 66 20 35 61 30 77 14 97 
75 95 10 49 29 14 8 50 64 
32 54 99 75 52 74 49 80 
32 18 37 65 27 59 66 
35 1 41 61 50 100 
65 50 99 10 66 
77 47 55 40 
52 72 69 
10 77 
22 

#i: 14
24 49 62 39 31 14 89 65 60 98 5 98 65 74 33 35 73 84 97 21 73 35 20 7 58 55 37 21 52 20 4 4 64 5 
70 86 21 16 71 36 100 42 41 96 98 85 27 99 69 42 39 95 83 100 47 51 78 88 96 53 4 62 70 49 64 21 79 
100 57 89 81 84 57 10 14 31 100 93 21 87 7 38 84 24 17 67 57 25 1 14 27 76 39 41 60 17 5 86 42 
94 7 94 15 72 29 81 35 51 2 1 47 17 41 35 97 12 20 33 35 39 53 69 48 20 83 8 12 45 67 63 
56 25 60 18 40 62 23 96 96 6 76 54 84 14 65 6 95 74 50 87 15 93 24 49 6 33 62 84 22 86 
83 91 89 35 7 10 61 70 29 91 19 47 15 70 33 98 74 86 97 8 99 73 64 68 18 29 9 50 29 
70 79 87 42 65 71 67 91 30 37 13 90 83 24 93 25 94 21 3 22 52 40 32 17 56 41 30 73 
94 96 84 92 27 81 99 25 11 51 88 37 19 8 33 52 35 20 22 76 89 16 68 89 13 52 63 
25 25 1 40 38 14 45 22 10 77 97 66 79 74 68 84 12 49 7 78 97 55 38 50 1 49 
71 54 84 1 71 60 88 65 92 74 44 74 24 58 42 78 44 79 86 44 63 83 77 31 62 
96 67 78 30 54 5 97 41 80 24 88 1 80 74 52 42 32 66 22 37 81 36 74 91 
62 91 34 37 20 91 57 30 7 82 32 99 98 34 96 56 55 100 3 21 32 26 89 
41 28 87 11 1 30 23 58 35 45 10 40 20 67 70 69 27 47 100 69 62 86 
36 36 79 79 60 15 58 23 5 77 56 8 61 59 51 92 48 49 29 46 93 
99 43 57 74 52 81 92 2 51 25 44 21 17 55 72 78 61 90 86 5 
41 84 88 36 39 21 10 90 79 61 46 100 89 36 12 16 9 69 38 
16 48 85 6 90 31 54 34 34 66 24 57 69 25 38 27 88 1 
49 36 50 91 71 62 7 36 80 25 45 32 71 43 29 22 40 
79 87 99 54 68 35 25 94 5 31 50 12 2 68 84 33 
55 64 42 60 22 10 14 79 68 51 71 80 99 71 20 
20 76 27 94 53 96 67 79 60 40 67 3 92 40 
52 36 5 94 57 63 37 22 74 11 91 49 84 
44 59 82 25 41 88 3 73 2 58 29 72 
22 57 64 13 55 65 22 56 50 97 89 
53 51 46 10 7 60 48 1 100 61 
22 91 79 11 42 71 56 52 9 
20 1 61 94 13 7 68 63 
51 55 53 73 23 34 70 
39 49 78 78 18 7 
71 100 61 82 42 
9 91 87 8 
87 26 86 
12 81 
41 

#i: 15
77 16 73 53 52 62 23 64 19 50 78 82 23 55 19 24 60 9 48 7 38 58 98 12 88 33 88 5 72 58 74 98 74 
20 58 90 56 10 99 43 90 95 99 73 9 49 40 56 46 35 9 33 75 30 4 97 56 68 67 36 25 27 53 64 11 
32 28 47 89 31 70 81 77 9 80 37 43 55 68 6 59 55 85 46 25 77 47 83 29 68 27 76 34 64 90 49 
27 94 46 79 48 85 2 97 96 52 50 13 48 4 81 92 42 26 41 73 37 26 97 98 95 77 93 48 85 18 
93 79 75 43 4 14 92 51 27 63 93 34 58 95 98 32 26 2 38 83 29 98 2 15 87 66 99 45 97 
97 65 59 21 63 48 58 13 89 13 53 1 14 82 34 55 71 12 52 47 43 21 43 78 92 5 92 77 
23 17 12 87 18 71 7 26 76 18 8 68 18 49 67 7 53 22 30 81 89 81 23 49 18 87 62 
65 67 17 36 81 3 52 67 72 6 77 29 7 67 73 86 33 41 45 15 58 57 91 52 11 96 
81 80 94 59 29 40 22 35 54 74 61 85 65 100 59 4 33 96 88 95 12 45 2 47 38 
38 7 10 44 57 94 94 70 77 46 36 25 87 17 83 87 65 14 23 22 92 62 63 20 
84 27 24 93 96 8 30 5 88 86 56 44 3 49 40 11 11 79 12 90 20 68 43 
96 18 32 71 36 98 26 100 62 23 28 46 22 58 96 49 48 32 68 13 1 53 
83 11 62 51 75 62 18 94 15 55 55 45 93 30 35 86 74 93 3 86 39 
63 4 45 96 99 91 71 6 17 32 53 73 78 85 92 51 95 50 93 16 
3 26 78 80 40 74 47 20 77 38 69 91 29 66 7 36 47 3 65 
34 17 50 41 35 83 65 33 42 36 10 76 19 2 5 92 84 76 
11 33 9 30 33 67 11 28 74 75 33 20 88 75 64 16 59 
11 15 22 11 63 100 37 10 72 63 82 17 69 81 49 1 
55 16 51 54 100 2 99 26 53 41 15 36 27 23 98 
7 17 19 68 4 91 26 80 5 83 78 91 89 56 
37 2 33 80 3 100 74 93 84 39 40 90 89 
19 91 21 86 23 84 11 43 20 75 82 23 
18 54 47 87 52 26 50 21 7 76 13 
97 93 32 91 48 25 46 96 45 41 
45 64 11 11 93 96 63 41 77 
53 26 58 88 100 71 66 98 
73 2 75 32 91 72 51 
71 62 7 19 5 88 
33 20 62 91 64 
55 22 63 68 
28 28 16 
59 27 
58 

#i: 16
54 38 17 94 58 15 52 30 70 13 69 76 19 96 3 85 38 80 98 94 30 62 25 18 52 21 64 47 21 100 12 64 
71 99 43 35 68 19 55 1 38 100 44 46 67 96 90 51 57 64 23 46 44 17 62 26 33 30 97 34 41 66 36 
76 50 54 7 50 83 93 29 41 89 100 51 11 24 63 95 12 17 79 41 75 31 56 21 66 14 12 22 75 52 
84 22 72 38 80 99 40 52 81 63 48 85 42 6 85 93 27 9 76 30 77 88 78 81 98 86 54 17 75 
31 40 83 70 61 60 87 61 28 39 56 70 55 60 8 83 24 67 28 56 79 20 21 68 8 11 56 28 
19 36 83 70 17 76 36 21 20 90 60 39 29 14 75 95 31 86 3 83 72 53 54 58 44 84 54 
31 66 1 30 16 6 66 31 91 23 36 76 38 95 86 32 8 22 72 73 58 20 11 46 56 100 
91 39 95 4 46 62 34 48 35 19 21 77 37 8 77 27 92 74 56 7 48 93 70 72 50 
46 75 54 18 46 32 94 49 70 40 80 91 44 42 26 67 94 63 24 93 68 14 55 61 
94 31 98 27 55 4 38 2 49 25 96 79 39 30 57 56 89 35 13 83 17 27 85 
81 93 99 73 83 13 33 77 26 3 78 26 43 20 55 94 24 95 35 99 22 20 
13 94 74 46 97 39 76 41 13 99 100 59 13 32 47 13 42 60 60 97 67 
44 38 44 10 86 31 100 8 81 27 74 54 50 50 78 38 36 65 61 50 
33 78 85 57 94 44 87 31 13 85 66 42 67 84 73 46 8 91 21 
96 56 76 5 16 1 3 37 84 52 70 27 10 90 9 88 43 98 
16 32 62 56 81 84 82 90 30 38 5 48 68 66 14 14 85 
25 71 43 18 54 63 50 56 20 67 87 73 29 25 74 79 
95 80 76 93 23 32 68 3 3 9 34 12 19 75 76 
30 8 55 99 62 22 56 31 29 65 46 61 37 69 
70 60 92 45 65 37 33 22 7 47 39 72 51 
20 20 88 39 30 10 36 83 12 94 28 21 
40 24 28 51 30 49 56 37 85 72 48 
65 16 12 67 7 16 67 2 10 70 
70 61 19 58 16 5 61 67 86 
83 45 92 72 36 67 66 38 
9 46 12 19 2 87 6 
70 15 12 66 98 92 
97 81 55 42 81 
1 49 70 70 
97 53 33 
68 73 
92 

#i: 17
89 77 39 74 67 35 77 21 3 26 90 73 70 40 84 71 82 23 29 3 33 34 47 46 16 11 36 38 9 82 77 
71 38 75 45 32 52 13 37 93 92 25 24 61 95 90 91 73 72 88 52 100 4 67 91 52 34 9 29 94 16 
56 8 41 57 76 72 3 17 20 23 22 15 86 82 73 86 94 52 54 46 64 26 97 5 25 54 21 23 23 
53 10 60 69 46 67 11 91 24 44 41 3 6 37 99 7 99 82 69 39 100 90 40 79 15 63 42 19 
80 16 69 28 54 80 90 96 20 11 66 51 82 51 34 6 89 42 72 11 82 68 6 24 85 36 23 
14 54 33 32 33 97 55 8 89 74 78 33 90 38 4 61 28 30 76 98 18 8 48 48 84 76 
32 22 100 55 68 25 85 6 76 19 78 30 15 8 27 31 32 22 64 26 91 51 50 89 72 
23 93 83 83 59 79 46 24 18 11 83 89 64 43 18 26 69 47 18 38 56 4 12 20 
14 67 45 9 53 61 7 94 47 8 66 69 83 34 89 58 82 90 37 20 30 57 69 
96 29 69 61 9 27 65 67 38 98 24 21 9 72 14 59 28 31 88 52 19 43 
5 68 33 8 84 53 48 70 46 62 9 27 60 54 8 24 32 4 54 64 83 
34 63 17 71 12 7 62 71 50 88 98 4 56 98 23 59 56 6 96 47 
55 12 47 11 14 59 69 26 12 49 12 22 92 96 66 24 2 84 56 
8 61 19 19 92 45 18 35 88 70 99 44 24 48 37 91 80 28 
79 79 83 87 85 69 100 35 61 50 73 8 67 22 1 15 73 
47 38 93 33 24 19 25 2 93 91 59 79 41 20 81 4 
100 39 71 24 17 10 24 95 60 19 39 83 78 27 51 
99 95 6 77 18 98 12 69 59 60 7 38 84 33 
50 94 60 81 21 36 22 73 55 15 61 1 31 
74 65 16 68 4 83 53 29 93 40 30 63 
65 95 48 84 2 65 96 50 77 81 69 
63 53 97 37 28 24 20 14 6 53 
63 84 78 63 1 65 78 73 89 
73 67 80 21 52 60 89 42 
44 64 22 93 77 58 56 
40 48 28 69 89 79 
67 42 11 31 56 
73 32 58 39 
13 42 2 
1 52 
56 

#i: 18
97 84 36 50 95 16 29 87 17 17 93 92 40 5 55 15 2 81 86 75 17 64 69 10 18 60 67 74 66 60 
43 64 27 63 71 73 35 70 1 28 91 65 83 31 24 17 63 81 81 50 23 20 25 18 64 25 61 73 30 
73 32 75 8 61 88 93 89 55 7 95 63 43 18 33 63 27 63 77 27 44 50 68 99 46 27 33 37 
69 81 18 100 54 85 15 91 27 41 63 44 1 3 46 33 85 62 84 10 20 31 91 25 73 39 62 
34 65 49 57 54 89 75 26 100 21 5 46 22 39 68 6 75 12 74 57 86 86 57 2 63 68 
92 37 19 18 89 6 24 20 22 40 52 48 23 97 47 58 32 44 12 3 93 24 79 66 58 
53 19 68 75 51 73 45 26 2 18 67 81 74 95 88 51 44 56 87 2 64 33 43 97 
89 69 14 69 72 7 94 42 93 90 64 54 98 41 25 27 20 36 90 5 32 28 72 
6 12 26 42 19 32 51 84 44 95 84 84 3 19 85 28 92 4 85 14 14 17 
27 83 69 30 14 13 9 61 6 72 38 60 1 95 76 1 35 90 22 39 41 
98 99 27 63 30 17 85 69 79 42 69 58 18 64 80 97 98 26 85 78 
95 99 34 38 83 68 85 50 69 78 100 54 87 62 60 30 46 51 46 
52 79 31 38 85 95 100 46 87 88 51 53 8 53 48 24 55 29 
61 83 62 35 63 6 13 95 67 75 91 59 18 93 49 21 86 
2 13 55 24 100 73 35 98 11 10 96 78 36 7 65 91 
65 8 89 20 31 23 63 86 84 37 26 56 92 39 49 
91 37 46 81 11 82 85 55 73 49 10 25 78 20 
86 10 65 85 47 48 39 41 70 83 5 35 31 
20 99 42 47 15 51 28 66 94 82 56 8 
42 39 87 14 59 28 31 89 2 87 31 
92 33 64 53 96 25 54 53 6 52 
19 81 26 22 69 72 99 4 52 
74 96 20 8 62 41 79 23 
38 99 42 99 88 27 55 
62 65 80 51 81 37 
15 4 33 32 50 
66 10 79 20 
17 95 3 
84 74 
49 

#i: 19
35 7 14 43 62 10 13 1 81 8 22 19 90 23 12 92 80 66 41 31 79 25 9 39 31 79 95 40 69 
68 71 77 18 42 17 6 21 8 21 84 20 26 35 66 98 68 47 49 30 3 100 46 91 12 14 11 90 
26 2 1 14 52 3 49 12 71 12 7 2 46 1 73 71 96 44 29 99 6 29 25 87 46 95 87 
76 52 32 98 98 98 26 28 62 48 65 63 44 77 26 73 76 56 89 38 44 90 4 72 30 89 
19 9 79 47 13 19 56 52 3 5 17 18 58 92 68 81 44 35 10 92 96 52 6 98 18 
56 90 45 91 16 24 17 76 22 67 78 25 2 23 99 43 29 97 7 29 43 2 30 58 
61 68 44 65 97 89 38 80 63 69 20 18 31 23 18 9 70 80 30 44 73 38 11 
95 68 55 41 41 1 9 15 78 19 3 40 59 60 76 72 51 67 60 43 68 18 
47 47 10 89 54 38 33 5 65 90 12 68 27 33 57 79 13 95 39 88 74 
72 88 50 3 67 37 90 46 97 48 19 29 37 58 26 48 18 44 67 93 
19 14 33 86 9 10 70 33 49 7 1 100 8 11 81 15 31 33 61 
1 56 86 98 21 62 58 79 42 55 56 1 56 48 24 41 57 71 
15 46 54 16 78 7 90 76 23 88 11 45 76 62 37 97 96 
70 67 92 9 66 93 12 71 71 53 68 19 38 50 8 88 
32 70 84 42 49 23 40 34 22 70 38 56 35 20 41 
45 49 79 87 3 30 91 30 32 76 98 54 89 31 
57 72 89 16 91 97 37 49 76 27 65 67 41 
57 75 43 81 37 43 67 86 32 47 41 49 
76 12 14 51 6 2 38 72 77 26 14 
64 47 30 49 61 35 89 81 5 63 
13 77 65 67 61 16 6 50 17 
45 64 55 33 26 51 11 57 
87 83 85 47 42 50 81 
67 3 88 5 11 91 
86 3 99 49 59 
56 72 77 58 
46 74 81 
76 76 
86 

#i: 20
31 39 50 10 40 7 28 61 35 92 55 85 22 20 91 43 65 93 57 40 11 34 34 93 24 76 14 87 
53 48 63 53 55 2 31 83 22 59 91 42 38 20 44 1 11 17 28 72 11 25 76 40 92 72 81 
98 29 68 58 84 28 55 66 87 38 19 92 39 51 38 69 73 66 9 44 86 73 35 91 97 50 
63 16 48 51 91 83 76 81 13 41 32 24 100 68 76 98 6 34 58 5 31 73 63 84 82 
57 67 64 45 50 99 58 50 19 10 47 8 88 94 52 28 13 77 3 41 72 62 72 63 
6 71 17 81 3 77 21 35 10 44 28 98 64 65 22 19 1 53 56 85 10 43 74 
52 91 17 12 24 69 21 24 35 27 6 33 38 50 66 61 73 40 19 44 16 86 
78 4 83 37 100 75 50 67 29 99 84 74 36 23 45 20 30 6 83 18 25 
72 44 8 72 77 78 75 98 8 23 60 77 50 36 89 77 76 42 92 18 
51 34 49 58 90 32 43 38 46 50 43 82 96 48 87 70 86 9 19 
97 65 71 82 80 43 13 4 6 68 78 1 43 49 5 94 66 39 
11 18 41 91 37 90 93 43 47 23 32 70 79 69 2 64 32 
30 82 47 2 67 29 59 62 10 3 64 49 7 88 8 12 
94 100 29 77 18 23 77 67 96 79 57 37 6 21 94 
22 97 94 44 100 83 82 97 15 85 67 84 13 15 
46 13 46 36 46 41 15 64 33 32 21 47 61 
37 53 74 97 1 12 95 46 86 81 57 11 
81 10 69 83 42 68 1 3 33 80 27 
6 53 43 82 57 99 15 39 87 99 
54 59 17 35 95 98 65 70 45 
100 60 36 8 88 9 63 42 
38 66 80 78 67 60 5 
35 64 76 72 16 90 
22 54 68 72 44 
47 6 88 90 
48 21 19 
44 40 
59 

#i: 21
64 45 93 43 43 93 98 65 22 95 88 85 48 75 94 45 26 43 13 3 76 21 89 21 78 43 68 
23 86 73 11 64 68 93 51 6 28 86 25 7 79 40 36 22 76 84 42 46 7 8 53 30 99 
16 93 93 47 92 44 84 82 8 2 43 6 51 26 96 31 57 61 17 81 15 90 43 35 99 
63 26 86 74 24 6 19 91 87 95 36 100 94 43 72 97 91 96 68 95 2 62 83 13 
83 88 98 77 74 70 68 68 45 33 30 38 85 58 9 91 78 24 17 82 72 87 89 
34 67 80 26 86 96 56 1 99 13 43 92 85 87 55 9 32 50 8 24 76 23 
55 21 1 15 29 35 76 37 1 38 44 76 46 33 64 32 42 99 1 87 63 
88 67 72 93 78 46 75 32 67 18 52 20 30 60 89 100 75 82 6 28 
49 61 96 66 53 84 15 19 4 1 70 75 17 82 40 60 16 87 78 
72 38 39 73 66 21 1 54 64 74 60 26 95 14 32 41 66 98 
47 88 88 77 40 75 89 57 61 5 57 51 13 37 90 81 31 
56 34 30 37 71 81 65 100 16 47 91 82 96 43 66 46 
87 21 53 27 80 99 96 11 94 77 32 44 23 90 31 
83 50 16 33 4 63 86 67 32 32 16 68 30 1 
80 17 31 52 35 80 85 51 11 38 59 57 12 
60 28 54 45 61 8 8 45 29 33 31 29 
88 92 60 53 36 46 4 56 63 1 13 
95 64 82 100 55 45 55 38 34 32 
98 99 70 30 55 3 16 7 6 
45 26 34 44 71 58 89 44 
24 80 97 14 5 50 94 
65 59 96 63 62 81 
35 100 35 18 97 
98 36 86 5 
2 67 53 
73 65 
40 

#i: 22
92 51 9 58 46 75 29 62 31 51 32 44 73 24 100 55 57 47 54 25 2 98 84 24 61 63 
58 55 40 14 74 95 29 90 66 28 63 62 39 23 31 20 49 48 71 58 66 54 91 38 16 
58 77 28 20 60 1 97 86 35 58 66 68 12 8 31 62 66 56 95 61 39 25 91 62 
83 72 66 60 78 27 62 17 57 31 63 55 91 20 25 56 16 89 5 86 39 66 53 
46 16 89 81 24 26 81 50 53 14 91 80 38 69 28 84 27 81 33 77 99 95 
80 13 54 25 67 8 33 15 28 19 74 15 3 81 17 98 70 82 68 25 65 
87 60 79 43 59 48 67 33 18 6 17 10 15 32 38 57 35 57 91 21 
62 31 56 14 67 41 20 49 42 17 1 95 44 30 44 76 50 97 69 
85 71 22 94 31 52 49 44 5 44 14 70 99 38 45 57 82 84 
7 44 48 91 51 22 83 54 85 37 19 27 56 74 17 23 47 
41 41 19 72 71 34 24 9 31 59 52 36 73 68 69 34 
36 48 47 57 55 47 79 43 29 3 22 6 17 41 29 
15 17 74 62 6 67 66 95 80 59 13 63 15 96 
28 26 12 89 99 95 48 87 71 46 64 59 22 
74 98 79 80 41 49 71 94 66 52 60 2 
63 66 19 10 31 74 27 70 59 39 43 
35 87 70 83 58 29 13 65 82 66 
74 22 61 81 5 94 48 85 74 
25 70 23 10 20 4 7 3 
98 14 9 70 49 91 16 
17 34 100 89 90 95 
3 36 80 25 57 
1 96 8 31 
70 77 27 
20 26 
33 

#i: 23
12 50 15 79 60 49 68 65 73 83 48 51 24 53 57 17 3 92 19 55 27 25 13 72 50 
73 87 99 44 42 97 3 79 37 94 1 18 37 76 80 16 12 23 82 27 29 39 79 71 
33 56 22 80 17 21 24 60 11 45 89 79 81 59 52 14 36 55 23 81 84 81 72 
57 56 42 19 48 87 37 89 7 57 11 79 13 99 71 80 53 67 44 27 71 46 
22 80 72 70 80 26 67 56 89 63 4 34 12 14 22 3 97 64 16 71 73 
34 97 71 1 83 46 28 77 73 9 49 4 75 37 6 7 87 50 7 64 
13 54 42 56 85 49 16 69 93 57 37 73 23 8 78 69 23 73 55 
62 7 13 16 65 78 79 66 41 45 8 99 47 9 25 23 1 36 
93 28 41 89 46 63 51 31 71 27 73 79 78 34 22 48 66 
55 51 95 2 57 94 96 97 87 66 31 86 46 28 26 81 
20 21 59 79 39 89 31 91 38 1 10 37 36 58 43 
68 91 13 34 52 50 82 63 58 11 13 7 92 91 
53 90 77 47 89 54 71 71 34 11 13 17 79 
8 89 98 8 38 87 59 85 64 61 24 73 
26 86 40 75 53 52 43 58 91 71 62 
86 6 64 12 39 36 55 83 82 97 
10 39 89 57 46 25 60 33 26 
88 65 28 76 58 28 86 4 
1 52 93 27 70 83 73 
49 25 35 51 80 45 
67 33 7 64 84 
81 30 74 92 
62 37 19 
62 59 
39 

#i: 24
36 70 40 54 47 71 80 30 96 70 69 35 59 41 95 35 83 7 92 59 98 95 18 22 
57 74 3 70 26 62 20 65 78 82 39 21 59 34 62 48 58 1 10 89 42 13 67 
12 80 57 59 80 48 2 80 19 70 69 71 67 98 45 10 27 3 78 5 17 41 
69 12 46 60 58 54 50 40 54 45 15 29 98 36 69 51 6 3 93 23 35 
83 90 99 91 8 33 16 15 93 51 37 16 30 13 78 71 56 20 99 76 
81 17 40 23 85 55 50 53 78 59 29 55 89 30 77 88 9 63 69 
3 40 84 25 13 60 51 54 40 49 87 33 33 69 17 7 37 56 
66 72 74 49 67 67 80 60 12 19 97 43 58 65 39 71 75 
98 15 58 96 18 65 70 77 27 78 53 19 52 86 51 81 
32 8 62 46 62 40 58 41 65 50 16 96 86 27 62 
56 43 74 99 72 31 78 23 1 22 11 82 7 66 
72 76 54 26 19 48 49 35 51 20 95 23 41 
48 89 41 32 10 55 98 90 42 40 27 38 
66 100 44 2 6 95 16 97 85 10 18 
7 82 86 27 60 50 40 100 34 44 
70 11 16 12 79 47 79 24 20 
32 53 27 96 92 72 40 46 
13 55 91 68 3 61 65 
91 31 96 89 36 25 
79 68 83 95 79 
77 83 23 99 
23 55 3 
63 53 
76 

#i: 25
8 54 35 90 86 55 2 45 38 18 12 52 41 51 46 56 56 9 17 64 30 76 77 
22 11 89 98 98 1 57 47 23 95 18 96 81 92 15 30 79 24 90 85 86 63 
86 18 20 63 80 53 23 41 36 88 16 63 15 45 74 61 27 24 31 12 69 
78 24 54 85 85 17 86 25 21 93 21 16 33 11 43 8 88 3 30 92 
12 18 72 22 79 1 93 50 68 97 82 73 70 30 75 52 20 10 47 
49 22 74 77 27 100 99 13 51 39 4 66 3 33 81 17 55 37 
44 85 10 29 34 44 37 97 61 29 99 81 43 32 7 52 82 
51 50 35 1 33 51 72 23 79 45 88 90 22 78 27 36 
7 16 57 29 68 39 83 84 32 89 30 63 96 90 91 
9 95 31 46 98 26 66 14 68 43 92 87 85 21 
89 15 11 82 93 13 40 10 91 41 24 43 90 
30 36 40 24 37 21 90 37 40 68 57 27 
7 90 45 11 50 23 8 22 79 91 2 
1 87 31 65 13 81 38 7 37 9 
83 22 50 94 46 70 67 63 13 
4 2 26 85 30 36 82 8 
67 71 61 10 50 57 88 
1 9 85 93 10 10 
91 98 6 19 75 
100 44 17 5 
25 34 66 
93 36 
17 

#i: 26
98 27 96 66 20 45 46 81 100 2 79 12 65 59 94 65 74 27 82 62 75 84 
33 2 68 69 56 42 23 96 36 40 15 69 83 42 79 52 17 73 46 48 65 
55 44 65 47 16 85 91 98 7 36 69 82 81 50 35 45 34 18 29 2 
18 57 1 8 8 48 10 75 36 44 97 11 27 43 27 97 22 72 100 
9 80 54 90 47 28 40 100 91 90 84 39 39 72 5 52 48 41 
3 72 95 20 5 6 26 31 11 7 15 92 20 42 1 41 59 
9 35 6 81 6 91 68 40 15 56 21 56 14 16 56 7 
44 53 8 44 98 51 32 58 9 100 52 33 48 69 46 
65 57 42 76 12 45 53 13 54 16 94 99 85 94 
11 41 37 90 35 84 23 94 48 88 75 71 15 
51 73 6 67 93 55 70 93 99 51 44 48 
99 57 71 10 81 72 81 75 56 59 21 
17 20 17 58 5 45 76 72 61 56 
29 42 89 52 56 2 73 13 84 
41 95 36 5 4 72 64 94 
33 40 56 45 54 59 34 
76 6 10 54 64 48 
29 44 83 38 19 
21 20 23 12 
84 10 57 
56 53 
68 

#i: 27
66 58 2 37 46 35 30 47 39 61 3 37 1 96 55 52 36 42 69 98 61 
77 85 93 63 1 83 56 54 90 7 21 67 53 1 33 7 36 94 61 27 
32 58 67 25 24 90 13 24 21 27 70 50 94 18 57 84 87 73 20 
65 25 60 79 86 53 37 61 55 2 17 10 66 9 3 44 52 24 
61 52 44 21 85 67 96 87 48 4 54 69 6 20 97 38 93 
75 26 79 33 72 20 43 33 27 97 16 6 32 64 42 39 
93 56 1 49 45 39 60 59 45 2 49 33 43 34 45 
43 94 84 44 44 69 13 1 16 48 47 60 33 96 
14 93 23 45 44 49 11 32 6 74 72 29 95 
56 70 67 90 21 73 98 28 79 34 1 76 
24 32 45 54 21 24 15 3 87 24 93 
63 98 77 76 7 33 90 81 93 98 
43 82 39 61 52 69 29 72 81 
16 75 58 23 51 42 24 89 
6 69 51 54 70 37 66 
99 64 59 100 68 90 
82 46 57 28 81 
14 20 17 14 
61 75 11 
86 34 
57 

#i: 28
97 72 43 45 81 96 2 77 27 40 50 30 48 30 8 57 25 79 36 33 
36 10 49 85 79 98 7 33 83 10 48 6 9 92 39 36 27 99 93 
85 31 35 33 76 59 13 36 50 97 100 37 89 69 21 26 86 57 
22 77 1 63 10 19 89 32 70 69 89 84 81 31 94 38 37 
32 3 86 51 9 39 69 32 90 18 3 11 14 40 94 94 
49 52 60 17 24 11 65 78 96 7 69 37 49 33 32 
96 20 13 21 67 21 35 47 3 22 48 7 62 41 
46 74 22 55 96 60 15 47 24 48 7 21 68 
56 46 87 1 50 52 27 66 61 48 4 72 
4 3 38 54 59 11 12 87 35 90 96 
68 52 85 68 15 41 4 79 45 29 
87 32 10 54 36 7 55 49 58 
89 4 49 70 67 2 48 77 
61 100 14 6 26 50 80 
20 9 60 78 95 6 
54 68 61 66 97 
34 29 72 21 
4 55 49 
75 16 
12 

#i: 29
24 31 68 98 23 67 96 58 21 36 89 84 30 16 67 2 23 60 41 
88 97 40 12 12 78 13 89 54 22 9 55 84 40 72 24 43 92 
11 19 56 10 5 10 35 14 56 44 53 22 26 1 61 20 29 
51 74 39 55 75 40 95 16 14 37 76 26 76 78 94 76 
71 1 79 61 15 32 82 17 65 36 69 54 74 27 41 
78 65 14 57 1 79 70 89 79 52 10 4 45 51 
40 90 54 73 39 63 57 30 50 11 79 4 65 
90 70 51 76 63 15 56 69 53 27 70 49 
37 94 13 19 95 17 6 59 33 31 46 
70 40 19 9 95 55 86 71 93 20 
28 13 95 65 22 14 13 98 38 
30 100 60 27 43 81 74 31 
42 63 41 46 70 76 94 
90 86 63 18 33 43 
50 64 83 35 18 
2 65 100 97 
26 88 11 
89 83 
19 

#i: 30
96 70 45 86 7 8 9 33 83 91 64 83 30 35 86 73 63 71 
63 57 36 26 4 48 15 45 84 5 24 99 7 37 32 59 60 
43 27 78 63 90 35 49 50 13 87 78 8 66 100 82 57 
70 100 2 37 20 54 74 52 16 92 18 48 4 28 36 
30 93 78 1 73 84 62 100 75 44 85 41 79 46 
29 79 88 83 27 61 69 35 81 97 7 65 75 
12 21 89 73 85 6 45 40 97 61 1 68 
73 92 92 17 26 43 97 29 72 7 95 
19 51 43 95 37 9 79 80 56 80 
78 9 46 94 21 17 48 72 8 
41 100 76 66 48 31 14 17 
49 98 32 24 78 18 99 
24 10 55 10 50 5 
31 95 81 62 63 
21 74 19 23 
20 88 34 
50 34 
28 

#i: 31
46 45 46 21 58 40 27 68 73 98 5 6 75 46 10 52 67 
42 26 54 26 83 73 14 70 95 24 61 40 21 52 46 45 
93 33 65 88 56 82 40 23 41 18 12 54 72 71 93 
3 12 29 19 1 46 88 87 75 6 53 90 77 39 
68 12 1 26 9 41 50 33 19 31 88 40 100 
25 40 3 24 9 44 38 68 92 8 63 8 
53 18 29 4 81 47 68 66 65 78 53 
78 6 98 70 85 88 3 77 82 60 
81 92 68 54 8 34 46 65 48 
88 85 43 7 22 91 65 11 
33 59 15 38 65 34 96 
39 56 52 61 27 3 
30 30 13 2 21 
89 62 96 92 
63 23 20 
97 82 
91 

#i: 32
95 35 41 24 5 60 21 64 96 26 40 66 93 87 22 28 
56 86 7 85 92 52 46 46 48 83 40 73 5 77 97 
70 61 81 58 46 63 67 51 63 76 82 78 75 17 
37 98 65 37 93 56 4 35 49 18 84 79 15 
36 61 16 32 46 78 60 10 94 92 27 7 
78 71 87 84 9 36 73 94 44 84 34 
23 64 64 26 53 71 56 23 25 39 
56 13 34 53 55 84 12 95 92 
12 28 30 13 61 50 81 27 
27 23 47 85 75 32 63 
32 80 72 14 10 40 
57 89 91 92 65 
91 93 69 8 
76 30 44 
30 50 
9 

#i: 33
17 93 64 63 52 40 88 19 88 58 11 69 25 76 56 
91 58 16 98 74 76 41 67 15 96 51 25 78 41 
100 70 67 78 21 32 7 61 50 43 96 62 27 
64 1 59 55 57 38 13 49 89 92 69 65 
88 36 72 1 15 34 44 34 5 83 34 
13 48 59 77 78 83 65 55 23 19 
17 70 48 42 95 56 29 84 72 
6 77 22 13 2 70 79 65 
18 27 52 29 95 10 24 
41 18 3 2 97 50 
81 70 94 4 87 
84 87 56 77 
89 71 45 
21 77 
70 

#i: 34
27 86 95 41 29 13 59 64 30 63 61 38 68 74 
97 39 77 43 33 17 29 94 75 78 20 29 87 
29 62 100 40 72 42 4 85 45 6 65 100 
34 5 26 59 96 38 75 10 8 42 27 
59 81 98 11 6 29 68 99 88 74 
78 65 95 97 74 11 91 43 44 
85 90 21 31 47 60 31 84 
86 59 72 38 52 97 90 
41 8 80 30 84 88 
81 16 25 82 33 
94 34 67 36 
76 27 2 
36 67 
98 

#i: 35
34 46 26 96 97 46 39 99 84 94 56 88 7 
92 18 28 15 31 78 25 97 86 11 24 34 
45 25 88 83 60 79 26 33 82 30 97 
18 100 15 38 42 8 79 63 20 68 
99 24 96 90 79 67 93 25 77 
84 58 67 18 58 19 62 66 
60 21 71 31 85 16 12 
13 60 37 65 76 31 
59 16 98 9 18 
24 5 47 39 
66 40 36 
80 95 
46 

#i: 36
13 2 63 88 83 36 31 4 20 25 89 1 
51 9 80 84 37 58 70 19 8 48 14 
29 92 67 96 58 82 30 69 99 56 
96 51 64 68 58 29 47 42 74 
92 36 40 12 49 84 89 2 
56 71 57 88 64 54 71 
22 56 18 71 29 56 
69 48 76 90 30 
5 34 32 51 
51 50 19 
65 53 
6 

#i: 37
56 24 46 64 68 67 92 32 89 12 95 
55 7 78 18 80 56 37 3 94 29 
19 68 50 8 70 59 58 62 20 
21 41 26 40 58 40 71 57 
21 37 43 31 57 70 67 
61 60 34 45 98 23 
20 59 89 68 3 
95 87 12 63 
4 4 6 
61 72 
33 

#i: 38
83 47 66 70 54 6 4 41 80 73 
46 80 45 89 39 62 69 86 84 
91 95 12 93 94 40 66 18 
60 36 70 86 13 73 32 
4 77 23 76 53 71 
41 82 7 74 51 
56 71 100 79 
79 9 44 
63 43 
65 

#i: 39
81 13 87 43 58 86 28 64 66 
69 63 75 63 93 30 23 40 
82 54 16 18 18 90 68 
5 90 93 7 12 78 
78 94 83 83 96 
61 91 10 54 
60 68 3 
51 28 
28 

#i: 40
61 45 63 1 92 92 26 20 
60 66 10 43 92 93 41 
81 5 54 25 50 14 
35 58 11 15 55 
29 66 7 100 
14 49 69 
7 45 
74 

#i: 41
19 5 64 64 26 32 66 
56 40 74 82 85 63 
85 63 68 49 94 
94 16 69 67 
38 64 52 
28 61 
25 

#i: 42
50 48 58 87 31 24 
61 47 49 29 50 
30 97 97 19 
83 89 49 
81 14 
51 

#i: 43
51 26 28 58 10 
91 3 22 77 
58 2 36 
52 18 
31 

#i: 44
74 59 43 14 
64 57 42 
70 92 
61 

#i: 45
81 43 57 
87 77 
76 

#i: 46
16 39 
71 

#i: 47
13 

#i: 48

#i: 49

ckp-50-1.txt