#number of items n
55

#knapsack capacity b
659

#constraint coefficients a
1 11 14 9 44 3 18 39 50 28 3 36 27 20 9 28 22 29 42 46 31 41 13 10 17 37 22 47 28 28 23 37 16 28 36 29 7 30 22 3 19 16 35 46 7 30 1 13 28 1 20 40 10 5 18 

#linear coefficients c
22 66 21 35 49 22 61 0 96 77 20 13 43 51 20 92 11 29 66 0 53 0 48 69 83 91 55 4 0 35 10 47 78 10 16 0 0 71 86 73 16 86 62 31 44 7 0 0 0 35 64 67 18 30 62 

#quadratic coefficients C: i < j
57 16 51 0 62 40 22 81 11 48 44 0 17 46 89 19 96 26 0 48 85 12 13 99 16 7 2 0 37 100 58 52 73 0 94 80 99 41 61 28 96 4 16 45 6 47 55 0 85 0 49 0 65 60 
37 0 0 88 83 0 84 0 95 86 0 0 0 31 0 7 0 0 75 61 86 94 100 93 0 0 86 74 4 7 56 46 84 56 25 20 45 80 19 0 52 4 44 25 0 3 45 68 58 24 0 72 59 
99 67 24 49 40 0 12 64 0 0 42 0 94 0 0 69 42 71 45 0 65 54 88 66 27 83 57 21 0 17 54 77 1 43 2 0 52 49 66 77 10 17 41 22 86 49 53 50 0 0 0 74 
0 64 75 55 93 79 65 63 30 31 0 32 0 24 17 0 0 0 68 11 59 93 41 51 86 15 40 0 98 71 31 19 64 0 37 62 0 10 0 42 84 6 39 38 94 33 34 65 44 35 30 
59 85 88 1 32 0 25 32 22 0 4 78 20 84 0 40 4 0 0 17 6 27 46 63 3 36 15 72 37 99 3 0 96 45 0 90 11 0 0 0 27 7 0 22 65 99 54 26 0 61 
76 95 22 64 11 0 24 0 70 88 79 0 51 63 0 0 0 70 27 13 5 67 30 20 56 59 0 33 98 3 91 0 22 0 0 29 51 0 68 12 53 62 88 77 71 23 20 35 2 
74 0 0 0 0 81 74 93 56 0 0 61 21 71 7 53 59 36 64 62 49 96 46 91 57 15 93 16 23 19 55 0 21 0 25 0 91 37 26 50 0 73 73 26 0 81 43 50 
86 93 30 8 85 41 23 57 20 15 49 9 91 13 0 15 1 14 30 6 20 0 0 71 61 30 40 60 69 0 53 34 29 0 60 91 81 84 0 29 0 88 21 44 0 33 12 
82 19 0 19 0 0 20 0 83 81 10 0 13 6 25 50 0 60 100 62 35 0 0 0 31 6 72 37 74 78 51 0 86 0 61 0 0 76 7 70 55 51 52 37 9 27 
71 0 11 60 85 52 67 34 16 76 2 59 11 50 37 32 14 82 0 8 56 1 0 30 94 50 82 82 30 54 51 0 57 10 16 33 0 51 0 99 33 74 34 58 52 
0 56 4 65 39 32 23 38 0 0 88 0 30 28 72 50 0 34 55 77 52 0 0 53 40 0 54 54 5 0 50 58 0 40 60 0 0 71 99 0 7 5 0 99 
47 24 99 26 65 0 0 46 4 31 0 36 0 41 15 0 0 11 46 93 2 62 15 1 58 76 87 16 0 0 27 17 53 14 15 0 90 90 75 58 43 81 0 
51 38 0 29 58 44 6 79 84 16 0 94 76 88 0 0 42 0 0 0 7 0 64 0 0 0 0 23 85 37 95 25 29 74 47 49 0 48 52 93 0 98 
89 88 94 76 87 22 82 86 73 39 69 97 42 0 100 47 0 81 0 99 94 71 0 62 0 29 0 0 0 0 0 0 0 74 0 14 6 1 66 60 44 
36 22 51 0 61 94 64 94 65 27 16 58 20 74 44 56 35 0 79 27 0 0 54 0 82 20 17 90 100 2 0 44 46 56 0 3 59 27 6 0 
26 22 0 0 40 12 22 31 0 9 0 12 0 0 0 0 52 74 40 66 0 79 0 17 0 57 35 73 0 0 20 94 64 7 86 0 41 23 54 
85 0 84 21 0 62 0 12 8 15 62 0 36 77 4 0 0 98 18 0 57 66 31 98 35 66 95 0 88 99 74 80 96 7 69 2 40 13 
22 2 0 79 16 68 72 53 30 99 90 30 1 0 85 57 29 0 0 81 0 68 25 0 0 73 2 90 73 0 62 61 61 17 0 26 12 
11 46 81 5 30 9 90 97 77 41 92 93 37 90 18 27 0 0 74 68 95 96 25 96 0 73 66 53 27 54 61 28 85 0 76 0 
35 16 9 68 74 85 89 88 18 0 23 1 51 1 37 15 15 74 0 26 100 74 70 73 18 48 22 14 0 42 55 52 23 65 8 
22 2 0 42 0 2 17 49 42 18 61 42 44 83 0 1 10 0 0 0 0 0 40 77 0 37 0 36 56 6 74 19 10 26 
99 25 0 94 43 87 25 67 100 97 51 8 0 30 88 0 98 0 79 21 0 9 75 0 60 68 96 52 98 0 70 98 31 
31 0 21 0 0 54 0 10 0 89 68 0 28 50 0 77 46 98 97 16 0 0 42 44 26 10 12 49 58 6 72 41 
31 15 88 72 0 0 38 0 30 35 0 0 77 0 10 0 0 3 40 0 43 0 85 8 29 0 25 78 47 54 7 
11 54 0 91 51 44 13 50 86 77 76 0 0 64 0 63 0 0 0 38 76 0 54 35 64 30 6 65 59 61 
0 87 100 0 0 37 46 53 0 0 27 0 47 0 16 100 36 90 0 88 82 0 75 66 31 4 65 71 0 
0 46 9 0 57 27 53 2 57 1 31 14 45 0 0 65 1 0 14 0 0 70 44 45 8 0 81 87 
87 62 27 0 34 69 90 0 0 23 0 70 66 0 72 0 0 0 51 1 95 86 0 35 0 15 94 
41 0 18 57 65 88 8 90 0 34 5 0 90 76 42 71 16 63 65 55 0 19 66 47 0 86 
41 96 0 32 64 0 54 0 0 55 1 66 1 97 18 96 73 0 73 22 44 18 20 0 89 
17 7 0 63 0 61 55 0 14 0 40 3 0 84 51 86 0 18 85 0 66 0 84 42 
29 63 77 100 63 1 95 25 71 33 2 0 62 0 73 0 0 77 24 52 98 0 75 
33 0 54 0 23 0 32 0 31 0 11 0 73 67 7 0 18 62 0 57 87 65 
0 35 0 39 85 13 0 29 99 20 52 41 19 25 95 100 10 97 0 91 16 
79 23 88 51 87 37 50 66 0 47 69 55 53 49 45 94 76 74 48 84 
8 0 98 42 73 61 67 94 0 0 97 0 0 0 0 71 26 0 41 
22 33 83 78 0 56 0 61 83 85 59 11 0 47 25 0 69 11 
0 0 51 0 62 3 2 81 0 99 20 0 60 73 72 82 0 
31 74 0 0 83 46 0 81 97 13 0 79 0 22 11 0 
82 27 3 58 45 82 0 0 79 0 0 0 0 31 0 
18 23 59 0 0 39 16 43 4 0 38 29 72 81 
38 98 5 77 0 0 100 89 0 94 77 0 13 
77 61 94 27 7 0 19 61 23 34 0 0 
92 68 0 59 25 15 8 31 72 0 63 
23 17 50 0 0 25 38 78 28 0 
40 8 75 94 13 66 23 79 100 
52 33 93 0 26 76 38 16 
8 57 53 0 12 62 0 
40 0 96 16 31 100 
0 39 0 13 0 
35 0 24 71 
2 26 47 
62 92 
0 

#cubic coefficients D: i < j < k
#i: 0
25 34 0 56 0 60 87 0 6 3 68 32 14 85 31 0 38 0 49 0 81 68 0 19 0 100 62 1 88 0 48 91 37 74 0 98 81 0 0 6 81 28 33 33 29 0 68 0 69 68 68 0 80 
18 78 0 61 1 9 79 0 0 76 67 73 83 0 28 87 98 0 0 14 90 86 25 99 18 84 0 14 25 18 89 58 74 92 68 6 99 0 0 77 63 0 99 0 95 27 28 0 98 87 49 0 
34 47 82 0 19 71 80 89 26 0 8 0 0 0 86 38 11 18 94 29 1 71 28 0 42 51 81 68 14 53 0 84 31 54 88 24 0 0 73 85 54 95 100 0 3 0 0 0 0 34 0 
40 15 83 39 0 35 62 48 0 0 42 85 72 0 0 4 95 85 71 80 0 0 21 0 99 0 14 62 44 0 81 34 13 0 49 47 29 0 20 47 85 70 57 12 38 11 77 0 82 23 
78 93 53 0 37 100 0 28 47 99 0 19 74 0 3 0 67 0 59 0 83 0 0 70 67 93 0 76 7 29 63 25 65 8 0 65 23 31 44 0 37 4 0 99 73 10 43 54 51 
0 93 35 46 39 59 16 94 1 67 25 0 58 50 0 98 74 31 0 49 39 30 68 93 98 51 54 34 49 86 50 9 0 16 0 92 72 24 15 24 13 24 92 99 70 0 68 0 
80 48 0 34 52 60 27 0 0 0 16 0 5 70 1 25 96 60 0 0 56 0 15 22 0 50 20 60 0 95 82 0 48 76 0 41 33 68 88 40 0 0 0 0 0 21 65 
20 61 71 0 88 15 0 92 83 24 30 9 53 95 10 0 33 0 41 32 58 9 0 95 53 72 91 17 59 96 79 58 89 22 0 92 22 94 22 66 95 96 34 67 0 96 
37 37 51 76 55 0 12 34 0 34 95 11 13 0 59 0 0 87 0 37 48 0 0 96 0 30 73 60 29 0 0 36 0 77 0 34 48 68 0 20 1 96 18 41 33 
69 4 0 0 40 26 45 31 99 30 24 8 19 93 76 44 70 22 85 0 25 62 0 0 52 12 10 23 0 99 33 0 0 61 52 0 90 79 56 0 76 65 0 88 
53 0 21 74 92 0 0 27 68 96 1 0 6 0 25 15 4 0 6 21 0 0 0 47 71 27 12 80 76 84 0 90 25 57 21 10 0 0 8 56 68 15 22 
68 9 0 100 0 99 31 87 80 0 0 0 55 41 80 99 99 48 88 64 96 91 0 72 0 34 23 71 62 16 0 65 28 72 0 62 59 30 26 0 0 0 
5 68 0 33 0 95 84 8 0 14 95 0 19 11 0 35 8 0 26 67 2 0 41 8 1 71 70 0 0 69 31 69 84 14 7 0 0 0 78 54 0 
13 0 1 27 97 19 47 77 21 0 85 30 48 78 81 48 68 0 18 17 0 0 57 0 0 90 17 95 0 0 70 30 0 0 32 0 0 58 39 18 
33 0 0 0 5 71 40 28 87 0 0 10 80 23 76 48 0 82 0 1 0 75 40 78 0 0 97 26 2 85 0 25 68 2 50 11 7 6 0 
97 0 15 40 71 2 26 0 9 0 13 0 0 55 66 0 0 99 2 50 77 32 93 7 74 22 89 95 23 0 59 0 57 23 76 71 74 97 
3 2 55 71 14 0 47 0 45 92 0 74 79 28 0 61 5 60 0 64 84 16 0 35 83 0 0 1 49 0 69 70 22 82 39 1 21 
68 74 0 41 62 0 28 0 84 17 15 12 0 66 98 8 30 0 24 13 43 62 40 90 39 71 83 68 59 31 57 36 0 0 17 0 
35 0 65 94 47 95 0 9 43 16 66 95 14 98 81 94 26 36 81 10 0 31 49 35 15 94 13 89 21 0 90 0 0 2 59 
99 36 75 79 69 13 57 26 41 89 0 0 0 0 52 4 9 34 89 0 4 0 0 39 81 0 36 0 83 75 0 12 22 91 
92 0 12 61 0 7 63 88 3 94 33 0 69 0 6 2 58 63 81 56 76 0 0 0 0 91 35 0 98 37 100 63 41 
23 89 21 30 16 40 5 93 77 63 23 55 56 0 31 0 0 0 39 24 26 3 27 88 69 24 29 37 69 96 0 77 
89 0 9 83 49 0 75 53 94 89 28 88 15 25 62 77 45 72 67 0 0 38 40 63 11 26 26 0 5 25 0 
36 10 21 30 93 87 83 0 77 0 37 0 12 98 23 72 51 63 0 43 69 0 0 0 0 71 0 5 60 51 
46 36 68 0 49 85 0 28 0 0 99 30 73 0 37 0 69 25 25 66 0 0 0 33 45 32 32 70 1 
17 91 0 39 36 0 0 69 31 0 0 87 43 24 13 39 0 26 52 72 59 0 20 0 2 14 0 38 
64 0 46 62 0 70 55 49 0 42 13 71 0 92 55 0 54 88 0 89 0 56 37 25 62 0 25 
86 82 3 10 46 58 2 11 0 93 20 31 78 58 0 0 11 87 0 65 58 32 37 32 19 89 
0 100 49 84 24 36 57 45 9 0 35 0 88 0 56 83 0 95 0 19 44 20 94 6 5 
16 38 52 0 0 21 78 0 0 16 59 42 99 57 21 79 20 3 0 51 70 0 79 83 
0 43 39 52 24 0 0 0 99 99 100 43 57 0 4 29 85 22 0 0 52 54 53 
0 76 21 6 100 47 30 0 80 86 94 99 0 89 6 6 0 10 60 79 94 0 
0 27 21 0 0 0 0 67 23 38 8 42 0 16 76 86 7 54 0 49 36 
26 0 0 22 40 20 0 18 2 44 95 61 51 30 0 37 0 0 17 66 
81 0 0 0 55 37 99 40 0 7 58 47 17 60 19 99 0 86 46 
80 36 64 0 60 66 0 0 8 22 42 68 16 0 92 16 0 2 
42 73 23 62 71 0 90 0 78 75 81 99 69 60 34 70 86 
36 0 32 60 0 3 56 2 0 2 78 52 28 97 0 74 
0 39 88 73 96 0 91 48 59 52 9 54 0 4 58 
35 54 0 65 0 48 72 45 82 65 96 76 81 71 
80 69 10 20 1 30 0 14 86 58 16 11 16 
92 12 84 4 0 0 56 0 57 52 45 2 
89 14 0 14 5 37 0 7 66 94 27 
6 41 0 57 12 5 0 14 89 76 
7 42 69 75 55 39 50 0 9 
0 22 0 36 6 17 0 6 
81 45 17 74 70 0 67 
0 0 75 0 30 73 
4 17 18 8 34 
86 49 0 70 
23 89 0 
3 72 
6 

#i: 1
13 0 56 0 68 58 2 0 93 68 11 92 0 34 50 0 0 39 61 63 0 26 3 99 10 80 79 54 100 41 66 7 10 0 0 59 64 55 99 0 84 68 88 15 0 40 0 100 99 89 0 40 
28 6 27 89 63 34 22 28 10 0 45 0 31 84 98 29 53 78 21 3 29 0 23 9 21 0 53 0 95 73 85 42 91 94 83 29 0 69 20 0 31 0 75 86 0 46 0 100 0 50 0 
26 0 14 62 90 4 60 0 0 95 53 4 32 24 0 6 81 22 85 91 77 58 72 79 74 87 100 31 0 0 64 78 0 41 0 65 42 43 55 0 23 22 95 41 50 50 16 0 87 35 
9 47 0 51 95 0 50 75 90 84 54 18 0 0 69 18 12 0 91 34 93 91 60 57 0 71 0 94 56 0 70 0 28 30 0 87 8 10 83 18 24 12 40 0 38 71 3 12 76 
89 47 91 77 0 44 0 41 25 65 29 0 0 0 13 45 90 1 96 58 0 82 71 40 0 74 30 10 44 33 0 71 0 40 12 22 4 99 75 33 0 97 86 17 98 46 56 0 
0 85 57 78 0 0 45 92 91 45 15 92 74 0 39 0 0 70 96 0 77 12 93 16 7 0 0 0 0 59 79 22 52 0 62 78 65 9 48 79 0 0 13 49 71 56 97 
32 18 55 0 35 71 18 22 0 20 71 77 0 60 18 0 0 17 25 11 95 29 46 0 0 29 81 26 27 10 58 65 55 0 53 31 15 78 0 0 57 27 59 0 0 0 
41 17 24 0 27 3 65 95 97 0 90 97 60 38 100 65 73 49 51 85 0 81 50 27 0 97 60 21 72 53 94 20 1 49 13 37 36 20 46 0 68 33 53 31 74 
74 0 0 15 31 0 0 0 18 14 94 0 22 92 74 0 0 53 57 0 80 45 68 98 4 0 91 82 59 52 72 0 47 30 0 34 50 39 55 52 2 72 11 33 
0 21 97 33 42 85 0 100 0 59 15 4 0 49 0 60 0 6 0 0 0 82 70 0 60 87 26 0 64 56 48 0 71 53 75 23 0 70 0 6 39 24 45 
0 0 39 4 52 49 10 24 7 68 0 52 85 58 0 1 64 32 3 91 50 22 0 46 61 0 0 0 18 0 0 35 0 74 94 0 55 81 94 79 16 21 
0 0 99 3 51 60 46 0 47 42 26 0 70 45 37 0 0 9 0 75 7 0 37 44 25 68 0 82 64 89 28 0 0 56 0 0 33 83 78 4 28 
70 56 38 0 8 0 65 51 0 0 94 51 85 38 72 43 64 0 9 90 0 15 97 70 9 0 0 55 49 7 0 0 98 93 91 83 74 29 56 7 
58 100 1 24 30 0 17 95 14 0 5 0 48 59 59 51 6 0 32 95 56 49 8 51 4 1 0 100 21 95 2 2 0 10 39 19 50 68 34 
74 15 22 76 56 0 0 38 5 70 99 0 22 44 69 100 49 67 63 0 0 14 0 27 3 23 0 5 67 0 20 62 29 0 31 0 33 0 
48 0 93 9 92 95 50 36 14 0 16 44 91 58 0 82 75 24 54 3 63 0 0 33 6 59 22 40 57 0 0 0 11 8 0 68 59 
67 57 38 0 0 39 49 19 0 0 64 88 0 0 76 45 80 4 92 10 72 55 6 0 0 89 2 13 0 17 0 0 88 57 25 0 
20 0 28 0 0 71 53 45 0 12 0 50 12 0 37 0 59 12 37 0 9 87 29 85 59 0 39 86 0 12 80 72 63 28 0 
29 13 34 26 74 0 0 0 73 0 59 95 33 13 23 92 11 68 61 11 48 87 89 0 64 12 0 39 5 0 72 0 7 0 
50 23 89 0 22 66 37 0 4 67 6 51 43 0 0 26 21 0 87 77 0 56 24 0 37 57 15 24 77 57 0 84 70 
89 44 2 35 96 61 25 0 11 99 0 7 68 0 0 5 71 67 0 52 0 0 52 79 46 59 62 0 35 0 45 84 
30 37 5 11 0 34 34 70 72 56 81 19 87 6 9 0 63 63 67 95 49 0 1 8 19 0 0 0 0 14 0 
18 48 72 85 64 0 18 87 26 0 73 0 44 0 58 18 41 32 81 0 51 99 82 52 93 26 39 93 38 19 
15 58 0 37 70 36 61 68 93 47 32 53 75 25 0 20 13 55 0 32 59 50 2 38 56 0 12 0 32 
0 0 100 20 10 0 0 63 85 0 0 17 91 85 28 85 64 0 14 70 73 46 100 0 40 59 0 93 
14 68 0 75 60 61 29 99 0 55 63 42 0 80 20 81 66 51 96 33 0 0 0 10 0 0 37 
0 53 72 18 34 58 75 84 0 55 44 44 36 72 11 72 77 0 25 25 0 99 50 64 3 0 
0 19 0 86 31 10 29 0 97 51 58 0 88 0 81 0 33 0 51 84 64 58 7 85 0 
6 65 0 61 0 7 0 0 91 47 34 88 87 86 32 54 82 80 31 0 83 0 17 83 
72 98 5 68 45 72 14 19 92 62 86 89 58 66 32 0 73 5 60 0 76 73 57 
50 93 0 6 37 0 52 99 24 92 7 92 26 0 68 70 47 0 57 0 42 52 
70 49 6 0 19 29 41 89 0 0 0 25 16 0 40 74 28 19 16 57 41 
88 83 0 87 31 0 66 52 99 22 46 0 53 33 0 0 75 0 0 40 
55 23 0 1 18 36 42 0 0 88 0 0 64 86 72 53 6 20 36 
0 0 39 48 0 46 76 68 0 77 0 63 61 80 51 23 23 6 
91 87 0 91 54 0 68 59 85 0 69 88 15 22 90 65 43 
99 53 72 0 0 78 73 81 88 74 59 53 55 5 0 50 
21 0 0 0 1 28 58 0 98 0 0 38 52 22 14 
31 34 18 74 9 51 38 11 73 48 37 12 87 31 
52 13 3 0 62 9 0 61 18 0 13 0 65 
81 0 10 85 57 0 22 0 8 43 91 95 
0 8 57 80 41 8 91 0 75 73 54 
87 72 0 0 16 52 39 0 90 88 
12 0 17 44 13 0 0 0 0 
30 0 68 67 30 0 0 98 
0 65 81 57 32 0 33 
10 0 0 31 0 0 
45 0 0 0 25 
66 0 0 100 
25 0 16 
0 0 
0 

#i: 2
18 15 73 47 22 0 94 96 89 22 7 49 0 46 93 0 26 69 69 74 3 86 54 69 0 24 64 0 92 7 0 26 8 0 16 42 0 0 60 91 0 64 0 0 94 74 2 0 46 0 74 
5 0 54 0 3 0 40 79 0 0 69 93 65 0 55 0 74 71 54 0 71 92 27 98 27 35 86 44 32 79 0 46 12 0 66 75 0 8 0 46 79 54 0 80 73 21 13 0 16 50 
61 32 86 0 11 0 0 0 0 20 0 26 32 81 89 45 97 98 88 90 0 47 94 18 52 69 0 49 0 7 0 42 0 52 96 84 100 94 52 42 46 0 72 90 0 37 95 15 0 
71 35 42 0 0 0 46 51 0 17 0 25 40 74 19 70 99 0 98 0 0 0 36 0 0 50 69 0 35 41 81 27 0 0 8 10 65 70 29 18 0 28 39 59 50 57 0 14 
0 45 0 0 36 19 67 0 18 83 0 0 43 0 15 65 0 2 0 91 0 0 0 0 39 29 36 45 90 48 70 43 0 50 43 63 16 0 0 100 40 38 0 73 49 23 26 
86 40 0 15 19 46 69 44 0 36 49 0 83 34 65 0 65 95 0 0 63 4 0 13 63 45 5 31 0 91 21 19 64 16 44 16 0 0 77 53 5 48 63 78 6 94 
57 0 63 36 77 80 43 35 1 29 95 7 0 59 36 52 7 23 0 3 20 23 68 82 65 0 0 85 0 4 47 0 35 58 40 64 15 81 0 41 0 77 45 61 49 
0 67 0 56 0 88 0 53 0 41 0 1 0 84 1 18 40 29 0 66 4 85 98 84 0 50 89 96 0 72 18 0 79 0 41 0 0 98 60 0 39 0 0 6 
27 45 0 92 43 97 34 50 48 0 100 34 39 0 2 70 25 1 52 48 0 0 26 64 0 0 7 12 0 0 12 13 49 73 92 39 5 26 41 32 1 74 0 
53 87 54 0 94 83 11 0 89 21 45 22 52 78 0 3 0 98 31 3 16 0 4 83 0 30 6 0 0 42 13 97 0 24 0 64 54 49 3 20 0 71 
79 87 78 99 0 36 52 19 46 0 97 57 89 0 91 0 44 0 71 0 35 42 84 0 63 37 4 0 56 68 0 0 47 33 84 15 47 0 32 13 89 
75 60 28 90 70 65 56 70 35 60 71 46 9 1 45 2 0 60 24 0 3 0 0 66 0 50 66 66 34 64 89 61 93 62 99 47 80 0 95 12 
87 12 66 64 63 37 99 1 76 28 0 57 24 24 1 0 100 55 42 0 0 0 15 0 56 43 97 99 97 19 94 0 7 3 79 0 91 25 39 
12 72 2 52 43 0 30 34 18 99 98 80 81 0 0 83 61 33 0 5 44 0 0 21 50 50 22 96 0 79 66 0 87 0 56 4 72 0 
4 16 85 18 55 50 0 84 0 71 37 36 97 37 84 55 33 65 76 0 0 52 0 28 52 28 0 42 45 58 5 18 0 0 82 63 23 
41 54 5 89 0 0 27 98 41 0 2 0 35 71 20 76 27 8 0 14 0 90 77 48 13 42 96 0 0 8 82 61 3 28 1 21 
0 0 54 58 0 0 98 3 66 21 94 66 0 7 72 58 0 0 62 84 69 4 11 14 88 53 80 22 0 82 16 0 41 25 1 
40 97 0 55 12 31 14 0 0 9 86 83 0 58 0 85 63 0 0 43 32 0 59 35 0 91 0 55 14 72 27 2 50 0 
64 1 74 14 2 0 42 62 6 6 62 83 64 0 79 25 15 77 9 49 0 0 0 100 0 0 0 0 26 3 79 64 23 
2 6 64 0 90 52 94 60 68 88 95 0 0 0 37 90 95 76 83 38 91 0 10 66 79 38 19 8 0 0 0 21 
33 0 30 90 36 64 71 0 0 91 0 0 46 0 14 85 11 70 67 0 0 8 0 0 15 100 48 0 87 25 43 
36 79 17 0 72 0 0 83 100 85 36 81 79 8 9 16 0 39 63 62 89 34 4 62 95 0 19 93 0 66 
70 17 27 17 10 5 0 21 0 0 63 27 64 0 82 22 60 36 13 33 0 95 0 0 0 9 0 17 63 
80 40 0 76 58 59 34 39 82 24 37 0 15 0 56 22 0 0 56 13 0 42 0 0 0 10 94 71 
90 98 0 20 64 21 10 22 12 0 11 40 0 68 5 100 0 66 88 0 0 0 95 0 48 54 15 
40 27 94 19 10 59 0 0 73 77 26 0 46 89 0 97 0 24 85 0 44 0 14 0 36 41 
0 76 0 89 53 3 73 56 8 73 4 16 17 97 0 0 3 26 43 34 76 3 66 37 75 
100 80 77 10 0 24 11 0 0 75 17 89 75 50 9 0 11 12 17 98 95 0 77 26 
87 56 24 57 99 65 0 0 32 0 0 18 38 21 82 75 59 0 39 66 0 100 0 
9 56 62 12 0 83 62 48 0 5 89 12 35 19 43 13 0 86 45 37 45 0 
47 79 30 0 45 0 85 59 4 13 90 52 16 100 0 30 0 87 75 100 6 
56 77 0 27 21 0 0 30 7 49 19 60 37 0 27 95 51 94 80 64 
82 68 54 0 23 89 80 0 21 42 14 25 42 71 68 89 35 0 73 
0 0 26 0 100 29 70 64 11 32 16 22 28 15 99 27 61 8 
63 3 0 0 1 27 67 99 3 0 11 49 51 0 67 72 47 
0 79 79 22 44 0 0 31 9 0 71 0 0 34 89 0 
94 88 0 41 0 69 55 13 54 66 55 0 53 40 30 
40 0 72 0 19 0 0 33 77 27 0 23 69 0 
33 20 97 79 64 61 46 0 28 11 4 34 79 
54 0 0 51 29 0 73 0 17 0 64 36 
41 17 81 0 0 22 39 4 47 93 0 
6 69 70 0 60 4 0 0 0 71 
58 0 56 56 0 6 0 57 40 
0 0 38 0 14 93 28 13 
0 17 3 7 29 3 47 
47 38 47 90 0 0 
0 48 0 99 88 
95 62 50 76 
0 99 83 
42 0 
71 

#i: 3
25 62 15 71 38 73 26 27 61 36 31 48 62 56 24 0 79 74 34 0 68 20 90 73 84 93 84 100 0 65 9 0 0 50 53 0 23 13 0 0 0 16 82 0 2 13 49 14 71 45 
87 91 57 4 86 77 6 18 28 85 24 54 0 20 99 28 46 100 55 0 99 0 82 94 62 85 0 0 67 0 67 67 44 32 65 0 89 0 47 0 55 91 18 64 0 39 96 13 87 
22 31 98 91 11 31 75 51 29 85 24 51 0 51 43 85 44 68 79 22 0 22 54 0 0 94 92 0 0 62 0 84 67 0 80 89 94 27 0 77 0 93 2 0 87 0 63 0 
41 99 59 13 21 38 0 36 38 87 0 82 50 0 30 0 0 43 43 17 61 14 35 0 45 40 77 0 78 88 47 41 0 4 1 16 20 0 58 86 41 0 0 0 1 75 29 
0 11 38 0 0 32 4 13 56 98 65 42 63 80 79 57 0 61 72 96 0 41 69 52 29 21 78 52 0 59 19 0 78 95 0 100 10 59 81 4 65 0 91 85 100 4 
0 0 0 0 72 50 96 44 0 0 15 35 74 0 0 50 58 93 0 0 0 0 61 0 0 78 59 0 7 6 0 21 66 14 93 62 42 34 20 31 0 41 12 3 0 
0 77 0 8 30 72 37 86 5 25 0 0 0 40 0 66 0 67 15 69 18 76 0 49 93 6 18 43 62 53 20 18 0 53 49 44 86 43 56 74 32 15 8 0 
13 51 39 1 60 0 0 23 0 0 2 81 33 11 47 0 83 55 23 75 13 0 82 0 29 0 82 46 31 99 99 37 0 45 0 77 80 8 3 4 0 0 51 
0 0 0 63 59 65 0 74 0 0 0 14 0 77 0 42 70 0 0 0 0 30 0 78 0 5 63 88 2 0 59 33 45 35 0 33 0 19 0 28 77 65 
24 87 63 21 32 61 13 87 22 56 100 75 0 38 62 0 0 17 1 0 38 0 89 98 75 80 40 0 31 97 0 20 3 70 15 90 86 11 53 52 67 
74 50 63 98 0 42 4 81 5 43 0 54 72 62 1 95 8 74 90 0 0 13 34 0 80 87 0 57 0 92 59 66 65 90 86 76 28 74 25 92 
27 90 69 59 0 0 9 57 0 7 35 0 14 91 84 11 0 77 73 0 98 15 45 67 0 71 7 0 98 38 0 38 98 1 63 69 26 90 0 
19 28 72 44 4 49 59 41 51 0 0 46 45 90 81 22 31 99 0 24 44 45 54 0 19 0 63 19 0 66 64 39 34 72 0 4 69 0 
79 92 46 14 46 84 0 0 39 31 53 44 0 0 21 58 31 1 0 0 35 51 10 0 15 92 58 64 77 0 61 0 82 66 28 84 0 
0 66 14 85 0 52 0 0 41 69 0 0 14 48 75 0 57 99 0 0 33 76 0 0 67 39 0 81 72 0 27 66 0 0 0 40 
19 34 81 13 0 39 81 0 64 55 94 19 0 3 36 28 44 27 63 81 59 45 10 94 0 0 0 0 10 90 0 11 0 3 3 
0 86 29 45 58 46 35 55 0 6 18 24 17 47 21 0 70 0 58 98 0 29 65 39 57 55 70 10 95 81 66 19 6 0 
62 36 77 0 19 64 0 30 86 94 7 95 81 0 0 0 77 22 33 74 56 9 69 16 15 69 65 29 73 23 0 0 0 
66 61 63 19 87 93 67 64 68 0 99 55 17 0 39 0 27 66 69 86 6 54 0 19 74 44 0 92 13 37 87 73 
0 0 0 80 0 3 96 9 0 17 0 36 18 90 57 65 0 65 80 24 64 0 0 2 0 83 0 0 87 78 1 
0 0 90 75 11 0 32 0 0 22 18 71 0 41 56 5 18 85 46 81 54 0 17 7 90 99 63 80 21 2 
98 69 77 32 40 30 25 98 91 0 88 42 85 8 0 29 21 53 63 67 2 0 44 11 64 36 54 57 85 
0 0 63 77 90 37 0 31 11 0 50 47 17 80 100 84 20 38 27 56 0 83 0 0 47 90 55 58 
56 95 0 56 41 77 95 33 61 58 0 48 0 99 26 52 0 70 87 48 18 7 97 0 66 16 39 
72 29 76 93 28 3 86 36 0 0 16 0 91 77 65 91 0 36 41 18 67 0 26 8 44 72 
23 0 83 38 5 0 0 0 76 0 91 35 0 0 74 24 70 2 0 0 0 0 8 66 21 
89 47 76 0 0 88 0 0 7 0 80 0 54 0 94 70 18 25 0 37 71 0 96 91 
29 0 91 0 56 51 0 84 81 33 0 20 14 48 34 44 0 83 0 28 0 88 59 
49 99 0 65 3 48 19 20 24 35 78 52 68 94 94 16 56 0 37 28 1 82 
33 89 39 21 39 2 0 21 0 6 17 6 0 0 37 84 6 10 81 84 82 
62 50 44 34 0 93 17 7 0 0 41 0 43 0 42 69 80 0 0 23 
55 34 32 0 0 57 10 66 95 22 59 9 88 0 20 0 62 69 52 
66 13 11 11 0 90 63 77 24 55 92 91 2 74 10 39 76 75 
6 63 0 6 27 20 0 25 35 21 60 48 0 15 44 27 0 
31 75 56 58 0 61 0 20 0 11 67 25 92 78 0 11 
0 0 83 1 97 88 15 98 0 11 0 0 0 16 96 
75 0 0 80 28 56 55 8 12 0 97 21 56 94 
0 17 79 34 46 56 53 45 65 2 48 55 68 
87 98 90 28 28 10 69 26 17 42 51 63 
32 29 56 40 58 42 73 17 0 86 62 
9 0 22 23 13 23 0 48 23 0 
30 71 49 11 31 52 0 13 61 
69 70 79 53 0 61 92 0 
85 21 39 78 69 15 0 
83 33 95 49 7 58 
21 63 0 5 0 
60 85 4 24 
36 0 0 
63 17 
0 

#i: 4
65 94 99 78 36 2 99 35 66 36 0 87 4 5 41 54 45 9 11 15 38 47 73 89 0 68 27 54 0 5 2 59 72 28 98 0 47 89 0 0 0 41 99 60 96 45 0 0 28 
82 79 60 98 91 78 0 42 24 45 0 58 0 61 0 4 63 66 0 0 78 0 20 0 36 0 50 65 94 5 50 57 47 59 52 58 32 78 26 12 76 4 80 0 39 37 68 58 
53 8 6 39 2 26 0 10 47 44 88 92 0 0 95 52 31 41 46 21 95 99 57 4 20 2 38 91 0 34 0 57 33 0 37 52 94 60 89 77 0 63 17 65 99 93 30 
94 73 40 41 68 22 73 93 97 29 16 74 97 87 32 41 6 0 5 34 0 13 15 15 47 25 0 0 4 47 38 85 58 43 83 69 55 46 23 0 29 9 67 61 0 23 
17 77 0 0 4 0 86 42 0 52 23 34 94 63 52 30 85 85 43 78 35 86 29 100 36 94 33 0 16 30 0 0 88 82 95 0 82 38 4 0 86 0 0 61 29 
16 39 0 0 83 30 90 36 0 28 42 82 34 0 0 0 69 12 35 73 78 0 90 30 36 0 0 60 0 85 11 0 0 64 70 33 81 81 34 31 0 46 67 92 
22 0 23 25 60 36 0 33 81 0 0 81 75 13 0 14 0 82 84 85 8 92 19 73 71 60 90 0 25 29 0 52 0 94 0 28 13 52 28 10 5 94 0 
92 14 57 16 0 66 81 11 59 0 0 0 80 0 13 87 0 52 100 53 88 59 3 39 0 76 0 65 21 0 42 0 58 33 0 89 30 40 23 90 37 65 
0 0 0 0 63 55 0 99 0 98 65 38 0 0 5 22 1 0 5 26 0 53 0 12 42 58 0 64 38 88 45 34 23 88 25 0 68 21 83 0 55 
28 80 0 0 52 1 57 56 46 0 32 10 40 18 54 0 0 54 36 90 0 48 0 92 42 6 67 35 0 36 43 0 19 57 67 76 60 43 62 45 
0 11 31 76 52 63 21 97 0 39 89 68 6 90 59 0 68 76 25 36 68 37 78 21 96 74 85 1 71 18 85 29 22 0 0 93 75 0 50 
41 40 56 98 50 46 57 68 0 4 40 53 38 0 51 64 96 16 87 100 6 99 4 15 0 89 0 0 19 0 41 99 32 43 17 0 50 0 
0 0 60 60 90 0 33 0 31 21 53 33 58 76 58 69 89 86 95 0 99 57 82 0 4 56 11 58 0 61 6 78 21 19 0 68 86 
0 83 25 23 0 65 18 56 0 35 65 70 14 0 0 91 0 74 57 36 3 67 54 50 92 32 88 2 21 77 0 27 72 79 0 100 
44 12 0 28 10 0 71 13 69 0 86 0 10 0 3 67 88 83 42 0 54 82 31 76 11 42 0 0 25 53 53 18 0 2 67 
12 0 52 6 0 0 27 31 73 0 19 62 16 39 86 0 69 89 48 7 27 77 58 36 0 0 57 0 90 38 23 36 91 0 
0 84 92 52 0 96 0 75 4 13 0 58 18 58 80 33 0 94 42 0 36 45 98 0 96 6 77 48 0 0 96 88 83 
96 12 6 0 53 81 92 11 14 73 95 0 0 83 33 18 82 0 0 77 81 53 68 72 23 95 95 93 3 0 0 33 
0 0 60 6 0 69 87 39 98 24 100 72 33 7 61 20 13 93 0 0 0 36 84 89 62 29 0 66 51 0 0 
0 68 0 75 82 35 41 0 0 5 98 43 2 84 57 58 98 88 0 0 70 6 45 16 51 0 11 18 51 89 
27 22 3 56 76 37 35 10 0 4 30 96 0 91 64 7 90 46 83 0 74 43 14 0 5 55 31 0 25 
32 86 35 0 2 91 0 43 11 98 29 87 89 83 0 36 0 38 97 65 0 0 35 0 75 0 70 100 
83 74 76 7 52 0 21 8 0 59 0 48 58 0 0 17 90 0 59 21 56 34 36 68 58 85 4 
66 0 24 34 68 26 0 25 13 0 0 25 44 91 3 0 0 33 63 4 65 0 24 0 26 56 
0 90 0 92 0 85 67 51 84 0 97 69 45 75 39 0 69 66 82 0 2 0 75 57 15 
96 0 50 0 17 0 0 12 0 21 57 48 18 5 59 97 55 100 0 7 51 80 60 28 
18 7 10 0 0 42 87 2 1 39 77 76 56 13 0 0 27 0 12 81 34 95 1 
71 62 77 0 55 75 21 0 86 78 1 95 0 0 39 36 0 16 0 0 44 0 
31 0 66 46 0 64 0 34 0 83 58 0 57 7 0 0 8 13 58 0 22 
39 48 52 9 63 87 66 70 0 59 57 0 11 0 39 100 0 21 30 0 
59 0 62 2 80 16 14 65 0 15 81 33 81 43 90 44 0 94 61 
41 19 45 79 0 0 71 0 0 33 0 68 14 81 37 38 35 50 
41 0 37 51 33 42 77 14 17 46 27 68 32 6 80 2 9 
49 14 12 61 1 35 84 32 26 60 99 46 53 94 19 41 
46 23 8 99 24 0 87 0 98 90 100 58 46 83 10 
0 0 85 26 48 75 0 6 37 51 81 54 41 0 
0 15 1 2 0 9 0 30 0 51 21 68 62 
0 38 66 84 33 28 13 3 41 99 0 31 
24 35 77 96 10 0 47 26 41 0 10 
0 23 54 0 15 26 69 90 82 88 
1 71 34 0 0 47 17 0 46 
0 0 53 43 77 0 24 0 
82 69 54 41 0 12 24 
78 80 37 77 55 46 
0 0 43 37 0 
24 0 0 97 
0 70 0 
73 41 
88 

#i: 5
0 82 50 0 0 57 0 7 10 72 40 28 0 0 39 39 0 32 0 80 63 61 42 78 90 93 5 42 30 54 60 0 12 71 0 40 48 0 40 0 0 42 34 86 29 93 0 0 
88 54 32 87 28 0 0 0 36 87 79 46 7 95 0 25 2 0 61 26 64 0 4 61 57 52 57 51 41 0 0 14 18 50 65 80 84 94 39 38 0 33 64 91 97 78 0 
59 61 11 99 76 38 0 71 51 0 9 22 48 36 73 54 0 91 72 0 61 37 75 0 68 80 0 77 9 93 34 62 26 47 0 16 55 36 58 60 23 83 50 69 36 30 
79 0 36 64 55 8 48 0 63 92 70 78 98 82 62 0 0 100 31 68 0 61 77 30 0 55 0 50 59 0 56 6 70 100 2 88 75 0 25 0 22 25 0 43 94 
0 97 60 12 50 0 42 0 14 39 60 27 8 0 9 83 0 98 36 43 25 83 30 78 48 90 0 0 42 0 62 27 0 94 100 55 72 53 19 57 77 98 25 8 
75 0 96 62 41 83 0 1 88 14 11 0 69 5 0 0 4 0 69 33 99 27 49 38 99 45 0 0 7 26 0 70 1 98 0 22 13 7 52 35 90 73 0 
94 60 24 23 38 0 0 0 0 90 3 33 89 97 85 0 86 0 0 43 30 42 63 0 25 0 0 34 91 0 65 52 0 76 24 0 96 47 58 0 58 25 
89 90 0 31 0 40 0 54 99 93 0 4 30 51 37 12 51 58 96 0 12 0 67 38 15 85 7 0 58 53 71 40 83 0 0 91 0 80 79 85 0 
37 0 26 58 0 0 0 42 62 0 50 40 72 63 20 59 18 0 0 7 84 0 21 19 0 37 43 0 20 25 48 0 0 0 84 3 72 15 0 69 
0 76 0 0 43 94 63 0 48 82 69 80 18 76 54 0 68 39 69 0 75 97 0 0 16 13 0 97 68 81 35 0 8 54 32 0 18 82 28 
3 53 5 75 24 73 98 27 18 47 30 44 4 93 93 28 38 41 34 22 0 33 0 39 3 81 6 87 93 38 0 72 94 22 29 43 13 0 
9 30 0 44 73 0 91 90 34 78 95 14 59 0 0 21 25 85 74 0 20 18 58 9 31 0 0 32 6 27 47 20 71 81 95 25 37 
53 47 64 3 79 50 0 0 0 86 82 6 0 40 65 74 43 24 82 80 0 74 96 0 97 96 0 23 4 65 96 67 71 40 49 70 
48 94 7 0 9 0 50 33 18 47 91 6 6 18 31 0 52 0 80 0 0 67 0 0 63 80 0 73 96 48 11 8 81 0 88 
70 66 90 6 11 56 59 47 3 0 55 0 0 50 40 0 33 93 0 3 32 66 19 70 78 0 48 8 16 15 39 0 72 15 
0 0 76 0 10 74 0 49 53 23 6 97 98 36 34 33 0 65 87 31 0 87 0 83 91 53 19 82 0 87 77 0 0 
0 6 57 0 14 0 27 17 57 35 65 8 0 0 45 41 59 0 7 0 46 24 0 8 41 46 0 0 81 0 54 86 
24 0 0 12 99 90 29 67 21 78 77 0 69 68 95 60 85 42 67 86 43 3 83 50 48 14 6 0 52 90 0 
15 0 76 50 0 77 6 97 2 97 0 0 69 86 0 0 23 89 4 73 93 69 70 0 0 18 34 86 30 2 
17 34 78 0 0 42 55 85 6 0 4 4 16 64 0 0 0 72 19 74 79 0 49 13 44 0 97 1 26 
22 71 0 35 63 40 70 97 3 0 15 0 64 46 74 0 54 87 63 12 69 56 93 68 0 0 63 64 
28 0 20 31 0 33 0 49 100 63 0 13 0 24 46 0 52 0 9 0 61 0 71 20 0 62 0 
16 32 0 0 67 55 47 44 9 46 34 0 0 56 81 49 0 0 38 62 97 39 6 91 6 18 
0 62 10 86 28 78 80 34 0 87 47 0 21 38 82 75 78 51 71 76 51 0 75 87 43 
89 6 11 80 67 0 94 83 8 52 92 0 0 10 0 100 11 6 79 11 91 82 67 60 
23 0 40 7 35 92 36 31 77 74 0 0 26 17 50 23 87 9 50 0 95 53 25 
20 99 8 100 93 63 90 91 0 72 100 37 0 20 60 62 81 34 24 44 96 46 
72 33 1 0 59 0 3 37 91 86 0 22 21 59 30 0 9 29 0 91 37 
90 0 15 81 48 58 52 59 80 95 0 27 0 99 40 100 93 4 57 0 
53 91 57 38 31 85 61 74 36 18 56 82 49 0 0 54 91 76 0 
57 0 33 34 72 88 29 17 97 55 84 71 65 2 96 49 96 45 
0 0 36 72 81 0 32 6 5 33 36 0 86 58 0 97 49 
0 84 78 18 0 92 11 75 84 35 90 78 47 20 7 70 
36 82 0 0 46 0 93 34 64 55 27 2 0 0 0 
44 77 50 0 41 61 39 24 48 34 75 7 63 89 
86 96 87 93 0 0 22 78 61 0 7 14 0 
47 3 98 0 37 0 0 94 10 0 73 59 
37 6 12 68 0 47 23 33 68 23 24 
22 33 86 98 0 0 51 10 43 0 
51 0 31 56 0 0 58 17 0 
93 3 0 0 0 3 15 57 
77 22 0 26 0 0 82 
69 75 8 69 49 84 
20 32 0 4 0 
8 0 70 26 
79 2 51 
0 0 
92 

#i: 6
53 13 34 38 0 0 2 95 62 0 55 81 58 71 83 0 0 20 0 82 3 98 76 25 0 54 14 81 42 89 13 0 92 82 51 0 16 91 80 90 94 24 0 35 44 23 0 
87 12 67 0 100 47 64 83 42 0 43 0 0 83 0 44 88 95 0 26 25 20 7 0 64 100 99 0 80 89 32 71 71 44 0 99 6 98 26 25 0 76 45 34 13 86 
0 95 61 45 0 7 53 20 19 11 97 7 47 0 60 0 49 37 86 14 0 90 0 69 33 13 86 0 68 4 0 100 0 0 64 21 30 0 39 0 74 0 98 76 26 
59 85 0 39 54 0 70 92 0 12 90 47 30 83 0 92 25 56 0 13 4 47 0 0 87 2 22 78 83 98 30 27 92 0 89 31 66 0 79 0 91 0 0 67 
0 34 0 0 12 48 0 59 9 0 56 95 56 44 88 90 25 0 89 0 0 42 37 78 28 0 72 73 0 0 78 44 42 11 89 51 81 74 76 0 54 68 72 
13 0 6 48 11 25 57 0 94 36 0 73 63 97 15 95 41 35 75 0 6 10 63 39 87 87 81 63 72 14 95 0 38 25 16 25 45 77 79 95 0 0 
15 61 0 80 95 59 86 0 45 10 58 40 7 68 51 23 0 27 84 62 83 48 100 42 0 78 0 0 57 36 0 58 18 0 45 58 80 68 77 0 43 
89 61 0 22 64 93 79 14 15 10 0 62 92 97 30 93 100 80 73 0 0 23 0 2 0 15 26 100 23 89 97 40 49 64 56 11 94 67 83 36 
93 99 84 69 12 21 89 0 0 0 0 92 7 25 97 47 70 75 64 31 10 0 98 17 51 39 31 45 56 5 91 11 39 87 21 31 0 33 6 
0 85 51 74 95 0 50 88 78 72 47 0 15 67 52 1 39 18 0 73 40 7 50 94 76 69 0 9 97 7 12 83 7 0 74 64 51 65 
0 98 56 32 0 18 0 7 78 53 21 22 0 0 21 23 0 0 79 16 36 0 74 71 46 96 28 74 76 74 13 93 6 53 0 0 62 
92 31 38 0 0 83 44 44 0 36 100 57 26 36 55 12 0 0 84 0 39 71 57 30 0 18 51 0 57 17 32 72 65 85 37 60 
23 59 43 57 17 100 14 22 23 73 47 0 57 7 41 0 0 33 93 40 7 59 96 40 89 75 0 64 0 0 1 69 0 16 41 
12 0 48 48 81 73 0 0 76 88 0 84 58 0 4 44 91 0 89 27 10 73 32 4 55 0 97 0 97 72 74 0 0 84 
18 37 44 10 56 42 38 63 52 0 65 69 69 68 0 37 17 100 3 24 0 56 0 25 84 0 43 62 64 25 0 100 68 
48 0 52 47 70 53 92 0 71 52 22 87 81 93 46 19 34 0 76 53 97 81 17 0 49 92 0 42 9 0 74 95 
77 0 48 69 60 18 96 68 36 8 61 8 80 82 27 17 0 89 26 0 44 0 36 68 27 81 64 10 17 52 47 
92 0 78 81 77 0 70 0 88 52 22 81 94 59 29 93 23 76 85 2 0 33 38 34 0 21 62 12 18 82 
0 0 0 73 65 38 64 44 12 89 29 90 32 0 57 77 0 17 89 0 0 16 56 19 0 0 0 0 0 
40 12 0 9 18 75 0 52 0 0 74 0 0 23 63 54 4 0 66 0 54 99 51 82 0 92 0 31 
34 0 93 92 0 52 0 5 0 0 29 22 47 36 88 25 54 0 70 91 84 0 0 0 74 84 0 
0 93 0 17 0 44 42 31 0 60 84 23 80 0 0 6 55 3 84 73 40 77 0 14 4 77 
4 32 0 75 87 0 2 5 28 25 0 9 92 0 26 0 91 0 0 0 42 0 34 0 58 
72 0 0 19 48 0 16 67 23 8 81 0 42 89 2 31 64 53 32 16 0 75 14 77 
17 9 10 0 0 27 83 0 91 90 79 0 57 49 93 44 0 54 1 89 5 0 71 
6 12 26 76 55 71 0 31 53 94 81 81 80 93 0 1 1 76 11 73 0 90 
0 76 0 0 38 64 57 92 26 96 0 40 34 75 98 0 76 0 100 0 0 
0 49 0 0 86 36 5 83 34 0 92 0 16 93 53 18 23 97 0 21 
18 12 28 89 40 56 57 12 26 0 38 8 8 93 0 86 57 61 16 
0 52 83 36 7 0 68 30 62 0 43 89 0 20 65 42 0 79 
25 65 0 89 40 74 52 0 24 86 21 0 81 93 68 21 69 
56 99 0 52 40 0 43 0 75 94 67 84 0 0 0 39 
52 0 0 39 74 29 65 14 48 0 15 21 42 92 91 
0 62 87 39 0 99 0 0 8 55 81 0 98 0 
99 0 0 0 0 0 43 91 71 21 0 0 42 
0 6 2 56 54 60 61 62 0 47 51 94 
84 98 0 83 20 10 76 0 0 0 0 
0 0 0 42 79 94 22 0 35 81 
79 0 26 2 58 0 78 80 50 
61 2 68 50 74 82 73 29 
23 31 12 87 4 0 95 
22 55 82 0 76 39 
10 0 65 0 55 
0 17 93 48 
0 43 19 
77 97 
27 

#i: 7
52 3 0 69 89 1 0 2 76 49 0 80 56 2 75 63 45 10 23 71 37 18 73 0 0 7 97 0 70 0 98 0 28 4 0 13 12 87 16 54 30 23 54 0 0 43 
42 92 89 89 76 35 83 60 60 6 90 100 0 73 69 0 70 20 6 20 0 0 74 51 99 0 61 36 79 34 54 0 3 89 0 79 94 45 6 75 14 66 9 87 0 
41 16 3 37 61 92 7 77 80 60 0 19 73 94 88 0 0 23 26 0 56 0 44 72 48 71 41 96 55 3 91 0 89 3 83 77 30 77 94 0 19 59 0 15 
40 85 0 42 95 0 10 97 31 76 39 15 98 40 79 58 55 5 14 3 0 0 36 54 63 18 79 83 10 1 85 21 13 69 52 76 0 86 67 0 0 25 22 
91 0 61 82 67 74 10 74 25 65 0 35 64 0 68 16 91 42 32 0 53 31 15 25 67 0 82 50 8 58 0 0 75 41 37 25 5 10 47 15 28 0 
8 91 34 52 69 0 8 74 53 29 33 100 52 65 0 9 0 37 89 79 80 99 68 0 40 30 9 78 39 33 27 53 0 0 0 0 35 0 30 26 0 
0 86 0 0 6 46 45 0 57 86 45 0 0 0 17 87 88 30 0 73 38 35 69 54 67 51 51 90 82 0 0 59 81 71 62 27 24 80 55 37 
0 31 48 16 76 98 19 71 34 0 26 86 80 18 29 58 56 73 0 78 48 73 87 3 45 96 86 0 0 90 41 28 60 0 96 23 69 0 35 
59 18 0 0 0 37 90 0 53 0 23 0 0 81 18 64 33 0 55 0 24 60 100 28 59 51 4 23 0 59 95 97 13 40 0 0 0 84 
0 87 37 32 74 62 28 35 34 35 79 73 53 52 11 32 60 73 0 57 57 100 81 0 28 34 93 79 21 9 41 0 0 13 22 0 65 
99 10 95 85 25 4 9 0 0 0 73 61 97 0 78 0 68 0 0 69 13 0 11 0 46 77 0 60 78 0 0 0 94 57 19 70 
13 0 21 0 96 0 14 0 81 0 0 86 81 0 77 86 0 33 5 60 0 49 67 0 53 0 94 0 95 93 3 0 0 0 94 
67 50 91 65 73 93 0 82 25 8 96 79 0 68 82 25 70 34 0 0 73 35 90 9 46 97 30 13 0 78 55 0 13 99 
100 17 0 22 9 33 0 11 83 10 0 0 0 23 0 23 55 23 6 93 86 84 0 2 21 67 95 3 10 12 81 15 0 
0 0 0 18 41 53 94 73 0 58 0 22 97 53 53 16 74 4 19 65 0 77 73 0 0 55 0 38 0 0 31 0 
0 40 98 18 0 21 17 94 0 0 79 19 0 84 48 20 39 97 54 88 56 0 59 0 0 95 0 12 43 80 37 
97 38 0 37 82 43 40 0 29 33 83 43 37 75 78 2 41 70 44 65 0 39 30 0 0 22 19 95 37 0 
70 32 14 37 57 0 66 25 12 79 20 99 0 54 42 0 53 88 50 29 7 72 38 0 0 89 93 51 27 
43 0 26 19 0 85 20 0 88 0 0 35 0 0 0 3 94 94 100 100 0 0 0 0 7 8 16 14 
0 19 49 40 0 53 0 44 79 18 86 80 0 76 81 12 21 40 7 26 46 68 52 19 81 19 0 
0 36 0 21 91 98 89 74 63 7 0 78 0 100 76 39 4 69 27 90 0 53 8 43 32 0 
83 17 97 21 0 81 41 22 0 36 0 70 67 0 83 21 83 23 9 0 21 0 19 0 47 
8 50 49 0 15 71 0 0 0 100 9 0 24 48 57 31 0 72 73 0 79 0 47 0 
0 29 11 56 31 23 22 86 89 73 43 0 78 39 56 57 54 41 19 0 94 34 41 
11 0 17 40 11 38 0 0 0 0 91 13 0 53 56 52 100 20 0 0 0 59 
30 0 35 45 0 11 48 0 16 38 39 30 27 54 94 3 92 81 32 84 73 
83 62 0 89 93 37 47 47 94 68 33 94 53 41 0 66 0 90 0 76 
0 94 82 0 77 9 13 33 96 16 74 50 8 43 0 22 58 61 40 
100 0 16 0 39 46 0 35 49 0 10 0 5 20 0 69 0 0 
39 43 0 98 0 55 60 63 79 64 14 0 97 37 29 85 80 
4 73 99 0 19 99 99 10 93 0 54 94 31 0 70 0 
11 0 0 0 0 52 30 7 12 58 33 78 0 0 34 
0 0 45 0 0 95 92 97 77 0 64 83 64 20 
0 53 0 15 0 93 30 45 41 88 11 63 85 
0 98 48 12 42 0 81 91 79 4 34 52 
12 0 43 0 0 0 3 95 0 1 16 
0 76 0 0 0 54 59 34 98 0 
76 85 88 0 56 13 17 0 22 
6 16 50 10 83 44 44 26 
7 51 0 88 75 28 94 
9 0 75 59 60 0 
76 87 26 9 46 
0 67 82 0 
63 53 30 
53 69 
75 

#i: 8
0 4 7 0 0 0 95 0 6 76 91 0 48 50 24 2 46 8 52 86 0 77 22 52 54 21 13 68 91 0 82 33 53 65 27 0 38 0 4 0 72 0 70 56 0 
5 98 0 24 0 0 20 8 89 0 39 82 50 88 100 13 0 24 4 74 33 83 10 80 11 9 88 69 66 22 70 66 57 0 33 68 59 31 58 3 19 18 0 66 
53 1 33 0 13 56 87 100 88 30 14 50 18 0 98 67 23 40 0 0 0 0 0 0 0 0 99 95 34 0 68 0 41 14 55 53 0 39 79 23 69 0 21 
97 0 68 0 3 25 84 93 77 26 80 3 62 0 41 61 0 27 37 81 2 45 95 70 94 100 0 57 2 57 11 76 24 0 34 0 0 73 99 0 26 40 
72 0 22 21 48 45 73 0 0 57 0 42 0 85 42 14 78 45 0 60 59 0 63 35 86 73 15 12 94 62 24 22 0 74 6 64 40 3 0 13 48 
88 75 0 57 14 92 0 98 55 79 1 18 57 46 0 33 0 93 0 82 100 79 92 0 4 32 10 19 85 86 40 88 0 5 90 40 54 82 97 73 
84 0 5 1 57 0 0 0 0 85 33 14 0 0 88 12 50 84 37 37 16 37 36 45 33 32 71 0 92 16 0 0 0 15 45 52 0 99 0 
37 73 2 58 66 0 76 79 13 99 44 0 34 100 0 0 38 0 60 0 0 19 23 14 50 30 69 0 67 0 40 0 0 14 43 5 44 65 
57 0 5 23 56 100 67 0 26 34 5 82 92 9 91 76 4 39 92 0 2 0 0 57 14 48 52 82 0 43 77 42 35 0 89 62 66 
79 0 48 18 55 16 61 0 42 22 0 7 0 59 98 16 79 27 69 55 0 82 20 75 43 0 82 13 41 0 0 67 57 11 24 3 
30 78 56 7 0 2 1 18 83 95 0 50 0 82 13 38 7 0 60 22 0 59 0 100 18 0 0 49 81 0 71 54 33 67 63 
13 39 60 48 70 53 62 13 4 28 23 96 18 57 0 37 55 0 63 7 90 52 88 58 53 40 98 0 93 56 43 73 62 0 
70 39 71 98 63 42 35 78 43 0 14 0 78 0 76 16 60 0 17 91 0 94 62 24 64 3 0 51 38 0 46 93 0 
0 0 31 0 74 20 39 19 40 23 48 0 23 94 0 88 63 27 98 77 75 4 0 0 0 8 55 55 0 0 20 78 
0 73 18 19 26 17 0 63 0 61 94 49 15 0 88 0 76 33 6 77 0 0 45 25 0 5 11 2 97 0 87 
0 0 34 9 67 50 0 65 4 0 68 60 0 34 5 47 91 85 57 70 0 0 31 69 0 0 50 86 0 0 
30 28 5 61 0 70 1 54 19 0 99 0 18 0 14 14 96 15 4 79 43 81 0 27 0 59 53 17 0 
37 26 0 66 0 5 28 75 0 88 90 0 0 93 0 0 85 94 86 0 87 19 34 31 77 31 69 0 
13 1 65 9 71 81 6 0 13 40 97 32 0 0 0 94 52 0 39 0 39 75 0 60 80 91 20 
19 95 67 12 66 95 31 0 0 63 93 0 99 0 44 58 84 40 63 81 57 85 37 99 6 34 
14 1 41 96 19 0 7 77 18 59 0 24 48 21 52 21 90 18 73 0 41 9 85 90 0 
51 77 59 32 0 62 51 56 39 41 68 16 71 54 0 97 39 0 99 0 100 10 8 26 
50 54 95 89 28 0 38 34 74 0 21 30 78 73 33 61 60 47 34 59 51 0 10 
0 94 96 0 1 74 90 65 87 0 80 34 31 46 2 0 60 88 53 35 37 18 
92 66 13 34 0 77 52 62 86 18 98 25 51 24 89 73 0 19 0 64 10 
87 76 60 26 4 79 53 84 11 70 90 0 0 74 98 64 0 82 86 98 
25 29 51 0 55 0 45 8 0 42 10 1 0 74 0 99 29 66 40 
53 18 83 21 14 99 56 42 0 61 18 7 48 0 16 45 0 87 
61 67 31 13 0 0 73 0 62 1 90 44 80 20 79 94 33 
22 36 20 39 0 0 3 47 86 3 21 7 100 41 73 93 
73 11 71 73 67 47 78 16 95 82 12 0 78 81 1 
87 1 15 100 44 37 0 22 0 74 53 65 67 61 
18 67 54 0 78 15 51 26 45 71 79 42 58 
75 60 49 57 96 0 50 28 70 0 15 39 
37 6 47 46 29 92 76 47 32 98 18 
55 1 0 40 0 0 91 0 0 46 
61 29 12 44 0 0 28 79 0 
0 15 33 4 10 5 82 89 
90 59 0 79 62 66 67 
0 18 0 37 91 68 
0 0 95 21 55 
96 16 88 58 
49 0 29 
77 3 
60 

#i: 9
0 0 45 60 6 28 0 86 42 37 20 58 43 38 0 53 7 80 64 94 0 33 6 0 0 69 83 93 43 0 93 34 0 12 34 72 16 0 0 4 0 57 88 71 
92 96 11 96 2 0 0 99 94 0 1 20 0 81 54 70 77 46 25 83 83 11 25 0 0 95 76 2 33 92 40 98 34 1 87 52 0 86 30 90 34 0 0 
100 86 11 29 81 94 97 32 12 0 0 50 80 98 57 0 0 63 82 70 23 0 43 83 0 19 0 6 89 69 41 0 0 0 61 44 0 0 0 56 0 70 
19 38 0 29 19 0 0 58 43 43 78 11 32 0 14 8 11 24 47 12 74 76 0 0 0 100 28 0 76 67 7 80 9 34 0 62 70 0 57 23 19 
67 100 0 0 58 0 53 80 0 37 0 50 28 4 92 86 0 0 92 25 66 85 100 28 0 0 0 0 89 52 24 4 81 0 39 79 81 0 57 0 
87 8 0 47 88 0 0 63 86 0 97 22 33 84 56 80 27 13 41 100 43 50 93 24 47 6 61 38 63 0 0 0 0 80 36 11 37 26 49 
77 7 0 73 91 100 60 0 0 23 70 0 59 0 44 37 49 0 17 55 0 96 71 91 10 1 60 54 93 23 0 25 0 19 0 95 55 96 
1 84 0 62 13 47 81 81 47 0 45 86 0 4 47 0 0 0 0 75 88 40 100 40 63 7 22 28 42 0 0 27 39 66 36 73 23 
50 32 72 0 0 0 71 58 48 0 40 89 0 29 1 64 0 49 32 13 0 0 0 27 99 88 52 0 69 0 52 24 83 66 82 44 
44 70 59 42 9 0 60 77 62 34 23 0 91 45 35 52 88 0 12 0 69 51 97 9 38 85 26 32 0 60 32 0 3 0 0 
14 0 11 0 94 60 0 0 59 71 36 0 37 0 41 70 0 0 94 3 9 43 37 9 33 38 74 73 69 0 60 0 8 80 
0 78 95 53 35 0 92 35 61 0 1 68 19 8 8 90 0 0 47 88 0 50 0 85 9 49 79 8 63 56 12 10 0 
18 0 0 0 14 76 59 0 47 0 0 8 0 47 80 64 44 0 60 8 0 31 7 4 91 47 29 0 92 0 60 21 
59 49 0 53 2 36 72 39 56 73 5 59 81 41 0 44 73 0 19 0 39 77 2 76 37 0 89 76 32 0 33 
100 5 65 8 44 59 0 88 0 99 89 34 74 60 36 8 96 72 62 19 8 9 23 15 0 18 59 75 11 7 
0 26 0 0 0 38 21 35 43 75 80 6 77 90 0 20 14 6 76 44 44 90 11 77 85 56 23 13 86 
11 26 39 90 28 0 0 67 34 14 38 57 41 0 17 0 0 45 0 19 0 55 80 43 38 0 74 0 
94 80 33 21 71 87 47 34 14 76 0 3 36 86 6 18 89 90 0 49 19 0 0 3 43 30 0 
2 33 12 47 77 0 79 16 100 0 0 0 56 91 18 8 18 88 14 60 42 89 75 78 73 0 
48 21 0 78 0 44 46 86 37 0 78 96 83 53 41 62 60 14 10 0 82 67 5 0 36 
8 23 27 0 94 0 66 92 33 17 11 4 63 30 83 0 67 98 75 81 99 74 95 28 
66 0 97 25 68 10 0 67 9 59 73 0 78 65 60 26 74 42 96 22 51 0 39 
45 0 50 0 0 74 0 0 0 0 5 82 33 69 43 60 0 2 14 13 0 22 
37 81 0 0 42 59 89 35 88 79 67 77 33 0 0 73 55 85 11 3 2 
32 32 41 44 38 0 34 3 45 62 46 48 19 0 96 10 0 0 62 100 
14 0 55 11 0 99 42 43 91 70 97 28 88 68 0 5 24 88 82 
70 0 44 39 88 0 50 49 35 7 0 0 0 30 52 80 79 46 
76 49 84 22 38 64 0 19 67 0 39 0 84 52 27 34 0 
0 0 82 97 0 98 18 52 82 30 15 0 28 67 74 96 
66 0 3 36 0 88 0 0 19 90 14 6 95 41 21 
0 35 0 7 66 24 82 98 32 0 0 0 33 30 
48 3 42 0 5 0 52 31 75 100 42 14 73 
33 18 0 0 0 80 9 35 72 47 51 74 
0 75 91 34 44 0 0 0 0 78 12 
12 43 53 0 30 0 30 0 79 86 
0 6 0 62 38 12 100 0 1 
0 32 61 0 60 0 0 94 
0 59 25 31 92 46 0 
55 0 27 35 100 91 
25 7 86 0 40 
39 0 0 49 
81 51 0 
0 0 
54 

#i: 10
22 49 26 0 0 0 5 25 0 81 53 81 48 12 43 38 14 55 1 21 95 67 51 97 84 94 61 39 74 88 0 14 25 29 97 0 31 0 71 100 53 95 10 
64 82 86 47 94 18 14 16 85 39 43 57 57 58 26 24 0 61 1 84 0 23 50 38 72 0 0 40 23 0 75 98 70 70 0 81 38 32 0 95 37 0 
100 32 60 91 45 25 12 57 84 74 38 81 57 13 45 89 0 87 1 0 7 0 46 72 0 28 0 23 0 8 37 0 62 41 20 80 0 86 62 28 7 
10 3 70 4 51 22 0 0 50 21 22 0 75 18 69 90 18 37 0 93 70 73 26 12 25 56 19 54 39 74 50 0 70 79 11 0 0 22 0 97 
16 51 37 57 81 0 0 88 89 33 50 23 94 12 35 48 64 76 78 16 19 11 0 0 41 26 65 16 0 6 52 55 29 14 0 0 4 0 79 
13 52 76 72 26 75 42 0 89 32 0 0 29 75 44 84 69 69 42 0 7 0 47 55 89 28 49 97 69 0 0 79 32 92 57 0 97 13 
40 0 7 33 78 100 71 0 83 0 17 70 0 38 56 7 74 29 85 0 32 95 0 23 53 85 77 0 39 0 72 42 0 72 0 14 74 
55 83 36 16 87 0 69 0 51 0 21 0 60 44 97 9 49 0 0 48 13 8 0 0 0 0 95 0 98 0 82 24 39 77 86 15 
48 0 97 72 83 86 0 22 7 46 38 0 72 0 48 74 0 0 45 0 75 0 21 13 4 84 73 68 0 90 75 0 0 0 72 
62 19 48 48 86 66 3 51 39 15 19 59 72 41 83 92 0 8 39 81 48 90 49 76 86 31 16 61 16 16 95 21 0 0 
51 6 0 0 100 0 54 21 82 1 38 0 0 79 2 60 0 40 34 40 24 6 0 96 0 77 21 24 22 0 11 15 92 
0 39 79 28 39 13 0 54 42 44 93 0 44 0 67 16 41 0 26 0 46 13 0 0 13 82 91 60 92 0 58 94 
0 0 88 0 78 0 53 87 34 53 23 14 0 93 41 12 3 20 95 0 0 32 54 55 0 0 4 0 60 0 0 
0 42 26 26 30 0 0 90 87 0 74 7 0 72 44 0 0 60 61 95 4 23 0 32 11 0 79 15 0 19 
0 94 0 65 10 95 56 8 63 38 99 72 19 0 0 34 53 98 64 54 0 92 44 55 42 0 0 24 24 
46 96 52 80 0 55 28 46 69 71 15 21 90 5 0 0 61 57 0 50 7 31 40 73 94 0 85 0 
13 83 88 0 42 44 0 91 44 42 0 0 0 10 0 99 72 2 6 0 46 51 37 17 65 6 92 
24 54 95 0 48 48 20 0 9 39 26 63 99 95 32 0 83 68 0 68 44 8 0 17 4 44 
0 14 85 31 0 43 67 89 27 0 68 38 42 78 0 99 73 87 54 72 0 5 36 40 25 
0 95 80 97 16 50 35 21 73 40 44 87 0 37 53 71 24 0 1 3 0 0 4 63 
65 46 76 88 29 51 77 46 40 67 0 40 29 52 32 67 98 53 44 4 33 46 97 
0 62 73 18 0 0 18 0 23 0 49 0 31 49 4 9 96 59 68 0 59 75 
58 44 0 71 42 0 51 75 3 0 76 57 64 36 47 0 0 83 79 60 32 
0 44 0 66 29 4 97 79 52 39 13 14 0 12 64 35 22 0 56 17 
67 79 52 97 5 0 61 0 0 0 21 34 0 19 88 30 23 0 10 
0 0 81 92 59 19 86 0 7 10 0 9 0 8 60 0 35 1 
0 0 44 57 0 32 0 0 35 22 0 0 76 48 56 25 50 
50 0 3 26 84 33 53 0 76 0 0 77 90 83 0 0 
36 85 0 71 39 28 30 89 52 66 23 67 21 61 47 
72 83 55 0 9 0 0 66 11 0 85 16 25 93 
42 0 45 61 24 0 7 98 0 11 0 92 86 
82 0 45 96 0 13 51 39 33 0 0 99 
54 0 21 26 3 87 92 0 32 41 27 
19 71 27 0 16 78 82 0 54 63 
34 95 33 0 79 0 81 35 63 
0 0 0 0 23 54 27 77 
58 51 11 14 74 0 33 
0 35 0 0 23 32 
0 88 12 86 54 
0 39 98 30 
0 25 0 
85 96 
0 

#i: 11
66 77 64 96 93 71 18 89 80 0 0 76 0 72 41 55 0 54 47 22 11 0 97 0 78 22 74 37 55 40 61 96 76 27 67 0 28 55 1 2 88 49 
32 23 66 16 88 0 12 39 87 0 0 72 15 0 0 44 29 0 0 3 84 57 46 43 34 61 15 100 0 33 40 39 46 31 21 61 29 59 13 47 11 
0 94 82 31 29 29 23 59 13 0 4 4 51 19 49 0 96 0 48 38 17 72 0 63 39 57 49 47 0 0 5 94 0 49 51 0 8 27 0 0 
27 58 72 14 0 65 53 25 90 25 53 0 62 0 37 54 0 19 60 0 36 53 18 73 82 6 0 57 41 76 0 61 0 59 85 79 87 0 44 
0 0 98 2 0 10 82 33 29 0 85 18 50 0 22 84 0 70 0 0 0 12 15 0 5 0 6 49 60 83 57 96 0 96 99 85 0 17 
0 58 22 0 31 77 0 30 23 90 84 72 26 77 87 100 0 16 0 25 98 41 92 0 53 3 96 0 0 0 23 38 6 0 75 29 72 
67 51 16 65 43 77 11 27 55 0 100 80 18 42 20 0 0 14 98 32 18 0 0 0 31 81 77 60 29 72 0 0 70 20 0 8 
71 60 35 8 23 0 0 18 46 28 31 97 0 56 82 0 11 17 70 0 0 61 71 92 40 90 97 84 87 0 21 76 0 80 17 
0 80 57 0 17 69 89 75 62 0 65 98 0 1 4 15 71 15 93 81 15 46 0 93 42 76 12 67 91 0 65 43 84 0 
69 0 26 76 82 65 30 0 78 0 59 38 49 0 55 69 51 11 57 33 2 61 52 39 0 59 8 2 20 98 38 3 0 
80 25 95 89 59 44 0 71 33 6 10 5 16 0 45 0 78 44 0 16 41 97 40 75 36 18 69 48 76 34 0 10 
0 0 31 26 16 70 0 60 0 29 19 0 81 27 56 44 59 0 0 42 32 0 6 0 21 70 0 83 15 49 48 
58 0 49 55 23 31 9 15 0 5 0 96 29 0 74 86 5 0 45 17 0 0 97 0 48 0 31 33 75 50 
77 41 0 82 0 75 90 90 0 0 87 89 62 52 37 9 21 84 5 74 31 60 67 0 63 61 0 32 0 
97 89 44 0 51 31 0 83 36 53 67 77 0 26 86 0 81 89 97 0 40 77 80 0 90 6 0 0 
14 32 90 35 26 3 0 67 93 10 13 32 0 5 77 0 55 48 0 0 0 45 41 18 48 0 0 
49 0 74 59 81 61 3 42 0 83 31 73 0 96 42 25 25 0 68 90 36 37 30 90 62 90 
39 95 74 12 60 56 19 32 0 0 0 0 57 96 7 63 75 72 99 4 7 56 74 67 80 
57 73 0 0 60 50 0 0 47 84 24 24 0 12 0 0 0 82 39 0 52 0 0 11 
11 38 0 35 27 95 0 65 50 73 81 31 40 53 52 0 0 57 26 32 9 17 59 
86 1 0 27 98 56 92 0 48 2 0 91 97 17 52 70 0 0 38 65 15 0 
87 60 35 25 26 4 90 0 80 0 56 89 83 78 47 0 12 8 0 0 33 
0 87 1 24 90 69 0 37 47 46 5 15 0 98 18 83 86 0 96 93 
37 17 36 0 0 0 89 97 86 0 86 8 78 0 78 0 7 43 86 
0 0 74 0 36 0 0 32 78 71 0 81 9 47 0 97 16 93 
29 10 56 90 0 55 81 0 41 0 0 0 94 78 10 8 75 
0 50 64 0 92 98 0 57 0 0 64 75 39 70 68 63 
0 2 56 0 72 71 19 59 0 24 0 28 60 88 0 
50 76 51 48 31 97 0 0 17 75 0 3 20 49 
63 69 25 34 58 0 50 66 14 7 91 10 0 
72 9 98 40 24 0 9 47 50 0 37 88 
0 92 0 0 51 74 79 89 0 73 85 
62 79 24 10 0 21 38 10 62 2 
55 0 45 99 72 0 27 15 0 
57 5 59 23 0 74 32 0 
93 96 88 29 41 18 33 
46 42 1 2 69 58 
73 35 0 93 47 
3 0 49 17 
0 0 88 
23 29 
94 

#i: 12
0 77 53 0 0 12 79 33 0 0 3 67 63 56 86 57 50 23 100 8 55 44 0 90 90 0 31 0 0 97 56 0 0 17 71 82 0 40 51 0 63 
33 19 44 18 24 53 31 84 29 0 54 0 10 17 94 0 20 27 30 14 95 0 8 49 37 46 58 100 82 0 97 68 0 40 0 27 0 26 95 0 
0 0 92 0 74 25 63 15 77 0 43 76 11 44 31 86 13 90 24 1 52 31 0 0 21 72 0 0 98 63 14 0 71 0 0 97 17 0 26 
0 37 0 67 0 0 36 15 10 69 1 62 0 80 24 0 33 0 92 0 83 95 17 80 18 89 73 54 0 16 71 19 33 0 49 44 28 66 
73 13 99 0 0 27 98 43 98 50 91 88 0 0 50 0 10 61 36 45 9 0 26 77 100 67 79 0 89 25 25 60 0 68 46 81 0 
97 11 25 34 0 53 18 0 84 95 0 97 31 0 97 61 62 96 88 13 41 0 0 30 34 0 0 68 32 93 18 28 88 0 41 30 
75 50 80 65 45 9 58 32 79 76 0 58 0 86 22 79 30 0 49 41 0 70 0 75 67 97 85 87 0 49 53 0 68 39 91 
0 12 0 51 70 53 55 12 27 0 0 13 21 99 39 56 0 0 20 60 36 43 60 9 0 0 72 77 82 60 11 76 11 94 
0 55 87 26 23 57 12 6 45 28 0 83 99 0 59 97 63 82 3 17 95 54 57 85 0 0 13 0 67 19 42 61 38 
99 47 0 14 0 91 0 2 36 69 74 45 90 0 7 0 27 13 0 0 57 96 48 50 98 0 6 85 65 83 0 0 
87 4 93 47 20 19 0 0 43 50 0 15 86 61 14 0 0 32 1 0 26 0 64 98 82 47 85 93 0 76 31 
96 49 52 1 69 27 59 0 2 44 7 0 26 48 26 97 57 0 0 97 23 37 14 4 84 55 0 47 55 0 
0 0 57 36 0 75 91 32 61 27 0 34 52 65 25 4 0 45 0 38 91 100 67 43 75 89 38 59 0 
40 1 79 84 0 0 44 0 1 100 81 12 4 0 45 0 27 33 0 91 71 44 0 25 76 9 0 62 
0 0 32 85 46 75 17 59 0 47 33 57 90 0 16 7 89 72 15 0 65 49 65 0 98 0 35 
98 89 0 91 22 20 85 0 6 37 55 21 59 41 0 22 92 3 69 0 76 67 0 0 0 0 
2 44 83 66 33 97 32 35 14 33 72 3 74 0 0 83 9 50 93 14 12 0 0 0 83 
49 36 33 37 92 1 5 29 95 29 40 0 78 17 88 26 86 13 80 59 0 4 0 12 
0 83 83 35 0 30 31 0 0 1 86 0 9 91 83 48 72 89 13 16 62 35 0 
32 28 0 40 0 0 39 63 71 35 51 41 97 70 14 43 0 53 25 9 26 0 
68 77 29 9 4 7 87 25 13 0 2 21 0 32 1 17 86 72 53 86 0 
74 20 29 87 0 64 30 53 39 0 6 86 22 41 5 0 64 96 0 0 
59 69 3 0 84 4 74 0 15 50 40 68 52 0 62 66 50 2 12 
59 80 98 81 22 0 55 39 57 39 41 72 46 8 53 65 17 33 
81 37 6 12 39 16 34 66 78 58 38 32 89 61 96 98 36 
83 7 93 4 31 0 0 0 26 90 62 86 53 45 0 0 
0 3 45 7 0 82 0 21 42 17 58 63 80 84 4 
0 4 0 20 33 0 81 73 83 0 13 29 59 48 
100 0 77 15 81 7 10 70 0 66 13 0 0 
99 0 8 50 0 0 0 86 0 19 0 84 
62 0 78 76 0 70 86 47 31 0 0 
16 23 0 47 0 1 62 65 0 43 
26 8 96 86 43 17 0 66 86 
17 42 68 47 51 13 84 76 
2 0 9 0 16 40 40 
64 3 0 0 69 35 
0 49 59 79 93 
53 54 0 82 
6 19 0 
89 50 
0 

#i: 13
93 26 16 57 74 13 73 62 0 51 0 0 25 10 80 0 43 0 53 83 0 77 83 0 34 78 31 41 27 99 6 42 0 0 65 84 42 70 20 27 
86 97 81 0 54 46 5 98 20 0 0 84 0 74 1 54 83 60 93 0 1 38 79 60 77 28 77 0 64 0 31 77 9 0 89 63 29 0 28 
52 82 94 0 6 9 0 57 70 0 96 0 97 18 57 0 32 75 0 0 80 51 37 40 0 58 0 100 0 73 66 0 1 12 75 98 41 47 
34 24 86 81 63 49 49 85 14 0 36 0 58 19 69 43 77 0 92 7 0 13 84 38 0 0 96 17 40 0 77 0 42 72 92 25 32 
81 50 75 49 63 4 80 43 38 32 26 2 100 0 11 89 0 77 69 36 48 57 0 72 0 65 0 60 68 13 23 11 45 95 92 47 
35 40 0 51 36 29 50 59 12 34 52 0 93 26 0 95 63 76 100 32 28 62 0 14 21 6 58 65 45 97 0 38 10 57 18 
0 1 99 63 25 24 20 2 21 35 0 16 0 89 68 30 6 0 0 4 32 23 84 6 52 45 3 27 99 51 29 0 89 18 
0 72 13 67 0 19 15 49 7 7 63 43 0 90 35 0 0 12 0 0 0 25 46 73 27 47 47 3 0 1 70 96 1 
0 49 86 0 48 3 90 39 0 0 59 60 77 2 81 0 32 0 8 0 0 80 34 3 94 82 69 95 38 83 0 0 
75 76 0 25 84 41 80 51 42 8 72 47 0 0 5 78 0 0 0 0 45 16 94 0 24 65 5 0 58 35 79 
98 42 24 85 53 100 0 63 66 0 98 63 50 66 20 0 98 0 0 0 58 70 52 0 3 82 52 3 0 49 
98 0 0 73 21 0 27 0 98 39 95 0 88 9 59 84 40 15 48 13 28 23 70 90 41 0 55 74 53 
0 67 67 22 97 22 88 98 38 47 0 64 0 50 58 80 87 3 26 48 42 62 73 60 0 0 85 93 
17 84 71 85 9 4 70 43 15 97 0 15 61 26 0 0 0 0 62 97 81 97 53 0 0 0 83 
53 0 48 0 88 24 0 10 45 0 27 98 0 0 0 0 0 80 0 94 0 8 7 39 59 0 
0 16 50 3 94 41 19 96 12 51 78 0 100 83 16 59 52 21 0 34 85 39 42 48 0 
19 66 0 24 9 0 61 9 35 0 0 22 95 0 25 0 2 61 50 0 72 0 0 75 
30 82 31 80 98 51 91 0 53 74 15 0 94 37 19 93 12 92 26 10 7 0 0 
93 95 0 95 64 21 72 68 67 0 0 97 76 64 53 3 26 0 90 5 0 0 
0 48 25 39 0 8 94 95 91 85 66 11 97 58 11 0 12 6 20 0 76 
0 61 20 37 0 57 54 45 35 28 0 67 81 0 70 51 83 71 55 75 
0 38 67 43 0 95 0 6 53 44 52 34 76 94 91 49 27 0 40 
0 64 9 19 0 64 74 0 76 37 20 88 35 8 38 0 74 82 
85 46 0 8 52 90 18 27 79 0 94 7 0 95 39 39 0 
100 0 11 21 34 0 0 12 85 12 69 41 51 0 27 0 
6 5 91 0 50 0 17 51 0 66 39 27 50 42 0 
27 61 0 18 0 0 40 13 73 98 11 28 100 72 
34 4 86 23 87 27 68 80 0 32 0 49 0 
70 88 17 0 0 71 77 27 100 0 20 17 
96 1 55 8 50 94 73 78 29 0 0 
95 95 48 36 0 0 63 69 57 47 
46 81 32 0 87 37 21 73 73 
14 0 67 0 49 0 19 98 
35 0 90 0 0 0 0 
0 82 0 98 95 65 
66 56 0 70 54 
26 87 44 43 
56 61 35 
70 30 
20 

#i: 14
12 0 0 40 0 56 69 44 38 94 0 78 38 0 0 95 55 0 1 0 52 4 0 74 0 89 0 0 90 44 9 39 86 0 0 0 0 72 69 
69 62 97 0 0 80 52 58 70 70 82 28 0 31 58 0 16 58 37 56 9 0 0 59 96 31 33 62 31 1 8 52 98 84 25 87 48 0 
60 52 11 74 0 92 87 99 36 0 0 86 20 85 0 39 0 50 55 84 75 87 0 0 65 67 50 26 0 23 19 53 23 1 98 58 59 
70 53 91 0 79 0 51 0 24 0 100 59 49 20 65 67 85 61 27 31 39 53 0 0 27 3 20 25 52 41 0 88 46 17 85 62 
53 67 2 100 89 0 0 87 96 14 0 68 6 4 81 18 87 0 86 8 91 0 20 0 32 92 0 1 0 68 0 30 7 0 0 
98 18 52 0 75 47 69 0 92 0 26 2 0 86 30 43 72 0 34 0 8 11 2 0 43 30 24 0 34 55 65 22 63 0 
0 0 11 34 98 68 54 4 100 18 28 64 9 0 42 76 49 82 27 98 0 55 0 91 0 93 92 77 0 35 0 0 1 
31 3 50 30 63 56 42 58 0 8 4 0 0 0 0 0 77 38 67 0 25 0 51 0 23 74 62 27 76 66 8 85 
35 65 62 91 81 41 74 74 0 21 0 36 0 92 50 92 62 21 84 0 22 6 8 99 20 0 87 2 62 24 48 
0 68 0 40 60 75 17 3 71 76 31 56 55 18 37 60 0 19 39 22 0 48 1 0 46 51 36 0 60 47 
0 0 72 79 34 14 37 89 76 76 0 9 41 12 77 21 72 54 42 21 77 0 78 44 12 0 37 49 14 
0 64 90 52 0 90 7 59 0 63 23 0 78 13 0 0 8 17 9 0 69 0 0 0 33 0 40 0 
100 47 0 0 22 90 16 0 100 0 4 0 70 46 28 0 0 0 94 0 84 7 16 0 64 0 60 
22 41 26 0 96 0 0 86 56 34 64 0 0 17 0 0 83 60 27 0 79 52 66 38 52 41 
10 36 0 36 28 0 34 12 0 0 16 99 29 42 65 19 55 38 98 56 20 5 47 0 71 
73 27 24 0 27 0 73 96 0 80 0 3 43 24 52 14 26 56 71 64 47 89 73 2 
71 94 74 65 17 47 0 29 0 79 99 83 0 8 92 11 40 71 0 13 0 0 41 
0 26 80 4 59 0 1 91 0 76 84 47 64 0 30 39 94 34 52 0 7 0 
0 94 12 70 28 0 84 11 1 49 2 84 13 65 49 30 37 45 48 27 0 
22 0 52 0 0 0 0 28 91 29 0 0 83 85 0 84 58 20 90 0 
81 75 10 70 24 100 0 0 0 0 0 41 58 10 11 51 48 40 84 
30 0 0 52 0 0 0 0 92 20 0 91 75 0 0 0 0 28 
89 32 52 30 96 0 20 92 63 2 20 23 21 52 32 28 81 
65 79 92 69 46 13 87 3 0 37 80 0 0 5 19 86 
0 87 13 31 0 2 0 37 84 45 36 1 12 86 36 
14 33 14 39 99 0 0 0 58 0 0 72 44 0 
0 75 51 0 27 54 75 0 34 0 0 0 34 
0 79 40 0 82 5 0 91 0 30 0 23 
34 57 95 37 39 0 89 59 0 45 4 
18 0 17 54 20 5 0 0 89 14 
73 29 75 26 59 39 0 48 88 
20 0 97 77 27 98 27 79 
32 62 0 24 17 26 56 
0 82 53 67 0 0 
5 91 60 4 84 
87 56 0 43 
37 0 62 
57 0 
63 

#i: 15
65 86 0 58 82 88 96 51 68 33 56 40 77 59 35 17 75 41 9 0 70 0 34 15 65 4 19 0 0 56 85 23 0 80 0 92 0 61 
36 49 0 82 0 74 94 0 0 76 23 20 15 64 0 0 67 53 70 56 64 23 0 6 45 37 94 0 0 16 35 84 0 13 55 0 53 
38 8 28 84 92 74 41 0 0 70 37 98 47 66 5 30 67 57 17 0 0 57 68 0 79 0 86 56 94 67 58 0 7 70 0 0 
0 26 27 49 76 0 54 28 1 60 0 0 34 25 0 39 79 23 46 48 39 20 79 57 0 68 56 69 0 0 65 36 38 42 68 
66 15 96 1 50 18 34 78 29 88 63 20 17 23 15 0 0 63 15 74 0 60 85 6 52 66 49 0 0 0 74 68 4 18 
0 73 0 93 81 26 67 0 95 84 90 36 31 57 74 72 67 43 0 70 48 6 34 16 11 0 48 86 66 8 33 0 76 
85 0 87 84 0 0 0 0 0 40 97 18 46 33 3 0 0 65 23 71 50 0 62 86 0 90 99 0 23 0 0 0 
87 36 94 94 74 90 0 5 22 88 76 67 40 7 34 0 76 0 0 0 84 75 3 70 99 91 0 87 81 24 35 
68 23 0 27 54 4 25 0 24 87 0 81 9 0 54 72 61 79 24 69 7 89 63 5 65 44 97 0 0 11 
2 100 85 0 77 62 87 72 0 39 56 44 0 0 78 83 62 67 73 0 16 30 30 3 94 51 16 7 53 
61 2 0 90 5 0 64 32 86 58 55 0 94 0 85 32 25 45 12 0 28 0 22 37 36 0 41 41 
0 58 7 84 87 2 0 0 7 14 11 19 21 69 32 0 94 46 0 65 2 0 83 77 48 0 78 
0 0 0 23 61 0 10 52 42 4 31 13 0 54 11 50 0 0 42 35 76 83 63 0 37 1 
88 38 46 5 0 89 62 0 50 45 49 0 0 18 71 62 91 58 0 85 0 77 19 0 62 
69 0 0 0 69 14 5 79 67 30 8 74 84 28 0 0 28 52 77 0 0 52 0 60 
0 27 93 84 7 3 63 15 97 79 0 26 73 18 0 0 38 0 0 74 9 31 33 
87 0 11 23 0 62 76 13 93 0 90 1 0 31 10 66 75 73 55 29 7 0 
14 89 35 48 1 38 2 87 5 31 31 0 83 0 30 5 14 94 97 53 59 
54 0 88 31 94 15 97 0 2 47 93 0 0 40 0 11 36 53 78 25 
11 62 0 8 11 21 0 59 44 0 59 86 94 100 88 48 63 74 10 
62 19 29 66 43 16 69 69 89 83 27 0 66 16 0 0 38 42 
68 98 83 52 0 57 0 0 29 94 67 74 12 87 42 48 23 
62 84 54 45 36 0 0 60 100 0 38 18 4 0 100 20 
0 0 0 0 0 0 28 18 69 0 50 5 31 95 74 
84 61 40 0 0 27 83 42 99 1 16 49 37 80 
0 36 15 90 79 0 15 75 72 93 61 14 0 
0 2 26 0 23 0 0 64 73 0 60 94 
0 14 0 42 91 0 79 94 89 37 82 
18 33 64 74 79 81 42 9 37 0 
53 18 3 0 0 97 61 92 0 
43 78 31 43 0 46 0 0 
50 50 48 0 81 0 29 
11 0 51 8 4 8 
1 35 0 63 100 
0 67 36 79 
66 88 99 
54 79 
0 

#i: 16
79 90 0 37 0 0 41 0 0 71 27 82 91 54 0 83 84 9 0 35 0 77 0 93 84 58 89 28 0 9 19 0 0 15 9 11 90 
36 0 44 23 2 9 59 69 0 84 85 0 1 45 64 17 68 28 56 85 85 30 51 4 0 36 0 39 41 0 98 59 56 0 5 40 
69 2 0 56 0 23 0 32 54 42 92 49 0 100 0 3 0 47 61 59 93 79 0 98 87 60 85 61 17 11 61 69 0 95 82 
0 30 0 0 81 97 30 67 97 0 96 99 87 0 86 97 83 12 14 0 24 51 6 4 24 57 0 0 0 0 0 0 0 0 
47 63 0 29 79 73 56 55 35 17 11 70 0 35 69 0 0 5 51 5 68 38 72 48 86 0 0 75 16 0 0 0 71 
14 0 0 34 19 0 81 66 10 17 30 78 0 79 55 67 3 80 3 0 0 11 0 97 58 100 18 5 84 6 0 0 
16 64 49 65 56 28 72 41 3 15 80 80 53 0 0 59 0 57 43 72 0 14 12 7 0 1 10 86 0 92 46 
0 40 67 42 11 17 82 0 81 13 0 26 75 45 0 91 62 92 0 99 63 41 49 65 0 6 28 100 0 0 
43 76 85 10 2 50 23 48 10 52 19 68 0 77 88 0 63 87 71 24 0 27 91 95 0 3 0 0 11 
11 0 17 100 0 99 0 11 63 0 80 53 7 0 77 0 49 30 63 65 2 89 34 44 78 50 0 0 
13 0 22 13 12 0 0 0 0 48 86 37 0 0 47 0 100 32 67 12 0 63 67 0 65 41 0 
74 94 61 86 88 92 80 0 34 25 98 45 0 0 13 33 5 11 42 22 0 0 0 88 0 0 
23 66 9 79 30 40 34 70 0 14 67 0 92 8 94 46 0 24 50 9 0 8 46 2 39 
67 33 95 0 62 11 39 0 0 42 59 66 0 99 93 68 37 79 20 69 0 6 19 36 
83 86 71 31 33 18 70 42 0 0 49 72 79 77 31 0 74 65 0 74 11 9 43 
75 29 4 92 26 37 19 0 20 28 84 0 81 0 73 55 72 4 0 56 56 13 
80 0 34 0 50 41 52 0 0 30 0 60 0 72 62 83 0 19 79 52 23 
9 22 19 14 0 73 79 57 100 0 0 13 89 16 5 14 77 85 27 16 
85 69 96 86 0 0 0 14 48 82 0 15 90 95 11 0 61 75 0 
77 97 77 0 8 49 0 5 15 94 6 99 59 0 21 23 84 81 
0 0 83 0 94 0 79 35 0 53 0 91 16 26 10 46 0 
28 85 20 3 67 3 96 79 88 82 0 49 0 28 49 0 
11 0 0 67 68 43 43 76 47 54 36 26 57 35 30 
1 61 75 7 95 12 0 28 87 0 35 0 0 28 
0 94 8 28 62 26 0 0 0 0 97 14 0 
51 0 33 100 93 13 0 49 63 0 93 11 
0 0 71 0 84 0 99 53 85 0 21 
100 1 65 93 74 83 34 24 13 84 
88 27 3 0 75 0 89 90 63 
16 22 0 0 25 86 65 87 
48 86 0 3 22 72 86 
0 71 70 18 7 0 
46 46 0 35 78 
27 0 89 0 
48 0 80 
6 3 
60 

#i: 17
22 25 31 85 1 53 95 30 0 67 0 85 0 99 22 67 51 0 76 0 0 78 0 0 91 0 41 0 72 0 36 0 86 20 9 57 
52 0 0 60 69 97 94 16 0 5 85 0 0 35 16 94 52 11 0 95 89 0 0 0 85 0 47 97 53 79 0 66 72 35 35 
46 27 65 40 74 15 0 5 60 20 0 51 0 51 83 59 0 24 48 35 22 32 0 24 87 61 35 20 18 3 0 32 71 80 
77 38 0 0 27 22 82 89 23 0 0 59 20 36 50 32 0 0 98 47 76 0 0 0 0 64 43 79 57 0 0 5 77 
60 76 49 65 0 38 74 15 73 0 63 0 30 10 10 0 80 0 45 40 95 0 9 58 19 0 96 17 6 65 0 30 
32 71 50 15 0 47 73 0 91 42 35 13 1 0 0 0 39 1 72 57 0 97 81 0 87 95 0 0 57 0 99 
50 0 0 100 59 0 75 36 83 0 50 0 21 0 26 52 63 68 0 27 46 0 0 62 100 76 0 0 13 64 
75 52 39 0 0 31 38 100 16 83 32 1 39 70 68 57 43 70 17 66 0 74 19 0 94 16 45 98 0 
39 86 57 17 54 0 97 3 65 94 0 0 12 55 0 95 6 85 30 86 0 38 36 37 53 21 17 17 
0 58 27 0 75 82 76 14 0 48 41 70 12 97 18 77 4 28 35 34 89 0 64 51 83 0 36 
51 74 58 79 8 25 69 68 41 0 51 100 64 93 79 7 41 0 93 57 16 90 68 42 90 0 
54 52 0 20 0 84 2 24 97 88 66 0 48 0 85 43 86 48 40 91 79 27 71 39 64 
80 55 29 91 0 8 34 0 99 19 6 81 43 0 0 67 15 65 24 0 58 86 12 80 
35 0 84 12 21 3 20 13 9 75 57 53 52 0 6 68 0 53 0 3 0 39 28 
0 40 0 24 45 0 43 16 97 88 48 83 0 76 73 51 45 0 0 94 76 0 
92 62 55 60 0 0 82 0 0 21 11 11 98 55 51 0 10 25 49 63 76 
45 64 0 0 0 0 16 93 0 61 0 6 0 25 38 11 34 48 77 96 
14 39 0 39 85 1 89 0 37 6 31 66 15 80 61 32 15 44 41 
0 22 60 74 12 0 0 35 0 17 0 77 0 25 16 23 94 0 
0 15 5 3 65 0 0 78 56 92 65 4 4 98 0 67 92 
84 64 38 70 0 18 0 0 82 56 0 14 87 92 80 96 
11 0 16 0 89 24 17 39 0 0 45 0 0 0 5 
52 57 8 53 100 0 7 0 0 35 92 35 0 67 
27 20 85 73 3 45 71 23 3 56 0 0 79 
52 0 27 69 0 13 80 71 0 68 37 4 
48 0 96 96 31 9 58 6 17 96 30 
0 47 3 48 41 0 78 80 41 0 
88 85 15 0 65 89 82 81 24 
48 52 71 0 18 49 33 0 
25 58 78 10 19 0 6 
62 94 65 40 76 98 
17 54 1 7 13 
60 90 0 41 
0 60 34 
0 0 
0 

#i: 18
0 81 0 78 89 33 72 4 42 0 77 51 44 0 38 4 58 0 46 20 0 96 35 80 35 0 65 17 64 74 0 7 77 17 0 
89 53 89 37 66 15 0 74 22 1 0 31 78 81 91 0 35 49 0 0 0 0 91 0 87 48 51 57 91 0 50 73 100 29 
94 0 30 22 80 76 0 29 97 42 51 65 0 0 31 68 8 57 40 46 0 73 40 22 48 36 90 0 96 72 42 0 9 
0 0 55 76 37 12 67 0 0 50 0 74 66 97 65 17 80 35 0 66 18 0 79 0 78 0 55 0 6 76 0 74 
61 82 53 82 0 58 0 0 0 0 0 34 52 66 73 51 70 20 68 91 32 66 39 45 98 0 0 56 31 0 13 
87 16 11 0 0 0 0 74 12 22 48 0 47 56 0 13 22 90 0 32 0 55 6 0 45 0 69 19 3 72 
19 0 0 41 99 16 12 38 0 0 7 66 14 96 74 100 0 0 0 0 10 0 35 92 25 7 53 91 36 
44 10 31 24 0 3 14 23 22 0 52 30 25 62 9 49 18 48 7 20 37 31 21 0 0 24 0 22 
0 71 96 67 41 14 0 69 66 30 16 87 57 38 13 0 0 45 0 0 55 0 0 17 0 76 51 
4 38 37 72 52 97 25 0 0 94 99 10 95 50 88 0 47 79 0 96 0 41 97 40 28 31 
29 0 61 93 43 13 0 77 60 0 99 0 82 57 49 27 0 61 78 0 98 80 11 0 0 
0 71 28 91 60 8 17 16 98 28 98 26 78 72 0 56 0 0 30 66 66 0 0 51 
6 0 92 40 8 6 80 96 85 74 12 37 99 58 0 0 20 14 0 99 0 0 43 
16 46 27 25 11 73 0 70 13 0 67 28 65 43 0 38 0 92 51 52 52 0 
29 0 22 0 67 36 94 20 22 0 0 0 45 90 90 74 0 59 54 0 33 
0 11 0 56 0 79 4 70 94 30 90 0 60 22 60 0 44 68 78 70 
68 27 79 67 0 3 25 77 91 63 14 20 46 20 7 99 96 51 4 
45 2 91 54 37 0 23 0 10 16 4 94 0 27 0 100 0 91 
65 18 18 60 0 59 51 34 59 42 95 0 20 29 60 53 18 
0 27 15 66 41 45 38 0 2 0 0 16 1 13 60 9 
29 60 73 36 0 73 39 67 23 40 84 9 0 44 35 
76 57 80 94 14 18 0 8 46 4 2 0 95 36 
97 91 91 56 63 0 44 1 8 92 0 0 12 
19 45 90 20 18 0 99 0 27 100 91 0 
77 54 0 90 94 70 40 90 74 82 92 
27 12 41 75 86 98 17 0 0 29 
20 4 53 71 7 0 0 0 20 
8 64 0 43 68 0 32 56 
0 14 0 95 97 61 0 
3 0 0 0 0 66 
76 0 33 78 70 
0 7 10 30 
79 80 0 
0 41 
49 

#i: 19
31 0 97 0 12 89 60 0 34 0 25 11 0 4 0 0 0 99 0 0 61 0 12 73 0 36 0 62 7 0 1 0 0 91 
84 85 60 20 90 0 88 6 87 63 73 38 12 51 77 5 88 59 12 0 33 5 8 53 73 94 18 0 72 0 38 0 49 
60 90 18 29 39 22 0 56 42 26 24 56 70 10 19 1 0 52 71 26 0 57 0 0 0 40 63 41 84 11 35 42 
42 77 73 25 96 11 0 89 0 24 0 11 27 17 0 0 45 0 11 92 9 18 69 0 8 23 82 99 30 71 0 
1 0 61 94 48 7 4 3 86 84 88 0 26 11 60 0 55 77 52 18 76 3 82 7 48 45 19 0 34 0 
27 79 76 71 62 31 0 0 33 93 0 92 28 0 91 61 0 49 43 83 0 40 23 18 28 16 0 0 68 
21 46 76 22 86 12 0 81 0 10 22 36 50 86 18 0 82 100 32 20 6 81 52 45 60 24 70 73 
0 72 0 19 0 59 96 88 15 20 0 39 0 76 23 69 7 0 5 12 17 0 0 71 30 71 66 
27 93 79 64 0 1 25 0 0 25 43 22 0 0 41 37 1 0 22 0 2 17 75 0 43 67 
0 44 87 73 58 0 15 80 29 75 32 0 51 0 46 0 0 2 49 6 26 0 92 0 41 
53 0 0 100 41 0 87 10 19 66 0 8 58 0 26 55 48 61 95 57 0 63 93 0 
67 0 29 64 78 0 0 16 30 29 70 55 0 0 30 0 0 59 26 92 0 28 94 
70 70 0 84 79 92 36 41 0 27 64 70 82 31 57 92 0 0 0 0 11 3 
30 0 50 0 47 9 90 24 75 0 13 82 41 56 48 75 0 51 0 4 0 
60 78 4 0 25 28 0 8 45 77 78 25 82 0 0 58 61 28 26 46 
44 30 34 27 20 0 8 0 14 86 26 12 0 32 7 30 30 86 54 
0 27 11 96 96 2 0 11 82 0 63 5 0 51 60 55 78 5 
0 38 41 19 0 26 34 48 0 54 50 0 80 36 27 42 75 
26 43 0 0 83 59 97 88 35 0 64 34 10 59 52 99 
0 49 14 0 85 5 0 76 0 4 35 57 86 36 31 
30 58 3 79 93 0 53 4 88 34 23 14 0 2 
0 0 70 75 48 0 43 32 0 0 63 9 0 
92 0 92 22 61 13 8 59 49 100 49 83 
0 45 64 37 92 45 100 0 62 65 49 
24 0 0 96 79 0 0 0 1 14 
85 29 0 5 29 0 0 43 10 
89 39 0 66 2 0 96 0 
45 0 34 93 3 0 23 
53 8 85 44 57 72 
53 3 82 29 14 
60 75 48 94 
6 24 88 
0 0 
69 

#i: 20
0 29 53 53 64 33 51 96 19 9 8 0 28 0 0 8 21 77 40 78 22 47 0 94 31 41 16 67 0 0 0 26 1 
0 41 34 92 76 2 0 0 27 32 21 47 12 58 0 51 79 73 25 1 27 52 0 82 41 31 59 71 64 79 0 44 
51 29 36 93 0 18 37 77 39 0 49 29 0 0 75 21 53 78 61 25 0 18 89 25 9 23 0 79 0 0 13 
28 98 39 75 92 0 73 45 98 31 51 27 2 78 96 53 24 66 9 83 93 0 11 47 0 41 69 0 0 0 
0 0 7 6 0 1 62 0 36 48 36 5 55 50 27 95 38 87 100 30 95 0 34 22 0 59 16 0 0 
49 16 8 89 2 69 0 33 0 96 0 0 27 0 0 62 51 41 38 48 71 53 0 0 7 34 64 92 
31 72 46 96 33 52 0 63 41 0 22 51 45 0 0 16 0 0 3 62 0 76 100 67 10 14 5 
55 85 0 22 15 18 0 0 26 100 44 0 27 29 11 22 1 44 0 4 37 61 51 67 96 95 
95 80 63 39 7 52 77 70 95 54 24 0 86 89 32 55 43 4 0 72 7 0 2 94 24 
0 0 88 0 77 68 19 0 69 29 24 34 0 17 67 0 0 84 52 0 0 0 0 56 
0 38 0 23 68 0 0 63 54 98 34 0 60 0 41 90 13 57 3 45 72 0 0 
91 85 18 30 67 39 6 19 4 8 55 56 96 0 22 61 21 28 85 41 91 16 
89 78 0 0 0 0 28 67 67 92 41 94 34 36 35 30 79 0 75 27 0 
77 49 86 40 42 19 53 69 16 15 89 0 35 49 77 79 0 58 51 0 
64 7 48 7 0 65 0 68 0 0 31 9 34 90 0 39 27 7 16 
0 0 4 89 21 47 36 0 0 0 0 91 6 3 55 71 0 0 
86 9 0 67 0 42 12 40 0 0 0 7 38 98 91 0 41 
0 0 0 16 0 15 11 5 45 15 16 50 94 76 0 3 
54 9 0 58 29 64 0 0 80 37 72 16 0 74 60 
63 0 46 54 51 56 92 34 46 0 50 86 41 2 
66 0 50 0 77 0 0 62 83 0 39 44 17 
56 98 0 8 19 0 71 54 8 14 47 58 
12 25 89 0 0 60 97 93 64 0 73 
84 31 53 63 25 82 35 77 0 24 
95 26 0 43 32 44 7 0 100 
57 19 85 0 8 0 95 11 
0 77 0 30 52 9 0 
9 4 7 52 0 96 
95 81 43 100 43 
8 50 0 83 
5 87 0 
93 98 
60 

#i: 21
24 21 92 67 0 89 3 2 4 5 16 76 71 0 34 59 68 18 12 9 47 40 0 65 0 11 79 42 6 15 64 40 
21 86 0 2 5 0 22 66 79 96 0 47 0 0 0 35 31 0 0 6 41 0 63 0 18 0 69 0 73 97 12 
7 58 49 45 68 0 72 79 13 20 52 88 0 33 51 82 79 14 98 73 16 90 94 31 71 35 53 78 0 0 
55 0 37 9 60 95 0 98 20 65 98 0 34 21 93 71 66 90 88 8 12 0 7 7 8 79 51 54 0 
77 0 39 56 40 52 0 0 39 76 90 6 54 53 97 73 58 46 13 0 12 10 13 75 25 57 63 0 
0 63 39 0 63 45 59 0 76 48 0 100 52 0 56 98 12 44 32 21 0 78 0 0 31 22 97 
99 54 28 53 0 35 0 42 90 92 42 22 60 40 76 98 93 9 55 7 3 0 4 13 0 47 
25 98 20 31 81 100 79 5 75 0 5 45 0 37 97 0 72 6 11 93 60 67 0 0 0 
38 0 0 11 2 16 2 94 9 22 93 0 44 25 18 78 22 49 1 52 93 54 88 72 
0 56 99 4 18 1 45 0 0 85 6 77 74 51 91 94 62 72 51 51 92 0 75 
46 75 60 19 0 0 0 0 53 14 37 81 8 43 0 0 70 0 61 53 84 52 
70 0 97 0 0 97 86 62 0 15 15 7 26 60 59 0 0 76 3 50 0 
25 97 94 43 0 0 44 29 48 26 0 48 1 94 3 43 49 45 41 33 
91 0 4 81 45 1 70 60 100 75 37 74 0 91 42 0 24 32 18 
0 18 29 0 100 0 27 0 39 18 78 0 45 26 51 57 6 11 
46 54 81 93 36 43 62 4 42 51 34 100 6 4 3 0 89 
91 0 23 95 0 49 0 58 0 74 24 9 83 5 46 22 
0 38 22 27 39 95 14 44 0 0 19 45 34 51 57 
8 0 9 72 92 70 0 32 8 0 0 0 48 87 
44 23 56 0 0 17 42 11 71 0 5 27 82 
9 22 77 19 0 73 56 0 10 95 63 0 
0 89 0 55 44 42 87 8 63 44 40 
85 17 0 82 47 41 0 87 0 81 
44 63 55 65 46 4 12 0 53 
81 11 0 0 10 6 10 95 
43 0 79 16 0 0 47 
80 65 49 43 49 34 
37 89 36 42 0 
36 71 81 50 
63 25 21 
76 13 
64 

#i: 22
0 0 70 84 88 68 0 17 2 0 41 80 54 15 13 52 0 15 75 43 66 20 0 0 52 44 0 2 96 0 49 
33 89 71 0 0 100 56 95 0 66 14 0 54 88 86 48 44 64 31 0 54 48 25 47 55 3 16 27 0 97 
73 86 91 2 46 3 99 4 56 10 0 0 100 61 82 53 33 0 50 2 20 30 75 28 0 26 67 36 0 
0 74 0 53 59 54 0 11 90 59 49 94 8 84 69 98 92 0 47 56 0 0 42 89 92 95 8 5 
56 20 10 22 57 43 100 2 0 0 64 42 100 11 0 72 59 97 0 64 61 0 38 0 16 4 0 
0 76 61 15 24 51 63 53 16 26 0 74 51 99 31 0 46 49 8 77 43 0 72 23 100 20 
37 2 4 43 15 0 79 74 75 15 35 60 29 57 30 30 30 11 31 0 14 0 82 81 0 
78 84 54 65 96 45 62 0 48 99 71 99 79 31 76 27 21 60 20 21 13 53 56 0 
87 66 75 0 5 12 64 97 98 75 42 0 98 0 5 0 82 1 27 100 63 58 0 
27 59 21 51 64 34 27 0 89 61 9 0 36 0 93 26 40 48 30 0 57 53 
0 28 8 0 46 17 100 70 0 34 0 0 67 20 0 0 21 15 0 0 14 
76 71 49 55 0 31 0 91 90 79 37 20 40 76 82 77 22 54 60 72 
98 17 43 98 100 95 0 73 14 15 15 55 54 51 19 33 45 17 0 
63 38 65 0 85 0 57 98 26 32 82 2 34 6 54 33 52 44 
1 40 64 60 0 83 38 58 0 44 1 0 31 34 57 19 0 
1 53 90 81 36 83 0 98 0 79 32 0 72 98 14 78 
0 34 66 64 24 94 45 45 0 23 94 0 89 94 0 
96 64 73 46 17 0 58 78 88 2 0 0 85 0 
57 34 71 40 72 0 30 5 0 0 0 79 28 
0 47 11 80 72 21 57 69 44 29 94 89 
78 4 0 33 80 78 96 0 15 59 34 
35 0 23 0 0 20 44 57 44 2 
85 23 98 14 65 85 5 87 93 
54 0 100 45 0 0 0 5 
0 70 33 63 25 53 32 
79 45 0 0 87 0 
6 0 98 10 51 
61 0 16 50 
0 0 90 
75 33 
0 

#i: 23
43 26 0 38 42 9 36 11 0 0 87 99 53 12 29 10 63 0 92 0 49 66 0 63 99 73 0 26 79 0 
0 0 1 100 0 74 73 0 84 68 74 37 23 0 91 25 39 66 62 32 41 81 54 41 48 29 63 21 62 
70 15 73 36 13 38 7 93 22 52 34 0 92 45 79 90 39 38 0 83 74 0 15 91 0 92 62 0 
0 8 0 18 57 0 0 0 2 33 0 60 16 45 0 77 86 7 73 88 86 95 0 33 51 2 98 
57 9 0 67 0 16 87 27 50 73 35 44 46 20 0 0 89 0 32 96 70 40 0 38 41 0 
48 0 3 52 0 70 66 47 82 30 0 16 61 20 71 16 0 96 71 66 84 88 20 89 95 
14 0 42 73 0 19 0 9 80 67 0 0 63 31 54 0 38 25 100 0 94 6 34 13 
1 31 1 0 41 33 8 74 60 70 0 12 4 10 32 20 75 0 52 55 3 0 80 
0 16 87 45 0 67 1 0 4 59 47 72 90 59 95 9 91 22 51 90 86 1 
87 84 83 74 0 55 53 88 4 21 0 29 82 0 0 0 90 0 0 91 74 
0 63 78 18 75 47 14 24 8 17 100 22 65 63 61 26 27 49 16 79 
26 41 98 35 36 52 77 55 53 32 5 64 46 60 87 5 61 40 0 
0 86 96 0 26 87 33 21 46 81 73 0 41 0 0 96 0 53 
23 66 0 5 24 18 70 0 0 70 42 10 49 0 15 0 0 
53 88 51 0 61 0 96 68 32 61 85 70 44 0 86 98 
18 69 72 0 63 16 70 84 68 0 34 62 56 57 18 
94 75 52 0 64 0 56 65 84 58 0 3 88 29 
46 0 92 98 0 63 40 13 67 0 51 18 87 
0 37 86 98 65 0 55 52 38 36 59 13 
28 0 0 0 95 70 85 58 66 0 16 
0 16 81 50 64 100 0 96 0 0 
0 55 44 20 0 57 66 52 9 
14 75 0 0 6 56 35 21 
42 0 76 0 0 0 13 
30 0 99 45 0 88 
48 67 9 58 8 
95 92 0 97 
0 0 74 
88 35 
75 

#i: 24
79 0 85 71 86 94 53 48 59 3 0 47 20 41 75 0 69 33 30 22 63 24 0 1 0 65 96 55 36 
37 10 0 76 10 29 98 61 3 0 0 39 0 5 67 0 0 14 45 0 0 12 0 78 43 0 12 95 
15 40 69 18 97 26 79 97 0 55 29 30 96 99 0 0 0 41 39 0 96 72 34 27 89 0 35 
0 40 0 62 0 58 9 19 36 0 6 30 5 20 37 17 80 89 92 75 29 0 53 80 43 95 
67 44 6 4 75 13 37 61 23 33 0 15 0 0 4 24 57 0 70 69 81 23 83 0 0 
0 44 49 49 12 11 0 32 0 68 23 15 0 0 38 3 65 0 18 80 0 0 27 66 
65 51 28 62 0 17 0 13 17 86 84 50 0 12 16 31 0 64 12 0 0 39 0 
0 96 79 41 0 0 9 0 0 86 0 1 81 0 0 67 93 15 9 62 0 40 
66 64 63 93 20 27 70 59 16 39 63 24 45 0 99 35 78 76 71 33 82 
61 80 13 95 0 83 0 0 47 46 54 56 68 77 0 0 54 89 94 0 
66 13 90 0 29 83 87 0 13 50 3 0 0 0 98 99 72 0 5 
73 38 30 3 52 92 88 16 60 0 41 83 99 0 23 16 66 38 
2 0 0 43 92 0 0 96 98 85 93 0 86 8 91 8 0 
34 47 0 12 65 23 50 94 0 36 0 58 3 34 0 91 
23 85 0 0 0 46 64 34 0 62 84 0 57 65 71 
46 86 97 0 1 0 12 15 26 2 13 64 0 57 
64 0 30 86 0 100 23 79 17 0 26 86 0 
53 47 49 92 14 22 36 0 73 47 22 0 
78 23 83 35 0 0 49 88 36 60 97 
66 94 52 17 98 14 78 75 66 0 
0 4 9 27 11 0 0 36 0 
93 11 86 31 79 58 1 0 
0 100 7 44 0 19 0 
74 40 26 0 22 53 
76 92 0 33 0 
67 89 72 51 
19 0 35 
10 79 
95 

#i: 25
47 0 0 15 36 20 50 91 24 48 0 34 98 89 85 86 0 75 51 80 48 60 0 51 100 58 0 54 
5 86 30 52 86 69 0 11 3 0 0 88 31 87 13 6 0 56 0 79 92 45 24 44 8 94 91 
29 46 49 75 61 89 0 43 92 0 97 20 69 57 94 2 25 0 42 90 0 14 51 78 42 71 
36 6 52 11 92 75 0 0 46 0 0 0 95 75 93 57 27 39 0 70 7 31 95 99 96 
44 40 16 25 0 100 84 0 0 11 13 23 70 0 0 0 54 10 79 54 61 69 55 42 
80 37 70 93 0 96 0 72 58 29 0 71 86 23 42 28 49 95 29 56 19 59 0 
0 0 63 9 0 0 0 79 21 17 82 0 54 38 74 49 0 50 74 77 63 0 
25 0 0 29 83 6 3 10 73 30 58 46 41 77 15 51 39 48 12 87 4 
19 0 0 10 9 7 0 0 5 16 68 69 56 19 0 69 0 19 39 30 
60 19 0 99 0 98 27 8 91 74 0 5 83 0 0 0 10 0 0 
84 44 0 36 38 23 31 99 0 0 34 0 18 10 51 0 5 65 
0 51 32 15 68 43 90 19 42 72 72 0 100 40 18 79 88 
0 89 92 64 64 0 51 0 19 95 52 36 1 0 93 19 
0 97 21 19 43 49 0 66 0 0 44 45 26 88 0 
62 73 55 63 21 72 0 50 91 0 5 47 0 72 
0 86 24 4 0 83 52 69 97 0 0 0 15 
53 0 18 0 31 0 5 33 28 90 81 0 
60 0 64 13 55 75 5 32 17 95 0 
84 60 7 67 53 44 0 32 84 77 
64 15 0 29 52 42 66 36 76 
10 0 33 14 0 80 7 15 
0 11 38 96 0 0 5 
85 0 0 84 30 9 
16 59 73 97 68 
30 0 36 0 
0 4 0 
39 40 
0 

#i: 26
43 33 14 86 82 58 56 11 96 0 0 0 82 0 50 56 43 0 25 20 75 75 65 61 49 51 85 
0 70 36 58 4 0 0 0 57 70 0 0 89 0 0 0 76 71 80 19 10 82 0 29 9 34 
98 0 2 55 67 0 6 81 56 73 16 42 0 77 26 92 67 0 0 79 97 9 0 14 11 
31 91 0 0 30 19 99 25 82 86 89 33 14 0 0 8 32 0 80 7 0 59 0 64 
72 93 52 14 0 69 0 95 16 32 82 28 37 0 5 39 0 35 36 66 22 27 0 
10 24 62 41 0 0 32 0 53 90 49 62 18 88 30 85 42 64 0 0 71 0 
27 47 27 38 21 100 8 30 8 79 36 90 0 42 21 0 80 36 74 1 49 
0 8 75 17 27 0 0 58 64 31 86 17 0 0 0 27 45 51 28 0 
70 71 11 31 0 0 54 93 54 0 45 36 0 31 27 95 14 72 0 
0 0 63 0 0 44 0 54 54 0 94 0 40 0 0 84 92 62 
59 55 0 51 98 30 89 9 67 0 38 0 0 0 70 0 7 
89 0 58 12 53 86 98 91 44 0 55 8 0 0 4 11 
59 58 0 84 68 90 76 0 93 0 0 12 82 100 0 
28 37 0 26 0 0 24 21 29 7 11 0 88 8 
90 3 10 12 37 0 17 14 49 0 3 61 14 
0 47 50 0 0 1 0 4 0 0 55 0 
72 32 0 14 47 48 12 0 30 10 83 
0 0 54 41 91 42 0 19 21 0 
0 16 71 24 0 86 66 0 91 
65 36 76 0 88 10 15 40 
99 46 71 0 0 89 4 
74 0 0 6 9 66 
7 40 50 50 90 
71 92 67 32 
67 23 99 
36 37 
0 

#i: 27
0 0 52 68 0 0 36 80 7 80 62 0 28 8 12 75 65 85 85 67 79 35 60 8 94 48 
0 71 73 31 18 33 63 0 99 35 0 47 40 70 66 42 10 49 98 31 18 29 65 92 90 
38 42 70 0 49 17 48 85 31 71 22 57 51 48 0 0 0 51 0 0 32 86 8 52 
0 1 55 0 0 4 50 46 0 88 27 22 94 0 7 14 19 16 20 0 65 0 25 
30 57 98 36 23 71 59 0 55 31 0 0 0 23 39 0 60 8 47 60 14 37 
84 32 12 14 0 36 56 62 91 30 41 0 0 0 25 65 20 19 43 0 0 
0 0 69 52 0 71 57 14 67 7 5 99 1 25 65 91 70 0 32 0 
77 99 1 0 0 95 38 27 6 0 0 91 58 34 4 72 0 7 0 
55 94 0 70 0 92 37 53 80 38 3 59 25 86 82 14 55 56 
7 95 66 24 67 62 74 43 0 88 72 67 97 81 41 0 23 
44 32 36 0 75 99 0 85 86 51 99 50 87 81 97 0 
0 42 50 12 24 7 56 0 50 0 0 68 79 0 71 
97 0 0 57 35 0 77 100 93 47 7 74 0 10 
27 13 57 38 100 0 0 0 51 62 73 0 66 
94 43 36 0 66 0 69 10 86 9 21 23 
0 90 0 0 0 43 65 83 65 73 0 
13 0 89 1 53 53 42 48 0 49 
61 0 76 0 10 62 69 0 72 
76 94 65 88 0 6 50 66 
0 0 88 0 66 94 0 
51 7 94 0 83 0 
92 97 0 23 0 
79 78 100 1 
95 25 0 
0 78 
0 

#i: 28
9 96 0 0 46 0 0 94 0 56 89 16 36 67 40 45 0 71 41 14 0 55 5 88 99 
57 0 28 53 0 57 11 80 13 2 12 0 71 90 45 56 0 71 59 97 69 35 25 16 
62 36 24 32 0 30 86 38 0 8 62 47 78 68 51 0 91 0 9 99 59 86 0 
88 14 57 0 9 1 56 57 63 0 42 27 0 39 32 76 0 0 0 39 37 19 
75 70 18 52 34 53 24 8 93 10 77 0 90 52 29 28 80 20 16 22 31 
0 0 81 15 92 58 78 53 7 0 100 35 52 9 34 0 84 0 94 0 
26 65 96 15 0 6 80 46 13 50 42 0 97 75 0 94 35 81 43 
36 36 34 52 34 31 0 3 52 52 79 58 92 53 95 97 46 0 
16 33 45 35 0 71 45 57 60 82 90 12 56 22 0 24 16 
90 47 49 80 87 0 0 39 83 0 38 4 66 0 62 0 
42 20 70 85 47 44 58 0 0 57 6 0 61 54 0 
0 0 17 36 86 51 0 49 0 19 86 56 89 0 
27 10 52 1 0 2 81 41 4 0 79 65 97 
5 22 47 20 51 60 88 0 20 90 74 0 
0 52 12 0 72 79 0 0 54 65 67 
0 0 29 91 0 66 56 10 41 92 
43 0 78 0 93 21 43 44 7 
85 0 1 91 0 84 0 51 
70 28 31 18 3 0 0 
0 0 0 0 6 89 
29 28 98 87 47 
0 45 62 0 
32 52 31 
9 13 
85 

#i: 29
23 26 0 62 0 39 0 38 87 0 50 64 19 85 92 72 53 59 0 15 67 48 0 5 
5 22 61 0 43 74 55 84 0 13 73 23 52 67 80 0 6 92 89 64 9 58 68 
82 47 79 31 90 57 98 95 31 3 72 91 33 0 58 80 50 96 0 52 55 0 
0 59 0 68 0 50 40 83 60 11 18 20 76 88 0 0 44 4 0 65 59 
1 51 0 43 0 0 11 45 0 37 17 0 65 7 0 0 0 2 91 93 
34 67 19 36 63 42 88 94 0 0 10 87 59 0 0 71 14 1 0 
59 92 56 0 57 0 0 92 36 0 17 4 8 76 13 34 84 70 
67 27 78 0 56 15 35 0 46 72 41 1 24 85 21 50 0 
53 100 73 89 55 65 40 0 82 46 62 77 0 20 67 9 
37 11 28 80 0 9 0 30 73 26 60 96 0 3 57 
87 0 0 0 14 93 0 97 66 13 0 56 94 68 
7 0 0 47 85 26 93 82 40 40 0 5 11 
32 70 0 72 18 0 60 12 29 99 24 62 
0 49 100 0 0 67 67 80 0 57 48 
87 49 29 41 42 0 0 16 4 0 
56 17 91 0 5 33 0 20 0 
97 25 78 0 96 45 0 30 
52 0 55 32 17 38 71 
96 24 29 97 75 55 
0 55 0 67 0 
10 38 10 21 
100 0 70 
60 0 
0 

#i: 30
28 98 93 99 64 53 6 0 96 58 12 30 2 82 17 17 38 61 17 0 76 56 7 
96 9 34 82 0 2 0 0 44 98 40 0 75 26 41 53 29 5 32 0 98 96 
33 54 0 6 18 76 53 0 5 13 19 34 76 25 30 79 17 0 84 0 37 
80 64 48 0 85 0 0 73 11 0 84 66 86 0 97 12 59 32 47 0 
0 0 9 0 0 94 33 0 0 50 30 55 87 12 25 99 8 44 28 
12 92 92 0 99 52 56 56 87 0 0 62 33 0 31 14 38 25 
77 12 88 0 0 51 91 0 56 0 0 11 0 73 38 54 0 
0 88 89 0 51 90 0 62 0 12 0 24 69 69 82 0 
22 0 0 64 95 15 97 0 85 78 56 3 59 72 0 
18 57 0 4 10 21 0 71 8 7 65 47 7 7 
75 92 46 0 38 43 70 54 61 0 95 26 55 
34 5 63 15 2 0 75 71 88 83 69 0 
0 58 0 64 0 0 37 24 16 91 98 
60 47 16 0 0 23 0 73 0 65 
75 87 58 47 30 0 66 0 58 
52 40 0 75 69 27 0 40 
24 32 29 25 31 0 0 
45 0 46 51 3 0 
62 63 69 64 75 
33 92 38 62 
0 99 35 
89 52 
5 

#i: 31
0 99 69 85 0 76 0 11 92 66 73 63 0 93 72 0 0 70 0 47 0 0 
40 94 88 86 0 37 0 3 38 39 73 95 67 61 0 0 0 0 66 81 5 
0 23 44 46 81 100 0 76 0 26 0 75 3 87 63 29 55 34 0 98 
79 0 93 74 1 0 70 14 37 28 38 0 47 91 86 84 0 34 0 
0 0 51 43 8 91 70 20 51 24 88 48 57 0 16 77 0 0 
43 5 0 88 99 0 45 73 90 1 7 0 0 0 0 4 52 
0 68 0 91 22 31 0 0 37 66 61 0 49 0 86 56 
37 0 19 55 79 2 88 15 63 0 89 0 47 0 96 
93 0 58 36 41 51 53 34 53 51 39 52 15 7 
50 61 22 27 50 0 2 0 58 74 76 0 80 
28 73 2 10 36 2 0 0 95 37 45 78 
0 0 0 92 82 48 58 99 8 55 0 
10 0 17 26 5 83 61 0 83 21 
52 55 75 67 10 50 2 58 56 
6 33 46 92 0 91 0 77 
0 65 51 37 70 81 49 
0 55 67 11 14 14 
33 47 43 68 0 
0 23 0 29 
5 0 0 
0 57 
13 

#i: 32
41 0 0 18 32 52 79 0 0 55 5 49 64 83 0 98 0 36 11 66 16 
29 86 37 0 85 78 0 49 0 77 14 69 0 62 98 64 91 0 0 0 
43 0 12 67 0 58 13 23 12 0 95 60 0 20 66 0 37 11 0 
87 61 30 8 2 76 37 53 20 19 2 49 20 87 3 60 75 96 
0 59 0 87 0 83 29 81 67 95 28 94 41 89 2 20 6 
0 0 76 66 96 12 5 0 15 35 29 48 90 96 73 16 
73 50 0 38 0 27 0 32 29 77 62 41 94 54 0 
14 99 0 0 73 99 67 77 54 97 82 54 25 83 
0 5 77 56 80 41 32 30 32 1 57 0 98 
19 16 4 12 50 25 0 35 97 0 54 0 
70 61 95 17 83 84 8 1 1 47 19 
34 28 42 40 69 0 95 0 98 21 
0 37 60 96 88 0 24 99 63 
22 45 54 0 26 11 1 83 
0 46 35 72 0 35 0 
18 96 2 61 13 14 
69 0 0 0 48 
74 34 87 96 
34 23 67 
11 21 
0 

#i: 33
0 36 4 0 4 0 0 0 0 58 42 20 49 65 0 21 81 95 35 100 
11 23 0 10 2 0 95 0 58 83 20 82 2 0 19 23 97 0 0 
76 20 0 0 0 47 8 66 9 55 0 98 0 85 10 46 68 30 
36 32 16 40 90 58 66 74 78 13 66 94 28 33 0 46 50 
67 0 4 0 0 96 8 37 0 0 79 29 0 0 0 0 
0 7 40 66 84 0 0 0 15 0 48 0 31 39 29 
90 8 0 12 0 0 69 0 0 63 52 12 28 33 
16 31 0 42 45 76 0 0 25 85 59 46 17 
39 0 40 4 18 72 37 96 0 91 0 0 
74 26 0 75 34 0 43 56 65 63 26 
50 0 0 0 2 21 46 100 76 0 
0 0 6 0 0 57 28 0 73 
0 52 39 43 93 92 60 0 
0 62 85 0 51 0 96 
40 0 94 0 0 0 
33 77 40 2 79 
0 40 76 3 
47 93 14 
12 0 
0 

#i: 34
0 40 45 61 0 0 23 2 18 93 12 0 0 74 0 16 0 18 92 
2 8 0 21 0 3 57 37 96 20 84 0 0 60 93 22 86 50 
77 51 2 21 2 70 8 79 18 0 100 93 0 41 62 0 8 
76 0 85 20 20 4 0 63 93 27 48 31 32 80 67 0 
87 66 100 0 0 40 18 71 0 0 20 29 37 0 92 
7 31 0 52 42 96 75 93 0 81 0 22 43 29 
0 0 70 0 0 0 29 49 0 27 57 0 34 
0 10 0 48 66 72 0 14 84 48 15 84 
62 0 92 54 95 79 0 30 97 50 60 
54 54 0 51 34 4 11 0 82 87 
13 0 88 44 80 0 0 48 5 
70 97 22 95 63 48 79 26 
75 0 61 0 74 0 90 
67 0 0 0 0 0 
0 85 51 1 64 
0 85 45 50 
0 0 0 
51 82 
21 

#i: 35
42 93 92 0 0 0 90 85 0 75 43 75 0 31 94 0 62 36 
61 33 66 54 39 16 83 16 63 18 79 83 83 40 48 48 7 
0 39 3 67 80 15 19 11 93 17 99 35 85 35 66 4 
76 86 81 45 67 53 8 39 1 39 0 0 27 26 17 
40 53 13 23 0 0 86 21 0 42 55 27 63 7 
82 27 15 19 15 98 62 0 29 87 85 27 78 
0 0 42 0 73 17 44 90 45 99 68 94 
87 0 0 69 0 0 0 0 0 76 0 
57 54 24 0 59 0 0 4 59 46 
0 82 0 32 35 31 27 25 34 
0 66 13 0 0 95 89 0 
74 42 3 21 0 37 26 
31 14 89 83 18 5 
16 0 71 64 99 
57 69 0 84 
57 75 71 
84 7 
0 

#i: 36
15 55 64 40 0 85 66 21 0 27 59 7 38 0 89 50 2 
69 0 0 94 63 96 0 74 50 33 0 100 47 80 51 69 
82 37 0 98 0 47 25 83 42 98 80 74 51 24 29 
52 0 81 65 75 13 14 94 73 47 86 45 35 96 
0 1 47 99 14 53 59 0 48 1 21 60 76 
0 62 76 57 95 15 3 0 0 0 96 85 
34 0 70 74 40 60 0 69 0 11 100 
0 0 66 40 82 86 0 98 85 77 
60 82 4 0 76 100 0 19 37 
44 42 98 48 82 55 27 27 
0 96 0 53 44 0 0 
80 0 1 45 62 51 
57 40 13 99 0 
58 25 0 31 
15 0 0 
2 22 
0 

#i: 37
31 0 31 86 0 96 94 0 0 71 15 65 0 5 0 51 
71 0 82 0 94 40 0 5 8 0 0 18 58 0 77 
60 21 87 57 11 2 88 0 94 12 58 0 17 23 
20 76 12 0 0 57 68 56 37 88 17 4 46 
0 53 0 37 48 45 0 64 30 95 22 14 
78 0 96 74 0 81 0 33 0 19 38 
22 0 48 96 0 4 19 91 0 88 
25 0 68 55 27 0 3 69 16 
0 87 0 21 0 5 0 0 
0 0 96 0 69 72 72 
46 55 47 6 62 0 
0 0 0 67 0 
0 11 0 13 
98 10 34 
6 23 
0 

#i: 38
47 0 61 46 27 67 29 9 40 53 11 60 27 89 0 
71 49 68 0 0 54 89 66 0 5 30 100 56 1 
70 66 27 22 17 5 0 78 0 68 46 29 0 
0 45 0 67 46 0 77 0 57 71 32 0 
73 89 33 0 36 27 81 61 13 63 45 
35 100 0 57 74 77 0 52 0 39 
0 93 0 34 73 70 53 59 8 
54 27 0 25 70 100 99 0 
54 20 24 61 62 19 0 
20 33 0 0 0 82 
57 28 0 0 0 
8 75 83 55 
88 0 0 
0 0 
72 

#i: 39
0 19 31 0 32 16 84 21 22 0 57 10 16 99 
4 81 31 95 27 33 2 42 80 62 92 5 92 
75 64 11 26 21 50 10 32 67 0 66 16 
0 42 0 75 0 0 16 27 93 0 0 
98 29 0 30 80 0 35 4 0 15 
89 76 75 99 78 3 40 2 0 
0 75 0 13 65 0 0 80 
0 0 83 0 0 0 85 
63 36 0 63 75 50 
45 90 11 34 35 
4 43 90 0 
86 65 0 
0 0 
76 

#i: 40
22 15 91 10 61 57 88 28 18 26 30 68 5 
75 0 78 60 13 0 12 44 42 38 0 95 
0 46 23 81 0 0 96 10 49 47 0 
95 27 52 0 47 80 76 0 0 58 
28 0 16 68 9 46 24 71 29 
64 24 10 95 12 72 0 88 
96 22 0 0 0 74 24 
0 48 63 82 46 0 
0 69 66 63 63 
16 56 80 75 
59 12 55 
92 88 
0 

#i: 41
36 100 0 0 0 93 0 71 0 72 0 49 
0 23 0 41 31 93 0 0 84 12 13 
93 61 99 51 90 9 85 59 59 0 
81 27 70 50 68 54 26 16 17 
0 0 24 17 17 14 93 27 
82 33 0 5 28 27 0 
54 0 55 61 34 0 
27 77 30 11 0 
0 70 35 64 
0 6 82 
58 0 
59 

#i: 42
0 0 7 79 0 11 1 0 30 0 6 
0 42 93 53 52 0 7 75 57 18 
48 85 78 12 32 0 18 0 10 
39 69 17 0 0 27 79 71 
30 0 98 82 7 72 37 
23 48 69 3 90 97 
14 11 0 79 0 
72 14 0 49 
65 95 23 
76 28 
22 

#i: 43
76 100 0 82 36 12 0 0 0 49 
12 0 0 23 15 97 90 1 38 
74 41 0 14 0 25 88 22 
98 56 0 8 74 92 10 
98 11 96 0 66 41 
67 27 0 38 0 
100 66 34 42 
0 0 78 
22 95 
36 

#i: 44
37 0 0 100 30 72 68 80 65 
86 13 0 38 11 91 92 88 
39 59 0 7 0 97 36 
42 0 0 19 42 58 
13 95 0 71 0 
70 53 0 19 
55 95 0 
0 0 
38 

#i: 45
62 0 33 53 84 99 47 88 
14 0 78 32 15 0 0 
94 93 0 90 25 31 
9 0 0 51 0 
56 0 89 0 
0 73 32 
85 1 
93 

#i: 46
0 93 100 70 35 31 0 
95 0 17 0 0 56 
23 59 44 25 15 
44 50 60 0 
85 0 0 
89 7 
44 

#i: 47
62 0 68 0 0 21 
22 0 0 33 0 
81 73 15 30 
63 0 96 
40 0 
59 

#i: 48
0 0 36 0 61 
21 0 94 46 
0 2 6 
75 89 
23 

#i: 49
71 48 0 57 
87 0 52 
69 93 
93 

#i: 50
59 64 0 
99 54 
83 

#i: 51
99 8 
0 

#i: 52
0 

#i: 53

#i: 54

ckp-55-0.75.txt