#number of items n
50

#knapsack capacity b
817

#constraint coefficients a
31 22 34 36 20 12 2 23 41 24 37 41 34 11 21 25 30 40 6 49 34 40 8 44 19 42 38 46 8 24 22 32 49 27 21 18 10 49 18 15 32 42 37 9 30 2 28 20 39 50 

#linear coefficients c
0 0 32 0 0 0 0 0 4 0 0 0 0 0 0 0 0 0 0 0 0 0 0 82 0 0 0 0 0 49 0 50 0 0 0 0 0 0 64 0 0 0 0 17 0 42 0 0 0 0 

#quadratic coefficients C: i < j
0 78 0 0 0 33 0 0 0 0 0 79 0 0 0 0 42 30 0 0 0 0 0 0 0 0 0 1 67 0 2 0 0 0 0 0 0 0 0 0 0 6 0 0 0 0 0 0 0 
0 0 0 0 0 0 6 0 0 0 0 87 66 0 0 52 0 0 94 0 0 0 3 58 0 0 0 0 30 61 0 0 8 0 0 0 0 0 0 0 0 0 0 0 0 45 0 0 
0 28 0 0 10 0 0 0 0 0 0 0 0 0 0 0 100 0 0 0 0 0 96 0 0 0 0 0 71 0 0 0 41 0 0 0 48 0 0 78 6 54 0 27 45 0 0 
0 64 0 0 0 0 63 71 0 0 0 100 55 0 0 0 0 66 0 0 0 62 10 0 0 81 0 100 0 0 0 0 26 65 0 47 0 0 0 0 62 0 0 92 44 0 
0 92 0 0 80 0 0 41 0 44 0 4 6 0 0 0 9 0 32 0 68 31 0 0 13 0 0 0 0 10 0 22 30 4 0 0 0 0 61 0 0 0 0 0 0 
0 6 32 0 0 0 0 41 0 0 0 0 0 0 0 0 0 0 83 35 0 0 0 0 29 0 65 67 0 2 0 87 13 0 0 0 0 6 61 0 0 0 49 0 
38 0 0 0 0 100 28 0 88 0 0 0 0 0 0 0 14 0 0 52 57 0 0 32 0 19 0 0 0 68 16 0 0 49 0 0 0 0 0 100 0 0 0 
0 0 0 0 0 87 0 86 53 6 24 0 0 0 0 0 0 41 0 0 0 0 0 0 84 0 0 0 0 0 0 0 95 0 0 20 0 0 0 0 63 0 
0 0 0 2 0 0 0 0 0 0 0 0 0 0 0 10 0 14 29 0 0 0 0 0 59 0 33 0 0 0 54 64 55 0 0 0 0 0 0 0 48 
0 0 0 0 0 0 32 36 0 0 0 0 75 0 50 0 0 58 0 98 0 8 0 0 0 2 0 37 0 0 0 0 32 0 0 0 0 0 0 0 
0 0 0 35 0 34 0 61 0 0 0 0 0 0 79 0 0 64 0 0 0 0 0 0 0 64 100 0 0 51 0 0 0 9 98 0 0 0 35 
0 80 0 0 0 0 1 0 58 0 0 0 0 0 0 55 0 0 0 0 0 0 24 56 0 0 0 85 0 49 0 84 0 66 0 73 37 0 
0 0 0 37 0 0 98 0 0 0 0 0 45 9 0 0 0 26 29 30 0 0 0 75 0 0 0 0 0 40 0 88 0 51 7 5 0 
0 0 0 0 0 0 42 59 0 0 0 72 48 0 0 11 0 0 0 0 14 0 0 0 56 0 0 0 0 0 0 0 14 0 0 69 
0 0 0 0 0 28 0 88 0 5 71 64 0 47 0 49 0 0 0 0 0 0 58 0 0 72 56 0 43 0 0 0 0 0 0 
0 0 0 0 38 0 0 0 0 0 5 0 0 0 0 0 0 0 0 0 0 61 71 0 0 0 0 0 9 0 0 0 79 5 
0 0 0 2 0 0 0 0 67 0 0 0 51 50 0 62 0 0 96 0 0 70 45 0 0 0 49 0 0 0 0 0 3 
70 0 0 37 80 39 40 77 0 0 63 0 0 0 0 56 31 98 76 0 0 0 0 0 0 0 0 54 25 0 0 0 
0 0 0 0 0 0 0 39 31 0 0 0 0 43 0 19 0 20 0 0 0 0 0 0 18 67 0 0 0 0 60 
22 0 0 50 0 0 0 0 10 0 100 0 0 67 0 0 0 0 0 21 0 0 44 0 0 0 80 0 98 0 
0 0 0 0 63 78 71 44 0 0 0 0 0 0 19 0 0 0 0 0 0 0 69 0 0 86 0 0 0 
16 0 0 0 0 0 0 0 0 3 86 0 0 0 75 0 37 0 0 0 76 63 0 5 25 0 0 0 
26 0 0 0 0 30 0 29 0 35 0 73 0 0 0 0 12 6 0 0 0 45 1 0 0 0 0 
0 88 0 0 0 74 0 40 91 0 0 25 0 0 0 17 0 0 0 72 0 0 0 80 80 0 
2 0 18 0 68 0 0 0 11 0 0 0 76 0 0 0 0 0 0 0 8 0 0 51 0 
0 0 11 0 0 0 0 0 61 0 94 0 0 43 0 0 0 0 0 0 0 0 0 0 
0 0 0 50 0 58 0 0 0 71 0 0 0 0 0 83 0 31 75 0 0 0 0 
0 0 0 0 84 0 0 0 0 0 100 0 0 0 0 33 0 0 0 0 0 0 
0 0 0 0 63 96 0 0 0 0 76 0 78 0 0 0 0 0 0 17 0 
0 0 0 0 0 0 0 0 0 0 0 14 0 0 0 0 9 0 0 99 
52 0 6 0 0 34 0 0 53 0 0 0 0 0 99 0 77 0 0 
0 0 82 0 0 0 0 0 54 0 0 0 0 21 0 0 0 27 
0 65 0 0 1 64 73 0 0 27 0 0 2 0 0 95 0 
62 0 0 0 0 0 0 0 0 0 0 0 0 0 0 0 
42 100 23 0 81 0 0 80 0 0 44 0 0 0 0 
31 0 0 10 0 16 0 0 90 72 0 4 0 0 
0 1 0 15 0 0 31 91 0 0 99 93 0 
0 11 0 0 0 0 0 0 0 0 0 0 
0 100 57 0 0 0 0 0 89 70 0 
0 0 0 0 0 0 68 0 0 0 
0 0 0 89 0 0 0 0 0 
0 62 0 41 0 0 0 65 
17 0 0 0 0 0 0 
0 0 0 0 0 0 
54 0 0 0 0 
0 0 0 98 
0 0 0 
13 0 
0 

#cubic coefficients D: i < j < k
#i: 0
33 0 0 0 0 0 0 86 0 0 0 0 0 0 0 0 0 13 0 0 0 32 78 90 88 0 84 0 98 20 0 66 0 0 0 80 76 97 0 0 0 17 0 0 0 0 0 0 
0 0 0 0 0 0 0 0 0 98 0 0 54 0 0 0 0 0 0 38 0 0 0 0 59 0 0 90 0 0 0 0 97 0 0 97 1 0 0 0 0 0 0 0 49 0 0 
0 0 42 74 84 0 98 0 0 0 0 0 0 0 100 0 54 0 0 0 0 0 0 83 0 0 0 0 20 0 0 86 0 0 10 0 0 97 12 0 0 0 43 25 0 0 
44 45 83 88 0 0 42 0 0 0 45 0 0 0 0 0 86 0 0 0 0 0 0 0 29 0 0 0 0 0 0 67 84 32 0 0 0 0 0 0 67 1 18 45 0 
0 0 0 0 82 100 67 0 23 0 0 94 0 0 94 43 0 0 0 0 10 17 0 0 32 0 0 0 0 0 0 26 62 0 76 0 85 53 0 0 0 0 84 0 
20 0 0 0 24 0 0 0 0 0 80 0 0 0 0 0 0 0 0 0 0 0 0 0 0 21 0 0 0 47 0 8 0 0 0 39 18 0 0 0 0 0 0 
80 0 0 0 34 0 78 0 0 0 72 0 0 0 0 40 0 98 90 0 0 0 47 0 0 28 0 0 0 42 0 4 0 0 50 0 0 70 0 0 0 0 
0 0 0 0 0 0 86 58 0 71 9 83 0 42 0 0 0 0 21 59 0 0 0 0 0 0 0 0 2 0 85 0 0 0 0 0 0 0 0 92 25 
0 80 0 0 0 0 24 0 0 0 0 0 44 0 0 0 0 0 0 0 29 0 0 0 0 73 100 29 0 0 23 0 56 0 0 0 0 7 54 0 
0 56 0 71 0 0 0 0 34 69 59 0 0 0 65 0 0 29 0 0 0 0 0 26 0 0 0 0 21 46 0 77 94 0 0 0 0 0 0 
0 0 0 99 0 0 0 0 0 0 71 0 0 13 0 0 0 0 0 0 50 0 85 0 30 0 0 0 0 89 0 0 97 0 82 76 0 0 
0 0 0 0 0 0 0 0 0 0 0 88 0 58 82 0 0 0 0 83 0 0 9 0 0 0 0 0 0 0 65 0 0 0 0 0 0 
0 0 96 0 0 0 36 0 0 0 18 18 0 0 33 9 38 0 0 0 0 8 70 0 0 0 0 0 0 5 6 82 0 0 0 0 
0 0 0 0 65 0 19 0 0 0 25 0 55 83 0 0 0 0 97 0 0 80 0 0 59 0 0 0 74 0 12 0 0 0 0 
0 0 0 0 0 0 0 0 0 0 0 0 0 0 0 0 0 0 0 0 0 0 91 0 0 0 35 0 0 0 0 0 17 0 
0 0 0 0 0 0 0 0 0 0 0 0 0 0 0 0 0 0 0 43 0 37 27 0 0 0 0 0 37 0 0 0 0 
0 0 42 0 0 0 0 0 0 0 0 88 0 34 0 9 48 0 0 77 27 75 89 0 0 0 56 0 52 0 0 0 
0 0 38 73 0 0 2 0 0 0 0 0 28 0 71 0 0 0 53 0 0 0 3 1 0 0 0 0 31 0 0 
0 53 89 0 0 0 56 0 0 0 0 0 93 0 19 0 0 71 0 0 0 0 0 72 0 86 41 23 50 0 
0 0 0 0 0 66 0 0 10 0 0 37 50 0 0 0 10 0 0 73 0 0 0 0 76 1 0 0 0 
0 0 77 0 0 0 0 0 89 65 0 53 0 0 0 0 0 84 0 0 13 0 0 0 0 0 0 0 
0 68 9 0 0 0 0 0 0 0 33 0 0 0 5 0 0 0 0 99 0 0 0 0 50 0 0 
0 0 0 0 0 93 0 0 0 87 0 0 0 20 0 0 0 0 0 0 0 0 0 0 0 0 
0 0 0 0 0 0 60 0 0 0 0 0 0 0 0 53 64 0 0 0 42 0 0 93 60 
0 0 0 0 49 0 31 0 0 23 0 0 0 0 0 0 0 0 96 0 64 0 0 0 
60 45 0 15 0 76 0 0 0 0 0 0 0 0 0 0 0 95 0 0 0 0 0 
0 44 0 0 0 0 89 0 0 0 45 0 41 0 0 0 0 0 100 0 0 0 
0 50 39 80 0 0 0 0 70 0 0 63 0 0 0 59 12 0 0 0 0 
0 96 0 0 0 0 0 0 0 72 0 0 0 0 0 0 0 0 0 0 
0 0 0 0 0 0 0 10 0 0 0 0 0 0 24 0 27 0 0 
0 0 0 0 0 29 0 0 0 0 51 0 0 0 37 0 89 0 
0 0 59 0 99 0 0 0 64 0 60 0 0 0 0 0 0 
0 0 43 14 0 0 0 18 0 0 0 88 73 0 0 0 
54 94 0 0 0 0 0 0 59 0 33 0 0 29 37 
45 0 0 0 64 0 0 0 0 0 47 0 0 0 
25 0 0 0 0 57 0 0 0 0 0 0 0 
0 0 0 0 0 0 0 0 63 0 65 98 
0 0 0 0 0 0 0 0 97 27 56 
0 0 0 0 0 93 0 0 0 0 
0 0 0 0 0 0 0 0 62 
0 64 0 0 0 0 0 97 
0 0 0 0 76 0 0 
8 39 74 28 66 0 
71 0 0 13 0 
71 0 0 0 
0 61 0 
12 50 
0 

#i: 1
0 0 0 69 0 84 16 0 0 85 0 0 0 0 0 0 0 0 0 62 48 0 0 0 10 0 43 0 0 0 0 0 0 73 0 0 0 0 0 0 0 0 73 8 0 0 52 
0 0 0 95 0 0 0 0 0 74 0 0 39 0 0 0 0 0 0 52 0 92 0 0 0 0 0 0 52 94 0 0 0 0 0 0 0 0 0 30 0 0 0 0 0 0 
0 0 0 0 0 0 0 69 74 0 0 0 0 0 85 0 59 0 0 0 0 99 62 11 93 0 0 0 0 0 0 0 28 0 0 52 35 0 0 0 0 0 0 98 0 
41 0 6 0 100 0 0 0 0 30 0 0 0 0 0 0 21 0 93 0 58 0 0 0 46 0 0 67 52 0 13 0 0 0 0 0 0 98 0 0 0 0 77 0 
0 0 0 1 0 0 0 0 0 94 0 50 95 42 0 68 0 0 0 85 0 0 0 0 17 0 0 0 0 64 0 0 87 0 0 0 0 0 0 0 0 0 29 
0 0 0 0 0 20 69 0 0 0 0 0 89 0 13 0 0 41 0 18 92 0 59 73 0 0 0 0 58 45 43 0 0 0 0 0 0 41 0 0 0 0 
0 0 0 0 0 73 0 0 0 0 0 0 0 28 0 0 43 0 36 0 0 0 0 0 0 0 0 0 0 0 28 0 0 0 0 0 68 0 0 0 55 
0 0 96 0 0 0 37 0 0 0 0 0 4 87 0 0 0 0 0 0 25 0 44 0 0 60 77 0 0 0 34 0 0 0 0 1 91 0 7 62 
0 0 0 0 0 26 0 0 0 0 0 0 0 0 70 96 0 0 0 0 0 79 37 0 0 0 0 0 0 52 0 0 0 0 0 0 0 0 57 
0 0 3 84 0 0 80 0 0 0 27 0 0 0 2 0 0 96 0 48 12 0 59 0 0 0 90 0 28 0 0 0 0 18 63 0 0 92 
0 0 0 0 0 0 9 0 0 0 0 0 0 68 0 0 0 0 0 0 0 0 0 0 39 0 77 0 0 0 0 0 0 0 41 49 0 
41 0 30 0 45 0 0 0 26 19 0 0 0 0 0 0 0 78 92 3 0 0 0 69 0 67 0 0 25 0 0 40 0 0 0 0 
71 38 45 0 14 0 0 0 0 0 0 34 0 81 0 0 0 0 80 0 0 63 0 13 4 0 0 30 0 0 0 0 0 99 0 
69 98 0 0 0 0 0 62 60 0 0 0 0 0 0 0 0 60 0 0 0 0 0 0 84 0 0 0 0 91 74 0 0 0 
73 0 58 75 0 63 78 0 0 0 0 0 0 74 26 0 76 0 16 92 95 0 0 0 0 0 0 0 0 0 82 63 0 
0 0 0 0 0 0 0 0 0 0 0 0 83 18 0 0 0 0 29 0 0 0 82 0 0 18 0 0 0 61 0 0 
0 70 0 48 0 0 65 0 0 0 32 0 0 86 0 0 0 53 47 64 0 0 27 0 72 18 0 0 0 0 0 
0 90 0 0 0 0 0 0 0 7 0 0 36 0 0 0 0 80 0 0 0 0 1 86 0 12 0 57 23 0 
0 98 73 0 98 0 0 0 0 0 0 7 0 0 0 15 0 0 0 71 0 0 0 49 0 13 0 0 0 
0 82 0 100 0 0 0 0 0 0 0 26 0 0 0 0 0 0 0 0 0 38 0 0 79 0 0 63 
0 0 0 0 0 0 0 54 51 92 75 54 6 0 0 0 55 96 87 0 0 0 0 60 26 0 0 
40 0 0 0 0 67 0 87 0 0 0 0 0 57 50 0 0 0 0 0 0 0 0 38 0 0 
0 0 0 0 0 13 0 75 0 0 0 86 75 0 0 0 0 7 0 0 0 0 0 77 31 
0 0 0 0 0 39 0 84 0 0 73 0 0 0 0 0 82 0 0 53 0 0 0 32 
0 0 0 0 0 0 0 0 0 0 0 0 0 0 0 0 0 0 0 0 0 0 0 
0 35 0 0 0 92 0 50 5 0 70 0 0 59 0 0 81 0 0 0 0 0 
0 0 0 0 35 0 0 0 0 0 0 0 0 0 0 0 0 0 0 0 0 
70 0 0 0 69 0 0 4 0 0 0 0 0 0 99 0 0 0 0 0 
0 0 0 0 0 0 0 0 31 0 0 36 0 0 0 20 0 0 94 
0 0 0 0 0 0 1 0 0 0 0 0 0 0 0 0 0 0 
0 0 0 0 92 0 0 0 18 0 0 0 0 55 71 0 0 
0 66 0 0 0 0 0 0 0 0 45 0 0 0 0 73 
0 0 0 8 0 0 0 0 80 0 1 45 0 0 0 
48 0 80 56 55 42 0 7 0 0 87 0 0 0 
64 0 0 4 0 14 57 0 2 0 14 0 0 
69 0 0 0 0 0 0 0 0 28 0 0 
0 0 0 0 0 0 0 0 0 0 0 
68 0 18 0 0 0 41 51 0 0 
0 0 0 0 80 0 90 70 0 
0 0 0 0 0 0 0 0 
0 0 0 0 0 0 0 
68 0 0 0 52 0 
0 48 0 0 77 
0 0 0 79 
0 44 0 
29 0 
0 

#i: 2
0 0 0 46 0 0 49 75 30 45 0 0 19 0 0 0 0 11 0 0 0 0 0 0 0 0 0 43 0 0 0 0 0 17 0 0 0 0 0 0 0 96 0 12 0 97 
0 0 41 0 0 0 20 0 0 0 0 49 0 89 0 0 62 0 0 95 0 0 0 0 0 0 0 0 0 0 0 0 0 0 0 22 0 0 17 0 0 2 18 0 0 
0 52 0 98 6 0 0 48 0 0 36 0 28 0 7 0 81 0 29 0 0 0 0 0 0 0 0 40 54 0 0 0 0 0 69 98 19 0 0 6 0 0 49 0 
0 0 0 0 0 17 15 0 0 0 0 0 0 0 0 45 0 30 0 69 0 0 0 0 0 62 0 0 0 41 0 0 0 0 0 0 0 0 0 0 0 0 35 
38 0 0 100 54 0 0 0 22 16 31 38 0 0 0 81 0 51 0 12 0 5 77 0 0 0 9 0 0 0 0 0 0 0 80 33 0 0 0 0 0 0 
11 22 0 0 0 20 0 0 0 0 0 0 0 0 88 0 0 0 0 61 0 0 0 0 83 15 0 0 0 0 0 0 0 35 0 16 0 0 0 57 0 
59 0 0 43 0 30 0 62 81 0 0 0 90 0 41 0 0 0 49 0 0 39 0 0 29 0 0 0 69 0 68 0 0 0 0 0 23 0 11 0 
0 0 0 0 0 3 0 0 43 59 0 0 2 0 0 0 0 0 55 4 0 0 0 61 0 0 0 66 0 0 0 0 0 0 83 0 4 0 67 
0 0 0 100 0 0 61 0 0 0 34 0 0 0 0 65 0 0 0 0 0 0 0 0 0 0 48 0 0 0 0 0 62 0 0 56 0 0 
0 0 87 21 0 0 0 0 0 0 0 0 0 17 0 74 0 97 0 3 0 0 0 0 0 0 0 0 0 0 0 75 68 0 60 0 0 
0 0 0 0 74 0 15 0 0 6 0 83 95 0 72 66 0 0 0 0 0 0 35 0 0 0 92 0 0 0 34 71 0 0 0 0 
0 0 0 0 95 0 0 78 63 0 1 0 45 18 0 0 0 0 0 0 0 0 0 80 0 31 0 16 17 0 69 0 0 0 0 
0 0 47 0 93 0 0 0 0 0 0 9 0 0 0 19 0 0 0 0 0 54 26 0 0 69 0 0 0 0 11 0 0 0 
89 0 0 0 61 0 0 22 100 0 0 0 0 82 0 0 29 0 0 0 92 26 26 0 58 0 0 0 0 0 0 0 0 
0 76 0 0 0 0 68 92 0 0 34 0 0 15 0 0 97 0 42 0 0 0 57 0 0 0 11 0 0 93 0 0 
41 0 78 0 0 0 0 0 0 0 0 0 0 0 0 32 0 0 0 0 0 0 0 0 0 0 0 0 64 87 0 
95 0 0 0 32 0 0 0 52 0 0 23 17 0 0 42 0 0 0 0 0 0 0 0 0 0 0 0 0 0 
0 7 0 39 0 0 39 71 0 0 0 0 0 9 2 0 0 0 92 0 0 0 0 0 0 0 0 62 0 
0 0 83 0 0 61 0 0 0 0 0 70 0 0 0 0 16 56 0 0 0 11 36 71 60 0 0 0 
0 0 0 0 0 0 0 0 0 0 71 0 0 0 18 0 0 0 0 0 0 0 0 0 0 0 0 
0 57 0 99 0 0 0 0 0 68 0 0 62 41 0 0 0 0 0 0 38 0 0 0 0 0 
0 33 86 0 0 0 0 0 0 27 0 0 0 58 0 0 0 79 0 0 0 0 0 0 0 
0 0 0 0 0 53 0 0 73 0 69 28 98 0 68 19 0 0 0 75 52 0 0 0 
82 0 0 34 0 0 0 1 67 0 0 57 0 0 79 0 63 0 0 0 0 2 44 
0 53 0 0 0 0 84 0 27 0 0 0 0 0 41 0 0 0 0 0 0 0 
0 0 0 0 0 0 0 0 68 0 0 0 0 0 93 0 0 0 0 9 85 
94 0 0 0 0 44 0 0 0 0 0 45 0 0 0 0 35 0 0 37 
38 0 0 0 0 5 0 0 0 55 0 0 0 0 0 14 82 0 0 
0 59 65 0 0 0 15 0 0 0 0 0 0 0 0 0 0 0 
0 73 0 0 0 0 0 0 0 0 87 0 30 0 0 0 40 
0 0 0 0 0 0 0 0 0 0 0 0 0 69 0 0 
78 0 93 0 0 0 0 0 0 0 63 0 0 0 0 
0 0 30 0 0 0 0 0 0 0 0 0 0 0 
0 0 0 0 16 68 0 21 0 0 0 10 0 
0 0 56 0 0 0 0 0 0 93 43 0 
28 0 0 11 0 0 41 0 0 0 0 
0 10 0 0 38 0 55 0 0 100 
0 0 18 51 70 81 0 0 72 
0 0 53 0 0 0 0 0 
0 83 0 0 0 62 83 
81 0 3 0 0 0 
0 0 0 0 0 
50 62 0 0 
0 0 15 
50 70 
72 

#i: 3
97 0 0 0 0 0 0 0 0 63 0 0 60 0 11 21 48 0 0 0 0 0 0 58 0 0 0 0 0 0 0 0 0 48 0 0 0 39 0 0 0 0 0 0 0 
0 0 0 51 70 0 0 0 61 0 0 0 67 7 0 0 0 21 0 0 0 4 0 0 96 0 0 0 0 98 0 0 0 82 0 0 25 77 33 0 6 0 0 0 
25 0 0 0 77 8 0 0 0 0 0 0 0 0 0 0 0 0 0 60 31 69 15 0 0 0 0 0 63 0 38 59 0 0 0 0 0 93 0 0 0 5 23 
86 0 0 0 0 0 0 0 96 0 0 0 0 0 0 0 0 0 0 0 0 68 85 0 0 0 0 0 64 0 33 0 74 0 0 0 0 0 0 92 0 0 
55 0 61 0 0 0 0 0 0 7 0 38 0 0 33 0 0 0 32 0 0 0 0 55 0 0 0 0 0 0 0 0 0 32 0 0 79 0 0 0 0 
76 30 0 0 0 16 6 0 0 0 0 0 0 0 0 0 0 0 0 0 0 12 0 0 73 62 0 0 0 0 0 26 0 51 0 0 48 0 0 0 
0 39 0 0 0 0 0 0 35 0 0 0 44 58 0 0 0 0 0 0 0 0 55 0 17 0 0 23 0 72 0 66 0 0 40 24 76 0 0 
0 12 90 55 0 31 0 0 90 31 0 0 0 0 0 0 0 0 55 0 0 0 0 0 0 0 0 19 89 70 0 44 0 0 0 70 8 0 
69 30 0 0 0 8 0 0 0 0 0 0 0 0 0 0 0 0 0 0 73 33 83 0 0 0 0 0 0 0 0 0 0 0 0 0 0 
77 0 10 0 0 97 0 0 0 0 0 63 54 0 0 0 0 0 0 0 0 0 0 0 94 74 0 0 0 0 67 56 0 0 91 0 
21 0 0 0 0 0 0 0 0 65 0 0 0 0 0 0 0 0 0 64 0 0 0 0 0 18 0 0 38 66 0 52 0 0 0 
0 0 0 0 0 0 0 0 85 0 0 0 88 8 14 0 0 0 0 64 0 61 0 0 0 0 0 0 0 0 70 0 0 0 
17 0 0 0 21 0 0 95 0 23 0 59 0 27 0 0 0 0 48 0 0 52 0 0 0 0 0 0 0 0 0 0 77 
0 0 0 0 0 0 0 49 0 78 0 0 0 0 0 0 79 0 0 0 0 0 0 0 0 92 0 0 0 0 0 0 
0 0 0 0 0 0 0 0 0 14 88 0 0 0 0 0 13 0 0 0 0 0 0 0 57 0 0 0 0 0 40 
0 0 0 74 0 0 0 0 98 0 0 0 0 0 0 0 0 0 0 0 82 0 0 0 0 0 0 0 0 31 
0 62 59 82 88 0 80 0 0 0 6 0 0 0 2 0 91 33 0 0 0 51 0 0 0 0 0 0 0 
0 0 0 0 0 26 0 0 33 0 0 0 0 0 0 0 0 0 48 0 75 0 0 0 0 96 0 0 
0 0 0 0 0 0 0 0 0 8 68 0 86 0 68 66 0 0 41 0 8 0 0 77 0 0 0 
0 0 0 59 87 94 0 36 0 0 0 0 0 3 0 0 39 0 0 0 0 0 38 0 0 0 
0 51 0 0 0 0 36 38 0 3 0 0 0 0 0 0 77 0 0 0 0 0 0 0 0 
0 0 43 0 0 0 86 0 0 0 0 0 0 75 0 0 0 0 0 0 0 25 0 55 
0 42 42 0 8 0 0 0 0 0 4 79 0 0 0 0 0 93 35 0 17 0 85 
0 0 0 0 95 94 0 0 63 0 51 0 0 50 0 66 51 0 0 0 0 0 
80 0 0 0 0 0 0 36 19 0 99 45 0 0 0 0 0 0 0 0 0 
0 0 1 0 0 0 0 0 0 97 0 0 24 0 0 0 0 0 0 0 
0 0 0 3 14 60 0 0 0 0 75 0 0 0 0 0 29 0 0 
0 0 0 15 0 72 71 0 0 0 0 0 0 0 0 7 0 0 
0 0 0 0 0 0 33 0 0 0 0 0 0 0 93 0 0 
0 0 30 0 0 0 0 0 44 0 8 0 0 0 0 10 
0 0 0 98 54 0 0 0 0 90 71 0 0 0 0 
0 0 59 100 42 0 0 85 0 0 0 0 0 26 
0 0 0 11 0 0 46 0 0 0 0 0 0 
0 0 0 67 0 0 0 0 0 0 0 0 
0 0 0 0 54 0 0 0 0 0 0 
0 5 77 44 34 88 0 0 0 0 
16 0 0 0 0 0 0 0 0 
0 8 0 0 0 0 0 0 
20 0 0 0 59 0 0 
0 0 0 15 98 0 
0 0 0 0 0 
0 26 0 0 
66 0 0 
0 3 
90 

#i: 4
0 0 0 0 0 0 42 0 0 0 0 0 92 76 47 0 95 99 0 0 0 82 0 0 0 0 0 0 0 0 0 0 0 0 0 89 0 0 0 2 0 0 8 49 
74 64 71 0 0 0 0 0 0 0 0 0 0 0 74 0 0 0 0 35 0 0 0 0 0 0 0 0 27 33 76 57 19 89 0 75 0 0 0 32 0 0 0 
0 0 0 0 0 54 92 0 30 0 0 0 0 0 0 0 0 13 0 85 91 0 0 0 0 0 0 0 0 0 0 0 85 0 0 35 0 0 0 0 0 0 
0 0 0 0 0 34 0 0 0 0 75 0 21 0 0 0 0 0 0 70 0 0 0 43 0 0 0 69 0 0 0 0 0 0 0 55 56 100 0 0 0 
0 0 60 0 0 12 53 0 0 0 0 0 0 53 0 0 0 0 0 38 0 9 34 0 0 68 1 12 0 0 0 0 0 0 0 0 47 0 0 0 
0 0 44 0 67 0 0 0 0 0 0 0 0 80 0 0 0 0 0 0 0 0 0 0 0 0 0 0 39 0 71 0 0 0 51 0 99 0 0 
35 0 0 0 0 0 0 0 0 4 50 0 0 82 0 0 37 0 0 29 0 0 0 0 0 0 6 0 0 0 0 6 15 0 66 0 0 0 
0 73 0 0 98 0 4 0 0 3 0 0 0 0 0 0 0 0 29 0 0 0 0 0 47 0 13 86 0 52 0 0 19 0 25 0 0 
0 24 0 11 0 0 0 0 0 0 39 0 0 0 0 0 2 80 0 0 35 0 0 25 0 78 13 8 0 0 12 43 0 99 0 0 
0 92 0 0 20 0 0 0 36 0 0 0 0 0 0 0 51 0 0 0 20 0 0 0 0 0 0 0 94 0 43 0 56 0 0 
0 0 0 0 0 0 0 0 70 0 0 3 31 0 54 0 0 0 0 0 0 0 26 24 24 0 0 0 0 0 0 0 0 0 
0 0 0 0 0 0 44 0 0 80 33 0 6 0 77 0 0 0 0 0 0 86 0 0 0 8 0 0 0 0 0 0 0 
83 0 0 50 90 0 51 0 0 0 0 0 0 0 0 0 0 0 0 0 0 26 0 0 0 0 0 0 0 65 0 0 
47 0 0 0 0 0 0 0 0 0 25 18 0 62 37 69 0 45 0 0 0 0 7 0 0 0 65 0 0 0 0 
0 99 0 0 0 62 0 0 69 0 0 0 0 51 0 9 0 50 0 0 47 0 81 0 0 0 0 0 0 7 
41 0 0 0 71 0 0 0 0 85 0 2 0 0 0 0 0 0 0 80 0 0 0 0 0 0 0 0 0 
0 0 71 0 13 0 0 0 0 0 0 89 0 0 0 0 0 0 0 0 0 0 0 34 0 0 0 77 
0 0 0 0 0 16 0 22 0 0 0 0 0 0 74 80 0 71 29 44 0 0 0 0 23 0 0 
0 0 0 0 0 0 0 0 0 0 0 0 0 0 0 0 0 0 0 0 0 51 0 85 0 78 
93 0 0 0 0 0 0 0 0 0 0 46 0 80 2 0 0 0 0 0 71 0 0 50 0 
0 0 0 0 0 0 75 20 0 0 0 97 0 0 0 0 0 0 0 12 0 20 0 0 
0 0 0 0 0 0 0 0 0 0 0 73 0 60 90 95 0 58 87 79 53 0 0 
0 0 72 0 0 81 0 0 58 0 0 8 0 0 97 0 0 41 0 34 0 21 
31 0 0 0 0 0 35 28 82 0 44 0 0 0 0 0 54 0 0 0 0 
0 0 79 0 0 0 0 0 67 68 0 0 0 0 0 35 0 0 0 0 
0 0 0 0 0 0 96 4 0 0 0 11 0 25 0 0 0 0 0 
9 0 0 0 40 0 0 0 0 19 0 0 86 18 0 81 0 0 
0 0 35 0 0 0 0 91 53 39 0 0 0 0 0 0 0 
0 0 0 0 0 0 0 0 0 0 0 23 0 0 0 0 
61 0 54 0 68 20 29 0 49 0 0 0 0 0 0 
0 0 92 0 99 38 0 0 0 97 0 52 0 0 
0 0 14 0 0 0 0 65 0 0 0 0 4 
0 0 0 0 0 0 0 0 22 0 83 0 
0 28 0 0 0 0 0 0 89 0 0 
43 0 0 0 0 75 0 0 0 0 
0 0 53 0 0 0 0 0 0 
0 0 0 0 0 0 0 0 
70 93 97 0 0 96 0 
0 83 0 0 0 96 
0 0 0 0 75 
24 0 0 0 
30 0 0 
0 0 
19 

#i: 5
0 0 8 0 0 0 0 0 47 0 65 0 0 60 0 0 0 0 0 0 94 0 0 75 0 2 0 0 9 0 0 0 8 29 0 43 0 0 0 0 0 0 0 
0 0 0 34 0 0 0 78 59 0 0 0 0 0 0 0 0 0 0 66 0 0 0 0 0 0 0 64 0 0 0 0 0 0 0 0 0 0 0 0 0 17 
0 0 0 22 0 0 0 0 0 0 0 58 0 0 0 0 53 0 0 0 44 0 0 0 0 0 0 0 0 0 86 0 0 0 0 0 0 0 0 0 0 
0 0 0 0 0 0 32 88 0 90 0 0 0 0 67 62 0 0 0 28 44 0 20 0 0 0 0 0 0 0 37 0 7 83 0 0 0 0 0 0 
0 21 84 0 0 0 0 0 38 59 0 0 0 0 0 0 39 0 0 0 67 0 0 0 0 20 0 0 0 0 0 0 0 0 0 51 0 45 0 
0 0 0 0 0 0 22 0 0 0 0 0 0 38 0 33 0 60 79 0 75 0 0 35 100 100 0 0 0 0 0 92 39 86 0 0 6 0 
61 0 0 0 0 0 0 0 0 0 0 63 0 0 0 0 0 0 0 15 0 8 78 0 0 0 11 0 0 0 0 0 0 0 43 0 0 
0 0 0 0 45 37 0 0 41 51 0 0 0 0 0 0 67 0 47 0 0 0 0 0 0 0 0 0 0 0 0 0 0 37 0 0 
0 61 81 0 0 0 29 0 0 0 0 0 78 0 0 0 6 0 0 0 51 13 0 0 71 0 0 0 0 0 0 0 0 92 0 
0 74 0 31 0 0 0 0 70 22 50 0 0 0 0 0 0 0 0 0 0 0 0 36 0 0 0 0 0 0 90 59 0 0 
24 0 11 0 0 0 0 0 0 0 49 0 0 0 0 36 0 0 0 0 0 0 0 46 0 0 0 0 0 0 11 0 0 
0 16 0 0 0 0 0 0 0 15 0 96 0 0 0 99 0 0 0 0 0 0 0 0 0 88 0 31 0 0 0 0 
0 0 0 80 0 0 0 66 0 0 0 0 0 52 0 0 0 0 0 88 0 0 0 87 77 0 79 0 0 13 0 
0 77 0 28 0 49 0 26 32 0 0 0 17 0 0 0 0 0 0 0 0 23 0 0 89 52 23 0 0 0 
0 0 0 0 97 0 0 0 47 0 0 0 39 45 0 0 0 0 0 58 53 0 0 0 55 0 0 0 31 
65 0 0 0 0 98 0 10 0 0 0 27 0 0 0 24 0 60 33 0 0 0 0 82 0 0 6 0 
92 0 0 0 0 0 0 0 44 45 0 70 99 0 0 34 53 0 0 80 0 0 77 0 0 0 0 
0 16 0 0 0 0 24 93 0 62 0 0 0 0 0 0 0 55 0 0 0 0 0 0 0 50 
13 55 0 0 0 0 75 0 0 0 0 0 50 2 32 26 0 0 37 0 28 0 0 0 0 
0 99 0 0 0 0 0 0 6 0 0 0 0 0 66 0 0 0 0 0 0 7 0 21 
0 0 0 0 0 0 0 0 46 0 0 0 0 0 79 0 0 0 96 65 0 0 0 
9 0 0 26 0 42 0 45 0 0 0 0 0 0 0 97 0 0 0 0 0 30 
0 0 96 0 0 0 0 0 0 77 0 16 0 0 0 0 0 0 0 0 0 
0 0 0 0 0 0 0 62 0 25 0 0 0 85 0 61 20 0 19 0 
0 0 0 0 0 0 0 83 0 0 0 0 0 0 0 0 0 0 19 
40 0 0 0 48 0 0 0 0 11 0 0 0 0 0 44 0 0 
91 0 0 0 0 47 61 0 0 0 31 61 0 91 0 0 0 
0 0 0 0 0 0 0 0 0 19 58 0 0 0 0 58 
0 48 0 0 0 0 0 0 0 46 0 0 0 0 19 
47 0 52 0 0 0 0 0 0 50 0 0 0 0 
0 22 0 0 0 82 0 0 0 0 0 0 77 
0 0 0 0 33 0 0 0 0 67 0 0 
0 28 50 0 32 0 11 0 0 0 0 
70 0 0 0 0 0 0 0 0 43 
0 0 0 0 0 67 0 0 74 
0 93 0 93 95 0 4 0 
93 0 39 0 0 0 0 
0 66 0 0 0 85 
0 0 87 32 25 
88 25 0 0 
0 0 0 
0 0 
50 

#i: 6
0 0 25 0 0 0 0 0 0 94 0 0 0 0 90 0 18 0 22 47 0 0 0 0 0 0 0 0 0 0 0 0 79 0 0 0 20 0 0 47 77 17 
76 0 65 0 0 0 0 0 0 0 0 0 90 0 0 0 0 0 0 0 63 0 0 0 40 0 36 0 0 0 33 0 0 0 0 11 0 49 0 98 0 
95 0 0 0 0 30 62 0 0 0 16 0 0 0 4 0 0 23 13 16 0 0 0 0 2 0 0 0 0 0 0 0 0 0 0 0 0 0 0 0 
0 85 0 0 0 0 0 0 0 0 0 0 11 85 0 0 49 76 50 0 0 0 0 0 0 0 0 0 0 16 93 0 35 50 0 0 21 51 0 
0 0 0 0 0 41 0 0 0 0 0 0 94 98 0 42 0 0 56 0 32 0 0 0 0 0 64 0 83 0 0 0 0 25 0 0 69 35 
0 0 0 0 85 0 0 0 44 31 4 0 0 0 0 0 0 0 0 0 0 0 0 0 0 0 0 30 0 0 0 0 0 0 0 0 0 
0 0 0 0 0 0 54 0 0 0 42 36 0 0 0 0 45 0 0 0 85 12 0 23 0 0 59 23 0 0 80 0 0 0 78 0 
3 87 0 84 0 0 0 0 83 65 0 0 65 86 0 0 0 24 0 23 58 0 21 0 0 0 0 0 0 0 0 0 0 0 98 
4 0 0 0 18 0 0 15 0 86 0 0 0 64 0 13 67 0 0 55 83 0 76 0 0 0 0 79 0 0 0 0 55 0 
0 0 97 0 0 98 0 56 0 20 0 0 69 0 0 0 0 0 0 0 0 99 0 100 21 0 93 0 0 0 8 0 0 
83 0 0 0 0 0 0 0 0 0 0 0 0 8 0 0 0 0 0 20 0 87 0 0 0 0 0 0 0 26 0 0 
59 41 0 0 0 0 0 0 0 0 0 0 0 49 0 66 0 0 0 0 0 0 31 0 0 0 0 40 0 1 0 
0 0 0 0 26 0 0 13 0 0 0 0 0 0 0 0 20 0 89 0 29 0 57 0 0 34 21 0 0 0 
18 0 0 0 25 0 0 0 7 83 0 0 0 0 39 0 0 0 0 0 0 0 55 0 49 0 55 0 0 
18 0 17 0 1 0 2 0 0 0 0 87 0 83 0 0 0 98 0 0 0 0 0 0 51 0 0 8 
0 0 77 57 0 0 0 37 0 0 51 0 37 0 72 0 0 42 0 0 0 0 69 0 0 0 0 
0 0 0 0 0 0 0 0 0 0 0 0 37 0 0 0 0 0 0 0 73 0 89 0 0 0 
43 21 0 0 69 95 0 0 14 0 69 0 65 15 52 0 0 0 19 0 32 0 73 12 0 
17 0 0 41 0 0 11 0 0 0 0 54 77 0 0 0 0 0 0 0 0 0 0 0 
0 0 0 0 0 0 0 0 0 55 0 0 0 15 0 0 0 0 0 0 0 0 0 
0 0 0 0 70 0 0 0 0 0 0 28 0 0 0 0 11 0 0 59 0 26 
0 4 0 83 0 0 0 42 0 0 0 0 0 0 0 0 40 0 0 0 0 
0 43 0 98 0 0 0 94 0 56 21 0 0 0 6 0 87 32 0 99 
0 87 0 8 4 0 0 35 0 30 0 0 0 85 0 67 0 0 95 
0 0 26 0 0 0 0 0 0 0 0 0 0 0 0 0 14 0 
0 0 0 0 0 0 15 0 0 0 0 0 57 41 0 0 0 
68 0 0 0 0 0 0 75 6 2 0 37 0 0 38 0 
0 0 0 0 0 0 0 0 0 0 0 23 0 0 0 
23 0 57 14 0 79 0 0 0 0 0 0 0 0 
0 0 0 0 50 81 0 0 24 5 0 0 0 
0 0 60 53 84 56 0 0 0 62 0 0 
0 66 0 42 0 0 0 0 0 0 0 
21 39 0 0 0 0 0 0 0 31 
0 0 0 0 0 0 43 0 28 
0 51 75 63 0 0 0 0 
0 0 0 0 0 22 0 
0 0 0 0 88 0 
0 61 0 0 0 
0 85 0 0 
0 93 0 
0 0 
0 

#i: 7
34 0 0 0 56 0 0 0 0 0 0 68 0 0 0 0 0 0 0 89 0 0 71 0 67 0 0 35 0 0 28 78 0 0 23 67 19 53 0 0 54 
0 64 0 46 0 0 32 0 60 4 0 37 80 100 0 0 0 0 0 0 0 0 0 0 0 3 0 0 77 0 0 0 37 0 0 0 0 0 79 17 
37 0 0 65 0 0 26 58 0 0 0 0 0 0 0 0 0 0 0 0 0 0 0 0 0 0 0 0 0 0 13 44 0 8 36 8 76 0 0 
95 0 0 0 0 0 0 0 0 0 0 64 0 0 2 0 80 0 74 0 78 0 0 0 90 11 0 0 80 0 0 0 67 21 0 0 0 0 
0 0 0 0 0 0 0 0 82 0 0 0 0 0 0 0 0 0 0 0 0 0 59 6 43 24 36 0 0 0 58 0 0 0 0 41 0 
0 0 0 0 0 59 0 0 96 0 52 50 90 0 0 0 0 0 49 0 0 0 39 0 26 0 0 0 0 12 0 0 42 65 0 0 
70 0 0 0 0 0 59 35 0 24 0 0 0 0 0 63 0 0 0 0 78 49 0 86 0 0 0 0 0 73 0 0 73 0 0 
0 0 0 0 72 0 4 0 0 0 0 0 0 10 0 59 0 3 0 0 0 65 0 57 0 0 0 0 17 0 0 0 0 0 
26 58 77 0 0 11 0 0 0 62 8 0 0 0 0 11 38 0 0 0 0 0 0 0 0 92 0 0 0 0 0 0 0 
0 81 6 0 0 0 0 0 0 0 0 0 75 40 46 0 74 0 91 0 0 0 0 0 37 0 0 0 0 0 0 0 
86 0 0 0 16 0 60 0 0 0 0 7 0 8 0 0 0 0 0 0 0 0 0 0 0 0 84 0 0 0 37 
69 0 0 0 0 0 0 0 0 0 0 0 0 0 0 0 40 0 0 0 0 0 64 0 85 0 0 0 0 0 
0 0 0 0 37 29 0 0 0 0 66 0 21 0 0 5 0 54 66 0 25 0 4 0 0 0 0 0 0 
0 0 0 0 0 0 15 0 12 0 0 0 65 0 0 0 0 65 2 66 0 0 0 0 0 96 0 0 
0 22 0 0 0 0 4 0 0 61 0 95 0 0 0 0 0 55 2 0 0 0 0 22 14 0 0 
68 0 12 0 0 38 0 0 0 63 0 0 0 0 0 0 71 83 0 0 0 0 0 60 0 0 
3 0 0 0 0 0 0 0 72 24 35 68 0 0 0 0 0 0 0 0 0 0 0 0 0 
0 0 0 92 0 0 0 0 0 0 10 0 0 75 76 67 0 0 0 0 0 54 93 86 
0 86 0 0 0 28 0 14 0 0 91 0 0 0 0 0 40 0 9 81 0 0 23 
98 0 0 0 23 53 30 49 78 0 0 0 0 0 52 0 0 0 62 0 0 0 
0 0 0 0 0 0 0 89 0 0 3 83 0 0 0 0 0 0 53 0 58 
0 0 0 0 0 0 0 0 28 62 0 0 0 0 0 0 0 0 0 0 
0 0 74 18 0 0 94 0 0 0 0 85 0 0 0 0 0 0 0 
0 0 0 0 44 77 55 0 0 0 0 0 37 0 0 0 0 0 
0 0 18 0 0 58 0 0 0 0 0 0 0 0 66 0 0 
0 56 0 0 0 0 52 0 0 43 0 69 0 0 0 0 
0 0 0 0 0 0 0 0 5 0 0 0 0 0 0 
0 0 91 61 51 0 0 86 0 0 0 0 0 8 
0 0 0 0 0 75 0 0 81 0 0 23 0 
0 0 0 0 0 0 0 0 70 51 0 0 
0 0 0 0 0 0 0 0 0 0 0 
0 27 0 26 90 0 0 0 85 0 
0 6 0 0 37 0 0 0 0 
0 14 0 0 0 0 0 0 
84 77 0 15 0 1 0 
0 0 77 0 0 36 
0 0 0 0 0 
0 0 84 0 
0 59 26 
0 84 
0 

#i: 8
0 0 0 0 62 0 0 0 0 0 0 0 10 0 0 0 0 0 30 0 0 63 38 0 0 0 5 0 89 0 0 0 0 0 0 0 0 0 0 20 
0 0 0 60 92 0 0 66 0 3 0 0 0 0 0 2 0 0 26 0 0 0 0 0 37 0 0 0 94 0 0 44 0 18 0 29 78 0 64 
95 0 0 0 0 0 0 0 0 0 0 0 32 0 0 61 55 59 0 0 0 0 0 57 0 59 0 0 6 0 11 0 0 0 0 0 0 0 
51 0 0 0 0 0 0 0 58 74 0 93 9 47 0 55 0 0 0 8 0 0 1 0 0 0 0 0 0 0 0 0 0 63 73 22 82 
0 0 0 0 0 0 57 0 0 97 0 0 0 0 0 0 45 0 0 0 0 0 0 0 0 0 0 0 0 0 0 19 0 0 0 19 
0 0 0 0 0 26 56 0 0 0 0 0 0 0 0 0 0 0 0 46 48 0 0 78 0 58 0 0 21 0 0 0 0 99 11 
90 0 29 39 46 0 0 0 0 37 0 0 0 0 0 0 0 0 0 0 28 0 0 0 0 0 76 0 0 0 0 0 0 0 
0 0 0 0 0 0 0 0 0 0 0 0 25 0 0 0 0 0 72 0 61 39 35 0 0 0 87 0 0 0 0 0 0 
0 0 0 0 0 0 0 36 0 0 21 82 0 0 0 0 0 35 93 0 46 0 0 0 0 0 0 0 95 0 0 0 
0 33 0 0 0 0 0 0 29 0 0 0 0 17 12 55 0 0 8 91 0 0 0 0 0 0 0 0 0 0 74 
0 0 0 66 0 0 2 0 0 0 85 0 11 0 0 0 0 0 0 0 0 24 0 0 0 24 0 25 0 0 
0 0 0 0 15 0 0 0 0 0 0 0 0 0 64 0 0 0 0 0 0 0 0 60 0 0 69 0 0 
0 0 0 0 0 0 0 69 0 0 0 0 0 0 32 0 0 8 0 0 4 0 0 0 82 0 0 0 
0 0 88 12 0 8 0 0 0 0 0 0 0 0 0 0 0 0 0 0 0 0 0 58 0 0 0 
92 0 0 0 7 0 80 0 0 0 0 0 0 66 0 0 0 84 0 0 91 0 0 0 48 10 
69 39 9 0 0 0 0 30 0 27 0 0 0 50 29 0 0 0 0 12 0 0 24 0 31 
0 0 0 83 0 64 0 0 0 97 0 0 45 0 0 0 0 21 0 0 0 0 0 0 
0 0 87 0 0 0 0 0 7 0 0 0 0 0 0 73 0 0 0 0 0 11 0 
0 0 0 0 0 90 0 0 0 0 0 0 0 64 83 12 0 0 0 0 0 0 
0 0 0 0 0 0 0 0 0 0 0 99 96 0 0 0 0 0 0 33 0 
0 0 68 0 0 0 0 0 0 0 0 0 0 40 0 0 0 0 0 0 
0 54 0 55 84 0 95 0 0 0 14 0 0 0 0 46 81 0 0 
0 0 0 0 0 0 69 0 44 0 0 0 0 0 11 0 0 26 
18 0 0 0 77 53 0 0 0 78 0 0 0 0 83 4 0 
0 0 0 0 0 41 0 0 0 99 0 1 17 0 0 46 
0 0 0 0 0 0 0 0 73 0 0 0 0 0 0 
0 0 0 18 31 88 0 0 0 0 0 0 90 41 
0 0 0 0 0 0 8 0 0 0 0 0 0 
58 0 0 0 14 0 0 0 0 0 0 0 
17 0 0 0 0 80 31 0 13 0 0 
0 0 0 77 0 0 0 0 0 0 
56 0 41 55 89 0 15 0 75 
0 0 0 94 0 0 0 0 
0 0 0 0 0 0 0 
0 0 0 0 0 0 
0 0 12 0 0 
86 9 57 59 
66 0 39 
0 18 
96 

#i: 9
0 0 73 91 0 0 0 0 37 0 0 0 0 0 0 0 0 0 0 0 93 41 0 0 0 0 89 0 0 0 0 0 71 0 0 0 0 22 7 
0 0 56 0 0 0 0 27 0 0 0 61 0 0 59 18 0 0 0 0 0 0 0 0 0 20 0 0 0 29 0 1 84 0 0 0 0 0 
0 0 93 79 0 72 0 0 0 0 60 0 0 0 0 0 0 0 0 0 52 0 0 0 64 0 13 91 0 0 0 0 0 0 0 0 0 
70 0 0 0 0 0 100 49 82 0 0 0 0 34 0 0 83 0 0 0 51 0 65 0 0 0 0 0 11 0 0 0 0 0 0 0 
55 0 0 0 0 0 0 87 0 0 3 0 0 30 28 0 0 0 98 0 0 0 0 0 0 0 0 0 0 0 69 0 0 0 0 
0 0 0 20 79 77 0 0 76 0 0 0 32 72 0 0 34 3 0 91 0 0 0 0 52 0 0 0 0 0 78 94 0 0 
0 0 0 47 97 0 10 0 0 0 47 0 62 0 0 0 0 0 0 70 0 19 0 0 0 51 28 0 52 0 27 54 0 
0 0 0 0 0 0 0 0 0 98 0 0 0 0 0 0 0 0 0 0 24 0 0 0 0 7 0 0 0 0 0 48 
0 0 0 0 0 0 0 0 0 0 10 17 0 62 0 23 44 0 0 0 0 0 0 0 0 0 65 0 0 0 0 
41 0 33 35 47 0 0 0 0 0 0 0 0 0 0 0 0 0 0 29 0 0 45 0 0 0 0 0 52 76 
0 0 0 0 0 20 0 0 0 0 0 76 0 0 61 41 0 97 0 0 0 0 0 0 0 96 58 0 0 
0 52 0 46 0 0 0 0 0 96 0 0 0 43 0 0 0 0 0 0 0 0 0 0 0 0 0 0 
91 0 50 0 0 0 0 31 7 0 0 0 0 0 0 0 0 0 0 0 0 0 0 0 36 0 0 
0 0 4 0 0 45 0 0 67 0 0 0 68 0 0 0 41 0 0 0 0 0 0 0 0 0 
72 0 0 0 0 0 21 0 97 0 0 0 0 0 18 0 0 0 0 0 74 71 0 0 0 
0 0 46 0 0 3 25 4 0 0 0 24 0 59 0 0 0 60 0 0 0 0 44 0 
68 0 0 0 0 0 27 0 0 98 52 0 0 0 0 0 0 0 0 0 0 0 0 
0 0 0 0 0 9 0 0 0 0 0 0 0 10 86 0 0 0 0 0 0 32 
0 0 0 77 0 0 0 0 0 0 0 90 0 70 0 0 0 22 17 0 0 
53 0 0 0 89 0 0 73 0 73 0 0 74 0 0 0 0 0 0 0 
57 0 0 0 0 0 0 0 0 0 0 0 0 0 0 61 0 0 29 
0 98 51 0 0 0 0 0 7 0 0 0 0 0 0 0 0 0 
0 0 0 0 0 0 0 0 79 0 0 0 0 0 0 66 41 
0 0 33 44 0 0 0 0 0 15 86 0 44 0 0 0 
0 0 0 0 20 0 0 0 0 29 84 0 0 28 24 
40 0 0 0 12 67 0 0 46 0 0 0 0 0 
86 29 75 0 0 0 93 0 55 0 0 15 0 
0 0 0 0 0 0 0 0 0 0 0 0 
0 0 26 0 0 0 0 0 0 0 0 
0 0 0 19 0 0 0 0 0 0 
23 0 0 51 92 0 0 0 15 
49 0 0 92 0 1 0 0 
0 41 65 0 54 0 0 
0 0 18 7 0 100 
0 84 0 0 66 
0 0 0 0 
0 0 47 
83 0 
0 

#i: 10
0 83 45 91 51 0 0 0 0 92 0 0 14 0 26 25 0 83 35 0 91 0 30 81 0 14 95 0 6 0 0 87 45 28 0 0 58 82 
0 0 0 0 0 0 66 0 55 0 100 0 0 26 0 0 94 0 11 0 0 86 0 0 0 0 0 0 0 0 0 0 0 0 32 81 0 
0 0 0 0 80 0 0 0 0 0 53 0 42 81 31 0 0 0 30 0 0 0 48 0 19 0 0 0 11 0 87 0 0 0 89 0 
21 0 20 6 0 19 0 94 0 0 0 79 40 0 87 0 0 0 79 0 0 0 0 76 0 0 0 0 0 96 20 0 0 0 27 
0 0 21 0 0 0 91 0 0 0 0 0 0 0 0 0 0 0 0 0 0 0 0 0 0 0 0 0 0 0 0 59 0 0 
0 0 69 0 0 0 0 47 0 8 83 0 0 0 0 0 0 0 0 0 0 0 26 28 0 0 0 0 0 0 0 0 15 
0 0 0 0 0 0 0 0 0 13 0 0 0 0 0 0 0 12 0 0 0 0 82 0 0 0 0 0 0 0 0 40 
0 56 0 0 0 0 0 0 82 90 0 0 0 0 0 0 0 0 84 26 0 81 0 0 0 39 0 0 43 0 64 
86 0 0 24 19 0 0 0 66 0 0 0 0 0 0 0 0 0 0 0 0 0 15 0 19 64 30 68 64 0 
0 0 0 0 0 0 0 0 64 0 61 0 96 0 0 0 0 0 0 80 10 0 0 2 0 0 0 0 0 
0 38 0 0 0 0 0 0 0 0 0 42 0 0 0 62 0 0 0 0 41 0 91 0 0 0 4 0 
4 0 0 25 0 0 0 0 72 0 0 0 0 0 0 0 2 9 0 0 0 0 4 78 68 57 0 
0 85 0 0 0 0 0 0 0 0 0 0 0 0 0 0 0 0 23 0 0 0 0 0 0 0 
0 0 0 1 96 100 0 0 0 0 0 0 0 89 0 0 0 0 18 0 1 0 0 9 0 
0 85 0 83 0 99 0 0 78 10 0 0 0 0 0 0 0 0 0 0 0 50 0 22 
0 0 0 0 0 0 0 0 41 46 0 0 0 0 0 26 0 0 0 0 0 0 2 
0 0 0 60 74 0 0 0 0 93 0 0 30 0 0 95 0 0 0 83 0 0 
0 0 0 0 0 0 89 0 0 31 0 0 1 0 79 0 0 0 0 0 86 
0 0 0 0 0 0 0 70 21 0 46 72 39 66 23 0 68 43 20 0 
0 0 0 0 0 0 0 0 0 0 17 20 0 0 19 0 0 0 91 
0 66 0 0 0 0 0 1 0 0 0 4 0 0 0 36 0 19 
0 0 77 21 0 0 0 0 0 0 0 14 0 0 0 0 0 
6 0 0 0 0 0 68 0 95 0 0 0 0 0 0 21 
0 0 0 0 0 93 0 0 0 0 0 15 0 0 0 
0 0 0 0 100 0 0 0 28 1 0 0 0 96 
97 0 0 0 0 0 0 0 41 0 0 0 0 
0 22 0 0 0 0 26 0 80 49 0 54 
0 0 0 0 0 72 0 0 85 0 0 
0 0 0 0 0 0 0 0 98 0 
0 46 0 0 51 0 0 0 0 
12 0 32 0 0 0 0 0 
98 0 0 0 0 0 80 
0 0 0 0 81 0 
0 0 0 0 0 
3 0 35 57 
76 0 0 
0 0 
0 

#i: 11
0 0 0 0 0 0 0 0 12 0 17 0 93 0 0 63 27 39 0 0 0 33 0 0 98 55 0 0 0 79 0 0 0 0 0 0 0 
0 0 0 25 0 0 0 0 0 0 0 0 0 0 73 0 0 23 96 0 0 0 0 0 0 70 73 0 0 0 0 61 0 58 71 0 
0 31 73 0 0 78 0 0 0 0 0 0 0 0 0 0 0 43 0 0 7 93 68 0 50 81 0 100 0 0 0 93 23 0 0 
0 0 0 0 0 0 0 0 0 0 18 0 0 0 0 0 6 42 0 0 0 0 0 0 0 0 0 0 0 41 0 25 52 3 
0 0 0 0 0 0 0 80 0 59 0 70 0 0 0 0 0 32 0 0 0 90 30 54 43 0 0 0 28 0 41 93 0 
96 78 28 0 0 0 0 0 0 0 0 0 0 0 0 15 0 0 44 0 0 1 36 0 0 0 57 0 0 51 47 0 
0 76 0 0 0 0 0 0 0 56 0 0 77 0 0 0 94 0 0 0 0 11 71 94 10 0 0 0 0 0 40 
0 9 0 0 0 0 0 0 0 0 29 0 23 0 0 11 0 0 0 3 0 0 0 0 0 0 0 61 0 0 
0 0 0 0 6 0 0 83 0 33 0 0 4 0 0 0 7 0 0 0 41 0 0 0 0 0 0 20 85 
0 0 40 0 54 0 28 0 0 0 0 0 0 0 0 0 0 97 86 0 0 0 0 16 0 0 0 0 
80 0 0 47 0 0 0 0 0 8 0 0 0 0 0 20 0 50 0 0 0 0 0 0 0 0 0 
0 1 97 0 51 0 0 0 0 0 0 0 0 0 0 0 0 0 0 44 40 0 41 0 51 0 
0 0 0 0 0 0 21 0 0 0 0 0 0 0 5 0 0 21 0 0 0 15 0 0 0 
0 30 0 0 0 0 0 0 55 0 0 0 0 0 0 0 0 0 0 73 0 0 0 95 
0 0 0 0 0 0 39 0 0 0 0 0 0 0 0 0 85 0 0 64 92 0 45 
0 61 0 86 0 0 0 0 0 26 24 26 0 0 0 0 0 0 0 0 0 0 
8 0 0 0 69 0 0 0 0 0 94 66 0 0 0 0 0 0 26 0 25 
43 0 0 0 0 0 0 0 45 0 0 0 0 37 0 0 67 0 0 45 
23 0 4 17 0 97 0 0 24 0 0 0 0 71 0 5 0 0 0 
0 0 0 0 0 0 0 0 0 0 0 0 50 0 10 0 0 0 
0 0 0 0 0 0 0 0 0 0 54 2 0 0 70 0 0 
0 0 0 0 0 0 0 0 92 0 0 0 0 0 0 0 
0 0 5 0 14 0 0 22 0 0 0 0 78 59 0 
16 80 0 0 63 29 0 84 0 0 0 0 0 0 
0 0 0 73 83 0 0 92 0 0 0 0 0 
0 0 0 13 0 0 0 9 0 0 0 0 
0 0 0 69 38 0 0 0 0 10 0 
12 0 0 0 0 0 0 0 0 0 
0 0 0 0 44 0 0 20 0 
0 8 49 0 22 0 0 44 
0 26 0 0 0 69 17 
0 0 0 0 0 0 
0 0 0 0 0 
0 0 0 0 
0 44 0 
0 16 
0 

#i: 12
58 71 0 0 0 79 0 80 0 75 0 0 0 0 0 0 0 0 0 0 61 0 0 23 68 0 0 0 0 0 0 0 0 0 0 34 
0 48 0 0 0 0 0 0 0 0 0 0 0 0 0 0 0 0 62 0 0 0 0 0 81 0 0 0 0 0 0 0 0 0 0 
82 0 0 0 96 35 56 0 0 0 0 0 0 0 61 0 0 48 47 0 40 21 59 0 0 0 0 0 0 0 0 0 0 80 
0 0 0 0 0 0 15 0 81 0 0 0 0 0 0 0 0 0 0 6 25 0 0 6 0 0 0 27 0 5 10 0 13 
100 0 0 65 0 0 0 65 0 0 57 28 0 0 20 0 0 0 25 0 0 0 0 0 0 0 0 0 0 0 0 0 
0 0 0 49 76 0 0 32 0 0 0 0 41 62 0 0 0 0 42 0 0 0 0 0 0 18 0 44 99 0 0 
0 0 0 0 55 0 0 0 0 0 0 0 0 0 0 84 0 0 10 0 84 0 0 0 0 58 0 45 0 0 
0 66 0 0 0 0 0 0 0 0 0 59 24 0 0 60 0 0 0 4 76 85 43 0 0 78 0 0 0 
0 0 0 0 0 23 100 0 0 0 0 0 11 0 0 0 0 87 0 12 0 83 0 13 0 4 67 0 
0 0 96 0 0 28 0 0 0 0 0 0 0 39 0 47 8 8 0 0 0 18 0 0 7 0 90 
0 0 0 0 0 28 0 0 0 0 0 0 0 25 0 0 0 0 0 0 0 0 0 0 0 0 
0 0 0 0 25 0 0 0 0 0 0 0 0 38 0 50 0 0 32 0 0 7 29 0 49 
0 0 0 0 87 0 16 69 0 0 0 0 60 0 31 0 0 0 0 0 61 0 0 0 
0 0 0 0 48 0 73 2 0 2 0 0 0 0 0 0 0 0 0 3 0 0 19 
0 0 0 0 61 0 0 0 0 0 0 0 0 9 0 0 0 0 61 6 0 0 
0 0 0 0 0 0 0 0 97 35 0 33 0 0 0 23 0 0 39 0 0 
29 0 0 0 0 0 34 63 20 0 0 0 0 0 0 19 0 54 75 13 
0 0 0 0 0 0 94 0 0 0 0 0 0 0 0 8 0 1 0 
0 0 0 67 0 0 0 44 82 0 0 0 100 0 0 66 0 97 
39 0 0 77 89 0 0 0 80 62 0 0 0 22 0 0 0 
0 0 89 0 0 0 0 0 0 0 0 0 0 0 0 0 
0 0 0 0 60 0 0 82 0 0 0 0 93 0 0 
0 0 0 90 35 0 0 0 0 0 40 0 0 0 
76 33 88 0 0 81 0 0 0 0 0 0 0 
70 42 0 0 9 0 33 0 0 0 0 0 
0 0 0 1 0 0 0 6 0 0 0 
0 0 0 18 0 0 0 69 0 0 
74 0 30 0 0 0 45 0 35 
0 0 3 0 0 0 0 0 
0 0 85 0 0 0 0 
53 0 0 0 0 0 
0 16 0 23 0 
0 0 56 0 
0 0 34 
0 0 
0 

#i: 13
0 0 15 0 0 0 0 0 0 0 59 14 0 0 0 60 0 40 0 0 0 0 0 0 0 0 0 0 0 0 0 8 0 0 14 
0 2 10 0 0 0 0 0 0 0 6 77 0 0 0 0 70 0 0 6 0 0 33 0 0 0 30 0 0 0 0 0 0 0 
0 0 0 93 0 0 0 1 0 0 0 0 0 0 0 0 0 0 0 0 61 0 34 0 0 0 97 41 33 0 0 0 0 
0 0 0 84 0 49 0 0 0 0 46 0 86 51 0 0 0 94 0 0 0 0 16 17 0 44 43 0 0 0 0 0 
0 0 6 0 0 0 0 90 45 52 18 0 0 92 0 0 0 0 0 0 88 0 45 0 0 21 0 0 0 0 0 
0 0 0 0 0 0 0 28 0 32 0 0 0 0 0 0 0 0 0 82 0 0 0 66 0 0 0 0 24 0 
0 0 0 0 0 0 86 0 0 0 0 0 65 0 0 0 69 0 0 0 0 0 0 0 0 0 0 0 0 
81 53 0 75 0 0 0 0 53 0 17 0 0 0 75 0 50 0 0 0 98 0 0 0 0 0 0 0 
30 0 0 0 0 6 0 0 0 59 0 0 83 0 0 0 0 0 0 0 28 0 0 0 0 0 0 
0 0 0 0 85 90 39 0 0 0 14 0 0 0 0 0 0 24 0 0 0 40 0 0 0 0 
0 79 0 0 0 0 42 39 57 0 0 0 30 0 0 98 0 0 0 0 88 90 70 0 0 
84 0 67 0 0 39 0 0 0 0 0 0 0 0 0 0 0 0 0 0 0 13 0 0 
0 0 0 0 0 0 0 1 28 0 0 0 27 0 66 1 0 0 86 0 0 9 0 
0 0 0 94 0 85 0 0 0 0 30 42 0 17 0 0 0 0 0 0 0 0 
0 4 0 0 6 81 76 2 0 0 23 0 76 0 0 0 0 28 0 0 0 
0 0 0 0 0 0 0 0 0 0 91 52 82 68 0 0 0 0 0 27 
0 100 0 0 0 0 0 55 0 100 0 0 0 0 0 89 0 50 0 
0 0 0 0 0 0 0 0 0 0 0 0 94 0 0 0 0 18 
0 0 62 0 0 89 0 39 7 0 0 0 0 0 0 0 93 
0 0 0 0 0 0 80 0 0 0 55 0 0 65 0 0 
0 0 0 11 4 0 0 0 0 29 30 0 76 0 0 
0 51 0 10 0 0 0 7 0 0 0 0 71 71 
0 0 0 0 87 0 0 71 0 0 5 0 0 
3 0 0 0 97 62 0 0 0 18 0 14 
0 0 0 0 0 0 0 88 0 0 0 
88 0 92 0 0 0 0 0 0 24 
0 0 48 0 0 20 0 0 61 
86 0 64 0 65 90 0 0 
0 0 0 0 0 0 0 
0 0 0 0 0 0 
0 0 98 15 0 
65 0 0 100 
39 0 87 
1 54 
34 

#i: 14
0 2 0 0 73 0 0 0 0 0 0 0 0 0 0 0 0 0 0 0 0 0 36 0 47 0 0 0 0 76 0 0 27 0 
0 0 0 0 0 0 0 0 13 8 0 18 0 0 0 0 0 0 0 24 0 0 36 0 45 97 0 0 0 0 96 0 0 
0 0 99 0 0 0 0 0 0 0 0 0 0 0 37 0 10 0 0 0 0 0 0 0 0 0 46 0 0 0 43 0 
68 0 0 0 0 61 0 0 51 0 31 0 79 54 0 0 0 0 0 16 0 100 9 0 0 0 0 0 36 24 88 
0 0 77 0 0 0 0 0 0 13 0 64 0 0 70 0 0 0 0 0 0 41 0 0 85 0 0 0 0 31 
0 0 0 0 0 0 0 0 0 0 0 0 0 0 1 0 0 0 0 0 0 0 51 0 0 0 0 0 0 
0 0 0 80 0 0 0 0 0 0 0 0 0 0 42 0 0 0 0 0 0 0 47 0 0 12 47 0 
0 15 0 15 34 0 23 0 21 0 0 0 0 0 0 0 11 0 39 16 0 0 0 36 0 15 0 
90 0 0 0 61 0 58 0 0 0 0 0 0 87 0 0 0 42 5 0 0 0 0 43 0 0 
0 0 22 0 0 61 0 0 0 0 0 0 0 72 94 0 0 0 0 0 41 0 0 0 0 
0 0 0 0 0 0 0 0 15 0 58 47 0 67 0 0 0 0 0 16 0 0 0 0 
44 0 0 0 0 55 34 50 0 0 0 47 0 0 0 89 0 0 0 46 0 0 0 
0 0 0 0 0 78 0 0 45 0 0 51 0 0 0 7 0 0 0 0 0 72 
0 0 38 100 0 0 0 0 81 87 0 47 0 6 95 0 0 0 0 0 81 
0 0 0 0 100 0 0 0 0 0 12 0 0 0 95 0 0 0 0 0 
14 0 0 39 0 0 0 0 0 2 0 0 0 26 0 90 0 0 0 
0 0 0 0 6 0 0 0 0 3 0 0 0 0 12 0 0 0 
27 0 0 7 0 0 0 40 0 90 91 0 0 18 0 64 0 
78 0 66 0 0 0 88 0 0 0 49 82 0 0 0 0 
0 0 0 0 0 0 0 0 0 6 56 74 0 0 0 
0 0 68 0 0 0 54 0 41 0 0 0 0 0 
0 0 0 0 0 2 0 0 0 60 0 64 59 
0 0 0 0 0 100 0 0 17 0 0 0 
57 0 0 0 0 59 0 31 0 0 0 
56 0 0 0 0 0 65 3 0 0 
0 0 0 0 0 53 0 30 0 
0 0 0 0 0 0 0 91 
97 0 0 0 0 0 45 
52 0 0 0 81 0 
88 0 76 0 0 
0 0 0 98 
45 58 0 
0 0 
0 

#i: 15
0 0 0 46 0 0 1 0 0 0 0 0 18 0 0 62 0 0 0 10 0 0 82 0 52 42 0 79 0 0 0 65 0 
64 0 0 45 14 0 98 4 8 0 0 0 0 64 45 0 0 0 0 0 39 95 31 0 0 0 0 0 0 0 0 0 
67 97 0 0 2 27 0 19 0 0 84 0 0 16 0 0 0 0 0 66 0 0 95 0 0 0 0 0 0 0 0 
0 87 0 0 0 0 0 71 9 77 0 0 0 0 0 0 31 0 0 0 0 0 0 0 0 0 49 0 0 55 
0 0 0 0 29 77 23 0 0 0 0 59 49 26 0 0 45 56 0 0 0 0 79 0 41 7 0 58 56 
96 0 0 95 0 0 23 69 0 0 0 0 86 48 0 0 0 0 0 67 0 0 91 0 51 0 0 0 
5 37 0 0 89 0 0 0 0 0 0 0 0 0 0 29 0 0 0 0 0 40 0 8 38 0 10 
0 0 0 0 0 0 0 0 0 0 0 42 0 0 0 0 0 88 0 0 37 79 92 0 8 0 
0 0 0 0 14 97 0 0 0 0 0 0 0 0 0 61 0 0 0 0 0 0 0 0 0 
0 35 20 0 0 20 0 48 0 98 0 0 0 0 0 0 0 47 0 84 0 0 47 0 
95 0 0 0 0 59 91 0 0 18 0 0 0 42 0 0 66 0 0 0 37 34 41 
0 0 1 69 80 0 0 50 0 0 0 30 77 0 0 0 0 25 0 0 0 86 
0 11 0 0 0 0 0 55 0 0 7 0 0 0 0 0 0 0 0 0 0 
100 0 0 0 0 0 0 56 0 0 0 0 0 0 0 0 0 6 75 42 
0 0 85 0 0 0 0 0 65 73 0 0 0 59 0 29 0 23 0 
45 0 97 0 0 0 0 0 93 0 0 0 0 42 0 0 0 0 
0 0 0 82 0 0 91 0 0 76 37 0 0 0 0 0 0 
0 0 0 0 20 67 0 0 0 0 0 88 0 96 46 0 
0 0 0 0 92 0 0 0 0 0 0 0 0 0 0 
0 0 0 0 64 0 0 0 0 0 0 0 0 0 
0 35 91 0 87 0 0 0 27 0 0 0 0 
0 0 97 24 42 0 0 0 92 95 0 0 
0 0 0 0 0 0 25 0 0 0 0 
0 71 0 0 0 81 68 85 0 0 
0 0 0 7 0 8 6 0 0 
46 0 97 0 42 53 0 0 
0 0 28 43 0 68 0 
0 0 0 0 0 5 
0 0 0 0 0 
0 0 0 0 
0 79 75 
0 0 
0 

#i: 16
0 0 0 0 0 0 90 0 0 0 0 92 0 0 0 0 0 0 30 0 0 0 0 0 0 0 23 0 0 0 0 0 
0 0 13 0 54 0 0 51 65 0 0 0 0 0 0 0 0 0 47 0 0 50 0 0 78 72 0 0 0 0 0 
0 0 0 0 0 26 0 0 0 0 0 0 74 0 45 0 76 0 62 45 63 0 50 0 0 0 53 30 0 0 
0 92 0 17 64 0 58 0 0 40 90 2 0 89 0 0 63 45 0 0 0 0 59 0 0 0 0 0 0 
85 0 0 0 33 0 0 0 0 0 0 75 0 0 0 0 0 0 0 0 15 3 0 0 49 40 0 0 
75 0 64 0 0 0 0 0 0 0 0 0 0 0 0 0 39 0 0 0 0 19 15 25 0 0 0 
0 28 0 0 0 0 0 0 77 0 0 58 84 0 0 0 94 91 0 55 0 0 0 0 0 0 
22 0 0 0 0 0 0 0 0 85 0 0 0 0 0 0 0 0 0 0 0 0 0 0 0 
17 0 0 0 0 0 0 0 0 0 0 53 0 0 0 0 0 0 0 0 94 0 0 0 
0 24 0 0 0 57 0 0 0 0 0 0 0 92 18 0 2 0 0 15 57 0 7 
75 0 0 0 0 0 60 0 0 0 0 0 27 0 0 0 21 0 0 0 0 0 
60 22 0 0 51 0 95 0 47 0 0 40 0 0 0 13 0 0 0 0 0 
0 0 0 39 80 93 0 83 97 13 0 0 0 0 0 0 86 39 100 0 
0 0 0 18 38 0 0 88 24 0 0 0 0 0 51 0 0 0 0 
0 47 0 0 47 12 0 0 22 27 18 0 0 0 0 0 0 15 
0 89 0 6 0 0 0 0 12 10 0 0 0 46 0 0 0 
0 12 0 0 0 0 0 0 0 0 49 0 0 0 0 0 
0 90 0 0 0 6 0 0 0 35 0 98 87 0 0 
0 0 0 0 38 1 0 93 0 0 0 0 0 0 
0 0 68 0 0 0 90 0 10 0 42 0 0 
0 44 0 0 0 0 0 37 0 0 0 0 
0 0 0 0 0 0 0 0 0 0 0 
0 78 0 0 0 0 0 0 43 57 
0 54 47 0 0 27 0 65 0 
0 71 0 0 83 0 0 0 
0 0 0 7 0 24 0 
0 79 9 0 0 0 
0 0 0 88 0 
0 73 0 0 
27 0 23 
0 0 
0 

#i: 17
0 0 91 77 0 0 0 0 59 0 88 98 61 72 0 0 0 0 0 0 0 0 0 0 0 20 0 0 18 0 0 
0 0 0 0 0 0 0 0 0 0 0 0 0 0 0 0 0 0 0 0 0 0 0 0 0 0 22 0 0 0 
63 0 0 0 0 0 0 0 0 0 0 0 0 0 19 45 0 75 0 0 0 50 0 4 0 0 0 99 0 
0 0 0 0 70 0 0 0 0 0 0 0 0 0 0 0 0 0 36 52 0 0 0 0 42 0 0 41 
44 0 0 0 0 0 0 0 0 67 0 0 0 0 0 56 0 0 43 0 0 0 0 0 0 0 0 
0 0 0 76 0 0 0 60 0 0 0 0 51 70 15 35 0 0 39 0 0 58 82 0 17 70 
63 0 0 0 0 0 0 0 0 0 0 0 0 0 99 0 0 0 0 0 0 65 0 0 0 
37 69 0 0 0 0 59 0 0 0 0 0 0 0 0 0 5 0 0 0 90 1 0 0 
0 0 0 0 0 0 72 0 92 0 0 0 0 0 0 0 0 31 52 0 87 0 6 
0 0 0 0 79 0 0 0 0 100 0 0 0 0 69 0 0 96 0 92 0 55 
0 0 0 8 0 8 15 0 0 27 0 0 0 0 9 0 0 0 0 0 0 
0 47 0 0 0 43 0 0 0 0 61 46 0 0 0 64 62 0 66 0 
36 11 0 41 64 98 0 0 0 0 0 0 0 0 0 86 25 0 0 
0 13 0 45 49 0 0 64 40 0 71 0 0 0 50 0 0 0 
0 0 89 0 0 0 0 0 0 0 0 0 0 0 0 0 0 
0 0 59 0 92 0 69 0 0 0 0 0 0 96 0 0 
8 0 0 0 0 15 0 63 0 0 0 0 92 0 0 
0 0 0 0 0 0 0 16 0 33 0 0 0 0 
0 0 0 0 0 44 0 0 67 0 61 82 0 
48 0 0 0 80 0 25 18 0 0 53 0 
0 0 0 77 87 31 52 0 1 0 0 
0 0 0 0 0 0 0 96 0 0 
28 0 81 49 0 90 22 73 0 
0 0 0 0 0 0 0 55 
0 0 0 0 0 0 0 
0 0 0 0 52 0 
0 0 0 0 12 
47 0 0 0 
0 0 0 
0 0 
0 

#i: 18
80 0 0 37 0 0 78 0 1 0 53 4 0 0 0 0 0 7 0 0 0 14 0 4 0 0 44 0 0 52 
52 46 0 0 0 0 0 0 0 42 0 0 6 0 0 0 45 0 41 0 0 0 0 0 0 0 0 0 0 
0 0 0 1 0 0 0 0 10 0 0 0 0 0 18 46 0 0 0 0 0 0 0 0 15 0 0 0 
0 0 0 58 0 65 0 0 0 0 0 0 0 59 95 0 0 0 58 0 0 0 0 0 68 0 8 
0 0 0 0 0 92 0 0 0 15 0 0 0 4 59 0 29 0 23 0 0 13 0 95 0 0 
0 0 0 0 0 0 77 0 49 0 0 0 100 0 0 0 0 0 0 0 0 0 0 0 0 
96 5 34 93 0 0 0 0 72 0 0 0 0 0 9 0 93 0 0 0 0 0 86 0 
0 0 73 0 0 60 13 100 0 48 0 0 0 0 0 0 0 0 0 36 0 0 0 
0 50 6 0 1 68 0 0 0 0 62 0 0 45 0 0 0 0 0 0 0 22 
0 0 0 0 0 0 0 0 0 0 0 0 0 2 44 51 25 36 0 0 0 
0 19 0 0 0 0 0 0 0 96 0 0 0 72 0 89 0 0 68 0 
0 0 0 97 0 0 8 0 0 0 0 0 0 0 0 0 0 0 0 
0 0 0 25 0 0 0 0 62 0 0 0 5 67 0 0 36 0 
0 0 89 0 0 92 0 0 27 0 0 46 0 31 27 0 41 
0 0 0 50 0 0 0 0 90 0 83 88 0 0 23 0 
9 0 0 0 48 0 0 42 0 0 0 0 34 0 0 
37 0 0 0 0 66 63 0 0 0 0 0 0 0 
0 0 0 0 0 0 0 0 0 0 0 0 90 
0 58 0 0 0 71 0 99 75 22 0 49 
0 90 0 0 0 0 0 97 0 0 42 
0 80 0 0 0 0 0 30 0 0 
0 0 0 0 0 0 0 0 0 
10 0 75 70 0 51 64 0 
0 0 53 0 0 81 51 
0 0 0 0 0 0 
49 0 0 78 0 
0 0 0 0 
0 70 0 
0 0 
3 

#i: 19
0 0 85 9 0 0 7 0 0 0 0 0 0 0 0 0 0 0 0 0 0 0 0 0 0 0 7 0 0 
20 0 0 0 87 85 0 0 0 0 0 96 0 96 0 0 0 0 0 0 0 0 0 0 67 0 0 0 
0 0 0 0 68 0 70 0 0 31 0 0 0 60 0 0 0 0 0 0 70 10 0 0 0 0 0 
0 0 0 0 0 0 40 0 0 0 5 0 75 0 0 0 0 0 33 0 43 0 0 86 0 0 
0 95 0 0 73 0 0 88 0 85 0 0 0 28 0 55 0 40 71 0 0 0 0 56 0 
0 0 0 88 0 0 0 0 98 63 0 0 0 0 0 0 37 0 0 0 93 0 0 79 
0 32 12 0 0 0 32 0 0 0 0 0 0 31 31 0 0 0 0 0 0 0 6 
0 0 0 0 0 14 0 0 0 0 0 0 89 0 100 0 32 93 0 0 23 10 
0 0 53 0 58 44 0 0 93 70 0 0 49 0 0 0 0 0 37 83 0 
24 0 0 0 56 59 0 0 0 0 0 0 0 0 89 0 0 0 0 0 
0 17 0 0 0 0 0 94 0 0 92 0 11 0 86 0 74 0 0 
0 0 0 0 0 0 0 0 0 0 0 0 0 0 0 0 0 0 
36 0 0 29 0 0 20 0 0 68 0 0 0 0 0 0 34 
1 36 0 0 63 0 3 0 5 0 0 0 0 0 0 0 
0 0 0 49 0 0 0 0 57 9 19 0 0 0 0 
0 0 0 0 0 50 0 0 79 90 0 0 0 0 
0 0 0 77 0 55 0 0 0 0 0 0 0 
0 0 0 0 0 0 0 0 0 0 0 42 
0 0 0 51 0 0 0 0 0 0 0 
0 0 8 30 0 0 0 0 30 0 
0 0 0 0 0 2 0 0 0 
0 0 75 0 0 14 5 0 
90 44 62 0 0 0 0 
0 0 18 0 0 6 
19 37 0 99 0 
46 62 0 0 
88 0 0 
0 0 
18 

#i: 20
0 0 0 0 0 0 0 75 0 0 81 41 0 0 0 0 0 0 0 20 0 0 28 0 0 22 0 0 
0 0 33 62 0 99 0 0 33 0 0 0 0 0 0 2 0 0 0 0 0 0 30 0 19 0 0 
0 0 0 48 0 99 57 0 0 0 59 0 0 0 0 74 83 0 59 0 0 0 82 0 0 27 
0 11 0 0 6 0 0 0 0 0 0 0 0 0 0 0 0 0 0 0 3 0 0 0 66 
89 0 0 0 0 0 0 0 0 0 44 37 0 0 69 0 0 0 0 0 84 0 58 91 
0 0 63 0 0 0 0 0 75 0 88 0 0 0 0 0 0 0 30 0 0 88 0 
0 93 0 0 0 0 0 61 0 94 0 0 0 73 0 97 0 0 0 17 91 0 
0 0 57 0 0 0 39 0 0 0 0 0 0 91 49 0 0 0 0 0 0 
0 0 0 55 20 0 0 0 0 0 0 0 0 0 36 0 0 0 0 0 
0 0 0 0 0 0 4 0 0 0 68 0 0 0 0 0 0 0 0 
0 0 46 0 0 18 0 0 36 18 0 86 0 0 0 14 0 0 
0 0 6 33 32 59 63 0 0 0 0 84 0 0 0 30 65 
0 0 0 44 0 4 0 0 0 0 0 0 0 0 0 0 
0 18 0 0 0 50 0 63 0 0 0 0 0 0 0 
0 0 0 46 38 0 0 1 0 0 0 0 0 0 
0 38 78 26 4 0 60 0 0 51 0 0 95 
17 0 0 0 0 0 0 27 0 0 92 20 
0 31 0 82 26 0 0 0 0 0 85 
0 0 0 0 0 0 0 0 27 0 
0 0 0 0 0 99 0 0 0 
15 0 0 46 0 0 0 0 
0 91 0 0 0 0 0 
0 23 0 0 0 37 
85 18 70 0 0 
0 0 0 11 
0 83 0 
0 0 
0 

#i: 21
0 0 79 0 0 97 36 0 0 0 0 0 28 0 0 0 0 0 44 0 59 47 24 0 0 0 0 
0 0 0 0 0 0 0 0 0 68 0 0 0 0 0 0 0 0 36 0 24 0 53 0 0 19 
0 53 0 0 78 0 0 0 50 0 62 0 0 0 0 91 0 86 0 46 0 0 0 0 0 
0 0 0 0 19 0 0 0 0 0 89 53 6 0 0 0 86 0 82 91 0 0 22 2 
0 0 0 99 0 27 0 0 36 51 0 0 62 20 75 0 0 0 0 0 0 0 0 
0 0 0 0 0 0 0 0 0 0 0 0 0 32 0 54 11 0 1 0 0 0 
76 0 0 0 0 81 0 0 0 0 0 0 0 0 0 0 100 0 46 0 0 
0 0 0 0 0 0 0 0 0 0 0 6 16 0 0 29 0 0 0 41 
0 0 0 0 0 0 0 0 69 0 0 0 87 0 0 0 0 0 16 
0 25 0 0 0 24 0 0 0 0 11 0 48 0 63 0 0 0 
0 0 44 24 0 0 0 82 0 0 26 0 0 61 0 0 0 
3 68 83 0 95 0 86 0 0 0 0 42 0 92 92 0 
0 48 96 8 0 0 0 94 0 0 0 0 0 52 0 
0 0 0 0 0 4 63 0 0 0 57 65 0 66 
0 45 0 0 37 0 6 0 0 0 37 0 0 
11 0 57 0 0 0 0 0 0 0 0 0 
0 0 0 0 0 0 0 0 0 0 0 
3 0 0 0 83 0 0 1 0 0 
0 0 2 39 79 66 0 28 93 
53 37 0 0 1 0 0 24 
0 0 56 0 0 0 0 
0 0 0 0 0 0 
20 15 23 37 53 
0 0 44 0 
0 0 0 
67 0 
0 

#i: 22
0 0 70 0 0 0 0 0 0 0 75 28 0 0 0 0 0 0 0 0 0 0 0 34 29 58 
0 0 0 0 0 0 0 0 0 0 19 0 72 0 0 0 0 0 98 0 50 0 0 0 0 
0 0 0 0 0 0 41 0 0 0 0 48 0 0 93 10 0 10 0 0 0 0 25 5 
0 49 0 1 0 0 0 0 0 0 77 0 0 0 0 0 0 0 0 0 53 11 0 
0 0 0 54 0 88 0 0 95 0 78 0 0 0 0 0 0 0 0 0 97 0 
0 0 0 0 0 11 0 0 0 9 0 0 0 0 0 51 0 0 0 0 0 
0 0 0 31 0 0 0 0 0 0 0 31 0 24 0 20 85 0 68 0 
0 0 0 0 3 0 0 0 0 0 0 0 0 0 0 0 0 30 53 
0 0 0 0 100 0 0 0 0 34 0 0 11 67 0 0 17 24 
0 0 90 0 0 0 0 38 0 0 0 66 100 0 0 0 0 
0 0 0 0 0 0 0 0 54 0 0 70 0 87 0 0 
0 0 0 0 19 66 0 92 43 0 52 0 10 96 0 
0 38 0 13 0 0 78 0 0 0 17 0 0 0 
0 32 86 0 0 0 71 13 0 0 0 41 0 
0 0 0 0 0 23 0 0 54 0 0 0 
0 0 0 0 0 0 0 93 0 0 48 
0 0 0 0 0 0 8 0 78 0 
0 0 46 10 0 0 0 0 0 
26 0 0 0 0 62 0 0 
0 0 0 0 0 0 0 
0 0 53 0 0 0 
0 0 0 0 0 
0 0 4 0 
22 0 0 
0 0 
0 

#i: 23
15 0 0 0 0 0 0 0 0 0 39 0 0 0 91 55 0 76 0 0 30 90 0 35 72 
0 0 0 0 0 0 0 0 65 68 0 95 0 0 5 0 0 69 0 0 18 71 0 85 
90 59 0 0 94 53 0 0 0 0 25 0 75 0 59 0 93 82 0 0 0 0 46 
56 0 0 0 0 65 0 0 0 46 66 0 70 0 0 0 0 0 0 0 29 0 
0 0 0 0 0 0 0 0 0 0 0 0 61 37 0 0 24 0 0 0 0 
0 52 0 0 0 0 0 92 0 0 0 0 70 0 0 0 66 0 0 0 
0 0 0 99 0 0 3 0 0 0 0 0 0 0 0 0 0 0 0 
33 71 0 0 0 0 0 0 0 0 0 0 0 39 0 0 31 0 
0 0 0 0 0 37 0 0 0 25 0 0 0 0 20 0 0 
0 0 93 0 0 30 0 0 8 0 57 0 0 0 0 0 
0 0 0 94 0 0 0 77 0 0 0 0 26 0 0 
24 0 87 69 0 0 73 0 0 0 7 0 10 9 
0 0 0 0 0 0 0 0 0 0 0 96 72 
0 0 67 0 0 34 0 0 0 0 99 0 
0 0 0 0 0 0 0 0 0 0 34 
0 0 0 0 0 57 0 0 0 0 
0 0 52 0 0 60 0 92 0 
0 0 0 0 0 0 35 62 
51 0 0 0 0 0 0 
0 0 0 0 0 0 
0 0 19 0 0 
0 95 0 0 
0 0 0 
0 82 
0 

#i: 24
0 63 0 0 0 0 0 0 67 0 0 0 0 0 82 12 47 0 0 42 0 0 90 0 
0 0 21 0 0 0 21 0 30 0 0 48 0 0 0 0 0 0 0 0 0 0 68 
64 40 0 8 0 0 0 0 0 0 0 0 0 73 99 0 55 98 0 0 83 0 
0 25 0 0 0 0 0 76 0 0 94 0 0 0 0 64 92 0 0 0 0 
0 0 6 0 0 0 0 0 10 0 86 0 14 0 0 14 98 100 0 67 
72 0 0 0 0 0 0 0 0 0 0 0 0 0 0 84 6 0 0 
0 0 0 0 80 0 0 0 0 0 0 0 0 6 0 0 0 0 
0 0 0 0 0 0 0 0 73 0 0 0 44 0 0 0 0 
0 0 0 0 86 0 0 67 0 0 0 0 0 0 0 0 
0 0 0 72 9 0 0 0 0 0 0 40 0 0 0 
32 0 41 32 0 0 59 97 53 46 0 0 15 0 
0 32 0 66 0 26 0 0 0 0 22 0 0 
0 0 0 0 0 28 0 0 0 0 0 0 
0 41 52 0 50 97 0 0 0 0 0 
0 0 0 0 0 0 0 62 0 44 
0 100 0 0 0 0 0 0 0 
0 0 80 46 50 0 33 0 
0 0 0 0 0 0 0 
0 0 77 0 0 0 
0 53 0 0 0 
0 0 23 87 
0 0 77 
0 0 
10 

#i: 25
29 0 0 0 0 0 0 0 0 2 0 68 54 0 0 0 0 0 0 0 64 0 65 
0 0 0 52 0 80 0 0 0 0 0 54 0 0 7 0 0 29 0 0 0 0 
0 0 0 0 99 0 0 0 91 36 0 66 0 0 0 0 0 0 0 55 0 
95 84 87 0 0 69 0 46 0 24 0 60 0 29 0 0 27 0 0 30 
0 0 0 0 88 0 0 0 0 0 36 76 0 0 0 0 0 15 66 
0 0 0 11 0 0 0 0 0 0 0 0 0 25 19 0 0 0 
0 0 0 0 0 24 29 0 0 19 0 0 0 0 19 0 0 
86 11 0 19 0 0 0 69 0 49 0 0 0 0 0 0 
0 50 0 66 0 67 0 21 80 0 0 0 0 0 21 
0 96 0 0 0 0 90 0 0 0 0 0 0 0 
0 0 50 0 56 76 0 0 0 0 0 0 0 
0 75 0 67 0 0 0 11 0 0 0 0 
0 0 0 0 0 0 0 0 0 0 35 
0 2 0 44 0 58 0 0 0 0 
0 0 0 0 0 0 0 0 0 
0 47 0 0 0 0 0 67 
0 0 0 0 0 0 0 
82 0 0 0 0 0 
0 16 0 7 0 
0 0 0 0 
0 81 87 
0 98 
0 

#i: 26
0 3 65 99 0 0 0 43 0 0 0 45 0 0 0 0 0 0 0 0 0 30 
11 0 0 79 25 0 0 0 0 0 0 0 17 0 42 58 0 0 0 46 93 
0 0 40 0 68 0 0 0 0 0 68 0 0 0 0 0 81 36 0 0 
0 0 59 0 0 0 0 0 0 0 60 0 62 0 0 10 0 0 0 
0 0 0 0 0 0 41 0 0 64 89 0 0 0 0 0 0 0 
0 0 31 0 0 0 88 0 0 0 0 0 0 0 0 0 0 
0 0 93 0 0 0 0 69 0 0 0 0 0 0 0 0 
0 0 27 0 78 0 0 0 0 41 0 0 54 2 25 
33 0 0 0 0 0 23 16 0 0 0 3 0 0 
22 0 0 0 0 57 0 0 0 0 34 0 0 
0 0 0 12 90 50 92 0 0 85 88 47 
0 0 0 5 0 0 0 79 0 0 0 
0 11 0 0 60 0 97 0 2 47 
82 0 62 0 0 73 22 0 1 
0 0 0 0 0 0 0 0 
0 0 0 0 0 0 0 
0 0 0 71 7 0 
0 0 0 0 0 
0 0 10 0 
0 0 0 
0 0 
0 

#i: 27
0 0 0 0 14 0 18 0 0 0 28 0 46 0 0 0 0 0 0 0 0 
0 0 77 0 0 17 48 44 92 14 0 0 0 0 83 0 0 0 62 82 
0 0 0 2 30 38 0 0 0 0 0 0 0 0 0 60 0 48 0 
0 0 0 0 0 0 0 92 0 0 0 0 88 0 0 0 0 0 
0 0 0 0 0 0 0 0 0 3 0 0 49 0 0 0 0 
52 0 0 0 0 0 0 0 0 0 0 63 0 0 0 0 
0 0 23 0 25 22 47 0 87 63 81 0 68 0 10 
0 78 0 0 18 0 0 0 0 0 0 0 0 43 
80 88 0 0 0 92 72 0 0 0 0 0 56 
0 0 0 30 0 11 0 0 0 0 0 0 
0 89 0 0 0 0 0 0 0 60 0 
0 0 0 47 35 4 92 0 0 0 
86 0 5 32 0 0 0 0 0 
0 0 0 39 0 0 70 64 
96 0 0 0 0 0 0 
0 0 0 0 88 0 
0 0 0 0 0 
0 51 0 0 
0 26 0 
0 83 
0 

#i: 28
0 0 0 49 0 0 0 0 0 99 0 0 14 43 0 70 0 0 73 0 
0 0 0 0 0 0 0 0 0 0 0 0 0 0 0 0 0 14 0 
46 0 0 0 0 12 0 0 92 14 0 11 50 0 91 0 0 0 
70 0 22 0 0 95 0 0 4 0 0 0 77 0 0 0 0 
0 10 0 0 0 25 70 0 0 0 0 0 0 0 0 0 
50 0 10 0 39 63 0 0 0 0 0 63 0 0 0 
0 0 0 0 0 69 0 0 0 37 0 0 0 0 
0 0 0 0 0 0 0 49 0 0 0 0 0 
0 74 59 0 0 66 0 0 0 68 0 0 
0 96 0 0 0 0 0 0 0 0 0 
0 0 0 0 89 0 0 0 18 0 
0 0 0 18 86 0 82 0 0 
0 0 90 0 76 0 0 6 
0 93 0 0 0 0 0 
0 69 19 0 0 67 
49 0 61 18 33 
0 0 0 0 
68 69 41 
0 69 
57 

#i: 29
0 0 0 20 52 0 42 0 0 0 0 0 0 0 0 0 0 69 0 
0 47 20 0 0 0 45 0 0 0 0 0 0 0 0 0 0 0 
0 0 0 0 0 50 96 23 0 0 34 0 0 0 0 0 0 
0 0 0 0 26 80 0 0 0 0 0 0 57 2 0 0 
0 0 0 0 71 0 0 0 12 73 0 0 0 0 41 
0 0 0 0 0 0 0 0 0 0 0 55 0 0 
0 0 0 0 27 0 96 27 37 0 0 76 0 
0 0 0 0 0 0 0 0 0 80 0 0 
0 99 6 0 0 0 0 0 83 32 0 
0 0 80 0 0 0 0 68 0 0 
0 0 0 0 25 37 0 56 0 
0 0 82 80 36 40 0 43 
0 28 0 60 27 0 61 
0 51 0 69 0 0 
58 0 0 0 0 
14 98 1 0 
0 0 0 
0 0 
0 

#i: 30
66 0 0 0 0 0 0 0 0 84 36 0 0 0 0 42 0 0 
0 0 0 0 0 0 0 0 18 0 0 0 54 0 2 0 80 
0 7 0 0 0 0 0 0 0 0 0 0 9 0 88 28 
5 0 0 0 0 0 0 33 0 0 0 36 0 0 0 
0 0 0 0 0 0 0 0 0 0 0 0 0 25 
0 79 99 88 0 0 0 76 0 0 15 0 0 
0 44 0 0 47 44 6 0 0 0 81 0 
0 0 69 89 0 6 0 0 24 15 0 
0 0 0 80 37 0 73 0 100 84 
99 0 0 0 0 0 54 0 91 
15 0 0 0 66 0 0 0 
0 0 0 0 0 0 0 
18 52 0 0 0 0 
19 0 0 69 0 
0 0 0 0 
10 82 53 
0 0 
13 

#i: 31
0 0 0 0 0 0 0 0 0 0 0 0 0 0 0 0 0 
0 0 0 0 0 0 90 0 0 19 0 0 0 0 0 0 
51 0 0 0 0 0 0 59 0 16 19 0 31 0 0 
0 0 33 0 0 0 96 0 0 0 75 55 0 0 
0 0 71 0 0 0 0 0 0 0 0 48 92 
0 0 0 56 53 0 40 0 0 0 0 1 
0 0 5 91 0 0 0 0 0 0 0 
0 0 56 0 0 25 0 0 0 0 
0 0 0 19 0 0 19 0 0 
0 54 92 0 0 85 0 0 
0 0 0 0 0 0 0 
0 0 0 79 55 0 
0 0 64 0 0 
0 0 16 0 
0 0 0 
0 0 
0 

#i: 32
0 0 0 0 0 0 0 0 0 0 0 0 90 0 0 0 
0 0 0 38 0 16 0 0 0 0 92 45 50 0 0 
29 0 71 0 0 8 39 0 0 0 0 0 0 0 
0 0 34 0 0 0 87 0 0 0 0 53 0 
0 26 0 18 0 3 0 13 0 0 59 100 
0 0 8 50 0 0 0 0 82 96 0 
56 0 0 0 0 0 0 0 0 0 
0 0 0 49 0 0 0 36 0 
0 0 0 6 0 31 0 98 
0 0 0 35 48 0 0 
0 0 0 73 8 0 
0 0 0 97 90 
0 0 0 69 
42 55 0 
0 0 
0 

#i: 33
0 93 0 0 0 0 0 0 5 0 0 0 46 0 0 
13 0 0 10 0 0 21 0 0 0 0 57 0 100 
0 0 0 70 0 0 0 0 0 0 0 0 61 
0 32 0 0 74 0 0 89 0 0 0 0 
4 0 0 0 0 0 0 0 0 0 0 
0 69 22 0 0 11 77 0 0 0 
0 0 0 0 0 0 0 0 7 
0 0 0 84 0 0 0 0 
0 57 0 0 0 0 0 
0 26 0 0 0 0 
0 0 0 0 0 
0 14 0 0 
0 0 0 
0 0 
0 

#i: 34
0 0 0 0 0 0 74 0 0 29 13 38 43 0 
0 0 0 51 0 0 0 0 0 0 91 0 0 
0 0 0 66 52 0 0 98 0 0 0 4 
0 0 31 0 0 0 67 0 0 0 88 
18 0 0 31 0 0 0 0 0 7 
0 0 0 0 0 0 0 52 28 
0 0 19 0 83 0 0 0 
0 0 84 64 0 0 67 
76 0 0 0 0 0 
0 0 0 0 0 
44 0 0 0 
0 0 0 
35 27 
0 

#i: 35
9 16 76 0 0 0 0 0 0 50 73 0 0 
0 0 0 0 0 29 0 3 0 0 0 33 
0 0 0 91 0 0 0 0 0 0 0 
0 0 0 0 0 69 0 0 0 0 
0 0 0 0 0 0 62 0 27 
0 0 0 0 0 0 0 0 
0 0 0 2 24 0 0 
57 0 0 0 39 0 
82 0 0 29 0 
0 0 0 40 
0 0 0 
0 20 
91 

#i: 36
0 72 0 0 0 0 28 0 0 0 0 0 
0 36 0 0 0 47 0 27 0 0 0 
0 70 0 0 81 0 0 0 0 96 
29 75 0 21 42 0 0 0 0 
30 17 0 22 0 0 0 0 
0 0 0 0 0 0 0 
8 0 64 0 0 0 
0 45 0 0 0 
0 0 0 0 
0 7 0 
0 0 
0 

#i: 37
0 0 0 0 0 0 0 45 0 39 0 
0 71 0 0 0 87 0 0 0 0 
0 0 0 90 0 0 0 0 22 
85 23 0 0 0 0 0 0 
2 0 0 0 0 0 0 
0 0 0 0 0 0 
50 0 0 60 0 
0 40 0 0 
0 0 0 
0 0 
0 

#i: 38
89 0 0 0 0 0 0 0 0 27 
78 62 37 96 0 0 0 0 0 
0 0 0 14 0 14 0 0 
28 0 0 0 0 0 52 
0 57 0 62 68 0 
0 57 0 40 0 
0 0 0 0 
0 0 26 
0 0 
0 

#i: 39
0 5 0 32 0 0 0 0 0 
4 0 44 44 0 0 0 0 
0 0 0 0 19 0 0 
0 0 52 0 0 0 
63 0 0 0 0 
0 0 39 35 
68 3 93 
0 0 
0 

#i: 40
0 0 0 0 0 0 0 0 
0 0 0 18 0 0 0 
0 0 92 96 0 12 
0 84 0 0 0 
0 0 19 3 
91 0 0 
1 61 
0 

#i: 41
0 0 0 0 0 0 74 
0 0 41 0 0 99 
0 0 96 0 0 
0 0 26 99 
0 0 0 
0 0 
0 

#i: 42
0 0 0 0 0 0 
0 0 54 0 68 
0 64 0 0 
0 90 0 
0 0 
0 

#i: 43
0 19 0 62 0 
82 0 0 0 
0 0 0 
0 0 
0 

#i: 44
83 0 0 0 
0 0 0 
0 39 
0 

#i: 45
0 0 0 
0 0 
27 

#i: 46
0 0 
0 

#i: 47
0 

#i: 48

#i: 49

ckp-50-0.25.txt