#number of items n
45

#knapsack capacity b
273

#constraint coefficients a
16 36 23 48 9 27 5 13 10 39 43 32 29 14 4 22 11 32 7 1 31 42 34 40 29 40 34 26 33 4 16 10 7 10 17 14 5 39 17 9 48 23 13 12 9 

#linear coefficients c
0 88 33 100 87 8 0 80 83 0 39 80 0 17 41 17 56 20 38 80 68 49 61 89 25 90 97 81 10 18 86 5 9 0 0 0 27 2 15 24 0 0 95 59 0 

#quadratic coefficients C: i < j
0 0 31 35 30 13 26 70 87 54 14 25 51 38 95 0 26 91 33 0 0 96 79 62 83 0 19 10 64 67 0 65 62 14 0 26 75 31 77 0 24 74 48 28 
2 0 0 50 0 71 24 6 0 10 55 24 39 19 95 64 54 59 46 30 64 59 51 0 65 0 0 0 40 32 94 0 0 6 90 0 27 39 62 100 23 42 59 
23 93 0 0 0 40 81 39 46 23 75 20 8 0 3 71 59 52 0 89 0 0 47 33 0 85 62 16 57 62 0 8 96 87 78 4 79 0 1 30 34 13 
46 75 0 0 12 88 31 61 0 65 38 31 90 70 0 15 57 98 12 60 0 80 32 0 98 35 41 88 0 6 13 0 0 0 60 14 45 13 95 54 38 
86 38 43 65 21 76 90 17 0 78 0 0 60 59 0 32 12 74 29 5 88 0 0 56 0 72 45 92 31 0 38 70 20 61 99 46 80 64 0 87 
61 99 0 31 78 0 0 52 90 0 42 0 87 67 89 0 93 27 0 0 58 83 41 0 0 95 97 0 22 86 89 24 31 20 6 10 61 8 0 
98 34 58 75 33 83 74 86 0 4 9 71 57 78 96 20 35 0 85 61 46 0 6 45 11 86 23 4 26 21 0 0 46 79 90 88 29 0 
65 0 41 100 83 0 75 84 0 31 44 0 29 0 0 16 10 90 93 99 61 24 91 80 1 33 0 81 42 0 16 0 90 67 71 20 3 
70 8 2 100 93 0 1 63 2 81 98 62 36 92 48 0 52 26 68 40 0 44 89 0 83 64 30 0 42 81 65 15 47 6 0 54 
0 46 0 57 0 0 0 0 2 10 4 0 0 56 0 52 6 76 95 69 23 52 36 97 70 0 0 81 50 9 52 0 96 80 0 
29 14 0 52 85 23 0 0 28 19 39 55 0 10 0 0 0 70 0 32 0 23 58 0 0 0 52 14 91 0 17 97 0 42 
0 0 31 15 0 0 39 0 0 28 0 36 51 16 94 92 45 0 71 0 27 73 4 2 37 0 50 55 96 95 54 0 92 
13 61 11 16 19 33 81 94 55 6 40 0 44 71 0 23 71 81 0 81 9 86 33 0 64 55 87 50 99 0 50 6 
0 16 18 66 18 10 54 49 57 21 20 18 43 76 61 97 51 36 67 0 40 52 0 47 54 3 83 0 50 20 45 
73 1 92 1 61 65 6 84 38 35 57 79 11 0 0 50 6 33 43 97 47 72 98 0 33 98 69 60 0 87 
50 15 85 80 0 50 8 39 0 81 0 40 0 77 97 0 12 54 19 89 95 91 9 42 91 0 100 93 45 
46 32 92 47 36 5 0 27 0 86 7 70 72 42 48 83 8 9 52 75 40 67 72 71 28 93 22 44 
0 25 93 93 0 0 31 6 52 47 77 52 77 86 95 93 88 0 0 39 98 73 91 52 0 0 47 
0 0 26 55 64 0 29 31 43 4 68 70 27 0 33 0 0 0 45 3 86 93 0 3 12 0 
6 13 41 12 0 96 22 41 17 64 95 68 13 63 86 20 88 83 55 36 79 100 0 52 0 
33 32 0 6 82 79 77 4 0 96 6 66 62 12 58 14 22 61 0 31 60 93 50 17 
0 56 50 99 75 35 0 58 90 80 81 0 75 65 0 95 68 61 3 25 16 0 23 
100 95 47 0 0 4 28 92 17 25 48 37 0 21 73 68 8 96 0 9 15 0 
94 2 15 29 14 61 94 96 14 1 54 0 22 41 89 0 47 0 41 0 58 
0 0 70 98 21 8 53 0 64 95 93 98 14 0 70 4 89 0 93 35 
48 0 45 92 0 49 14 0 41 71 85 6 96 0 3 90 65 50 0 
14 70 7 72 0 27 0 49 0 81 84 79 52 9 6 0 69 0 
43 0 26 0 0 51 21 98 0 0 0 0 0 17 0 8 23 
90 33 70 67 37 0 11 1 0 0 0 84 86 62 100 19 
0 98 92 47 69 41 40 6 92 87 78 99 26 34 88 
60 79 54 47 2 16 81 28 6 49 33 33 0 67 
0 95 22 0 0 0 52 71 72 21 0 68 46 
72 0 89 4 95 89 78 0 78 100 89 0 
72 11 80 94 29 0 0 0 0 1 54 
47 66 1 60 65 40 0 19 74 25 
5 96 24 0 62 16 0 88 0 
48 26 3 70 40 0 27 85 
73 20 62 79 0 0 96 
66 87 74 5 70 73 
9 9 75 47 91 
63 53 66 0 
92 69 8 
69 0 
29 

#cubic coefficients D: i < j < k
#i: 0
46 95 0 64 52 81 0 4 0 30 0 29 0 0 15 0 0 75 36 6 22 27 0 18 0 39 5 0 57 0 86 81 0 10 0 61 23 0 47 26 33 91 22 
0 5 10 41 78 71 89 0 83 84 33 32 0 0 0 0 73 0 90 30 36 26 0 95 0 0 61 0 49 98 4 97 0 58 89 64 10 61 24 60 5 16 
56 0 59 92 19 0 60 20 5 62 68 0 2 10 22 15 76 67 20 36 0 30 0 88 72 71 0 0 30 69 40 12 78 0 52 51 8 95 85 0 19 
65 0 78 99 54 17 7 70 19 0 78 42 56 0 26 53 72 0 0 12 59 73 16 33 6 0 0 0 0 7 0 0 86 0 70 98 81 51 64 56 
47 0 0 0 37 19 25 13 100 93 40 0 11 9 22 95 94 19 51 15 57 0 68 27 84 0 89 53 50 83 89 25 79 28 37 45 10 33 0 
26 47 35 100 4 7 0 53 46 11 1 4 99 0 45 56 29 84 81 28 9 0 67 0 13 0 4 78 86 0 97 88 0 0 51 0 74 0 
10 63 87 1 44 98 8 100 67 19 88 0 67 36 0 15 0 21 43 72 0 65 62 16 91 13 19 74 87 89 93 36 11 76 41 84 0 
42 100 70 80 33 20 30 83 74 0 80 81 16 29 49 61 0 53 67 0 20 0 6 76 88 35 91 78 24 20 0 53 16 27 48 16 
24 37 31 0 51 71 17 26 0 68 68 0 16 94 5 8 62 3 90 54 11 0 67 15 21 45 17 77 56 78 12 60 31 0 84 
26 61 0 30 34 64 79 65 100 38 0 11 0 0 0 44 93 0 32 0 15 0 0 0 40 9 15 54 23 0 26 52 54 0 
60 79 18 20 0 64 0 0 40 40 79 20 0 0 93 0 63 66 10 0 11 59 34 3 66 82 0 1 78 0 0 34 0 
58 38 6 1 70 47 61 46 91 0 100 0 78 28 86 0 77 14 60 34 85 80 20 21 0 0 0 68 0 42 0 5 
0 0 25 0 46 63 10 8 30 89 49 10 60 60 33 74 93 48 2 11 85 0 11 60 81 68 0 95 34 77 23 
40 45 63 39 56 0 94 64 55 42 0 0 0 23 41 92 93 20 46 69 0 0 60 0 40 35 100 50 38 57 
0 0 0 93 47 50 25 0 57 57 66 0 0 0 0 77 26 51 30 23 77 52 83 38 37 30 60 20 53 
52 0 21 33 66 50 93 69 58 0 57 0 0 0 0 0 92 73 48 10 19 0 72 73 75 78 76 26 
0 0 0 60 56 64 67 0 3 0 7 81 7 0 6 81 0 41 84 12 54 0 10 36 71 21 0 
0 2 95 6 84 77 52 11 84 31 83 1 0 6 88 0 23 0 13 0 46 66 46 54 22 75 
27 4 30 76 100 54 53 63 24 6 38 0 56 9 41 0 21 77 94 0 43 96 0 85 75 
0 79 82 51 0 0 72 0 89 19 75 4 0 77 87 37 24 95 10 0 41 2 72 100 
36 60 3 0 0 23 0 0 8 62 36 60 86 0 34 60 86 66 0 94 0 34 20 
0 58 69 40 81 44 0 94 14 0 35 54 27 97 34 6 28 92 7 42 88 66 
87 43 0 38 0 21 0 62 0 0 48 0 19 0 89 35 21 56 92 89 80 
12 94 27 89 0 0 18 65 0 0 87 31 90 0 64 4 56 63 23 49 
42 5 33 20 19 60 48 11 30 68 22 55 71 9 13 65 82 60 75 
79 0 66 29 0 12 29 51 82 0 0 25 28 54 36 10 0 49 
85 72 0 78 6 0 71 24 71 0 0 100 5 26 79 16 11 
30 0 67 59 23 68 54 0 16 12 13 7 91 33 27 0 
26 0 24 47 0 1 34 7 0 0 53 12 71 26 55 
0 0 44 29 42 5 0 82 23 81 47 0 71 38 
37 5 25 9 0 93 19 33 3 26 0 0 54 
26 0 11 0 0 0 64 35 13 22 42 2 
54 0 76 31 0 0 69 56 69 23 57 
56 0 12 94 46 56 67 66 57 0 
1 83 8 0 0 87 90 25 63 
71 66 8 65 74 30 88 35 
77 37 0 95 9 12 42 
78 0 20 50 66 21 
92 40 0 0 0 
32 79 41 18 
0 0 54 
31 69 
30 

#i: 1
3 17 80 0 78 47 5 0 79 77 98 0 0 33 5 91 84 66 47 96 0 86 0 100 70 13 41 7 57 0 65 35 85 30 0 0 73 39 88 23 0 59 
5 4 0 63 0 90 66 62 75 45 79 100 14 80 34 21 27 0 0 0 0 38 0 6 87 53 56 50 0 43 10 15 35 32 24 0 47 16 70 5 0 
0 0 1 74 7 38 35 74 9 0 5 76 83 0 17 36 29 0 89 81 99 0 93 13 0 0 0 0 23 0 2 0 9 60 19 83 83 83 51 97 
42 28 0 42 93 0 19 0 0 56 49 69 70 25 87 52 30 25 57 0 23 38 90 28 59 96 89 0 0 0 0 17 0 10 0 82 77 53 99 
94 76 0 0 48 29 0 40 42 20 36 6 19 45 83 56 0 0 20 86 10 37 65 63 49 0 87 54 56 0 18 15 0 86 28 0 24 7 
9 95 22 49 0 30 16 56 0 61 28 48 72 67 0 51 0 2 43 80 36 59 89 67 33 0 0 94 0 100 0 34 35 3 65 0 94 
66 63 52 80 68 88 0 18 24 46 57 37 29 48 53 0 40 68 43 99 72 15 53 11 0 55 79 35 88 21 99 31 80 0 45 27 
56 0 21 0 0 14 0 0 0 56 92 83 9 86 7 0 0 0 60 0 1 97 54 99 0 0 0 50 81 38 82 27 84 99 8 
90 94 62 66 89 48 44 0 52 47 98 0 0 77 0 0 89 89 11 0 23 45 95 9 53 0 0 20 51 12 35 71 93 0 
63 69 87 0 50 16 43 27 38 2 49 74 59 41 45 0 98 3 81 79 89 41 96 0 80 0 97 3 20 64 0 73 41 
0 8 27 2 0 48 50 0 12 7 46 0 0 70 21 29 0 59 100 90 78 69 4 67 86 0 0 85 4 0 77 0 
0 50 10 66 39 0 69 25 0 0 16 0 93 41 61 0 100 34 74 73 0 0 0 0 9 94 12 10 0 73 81 
0 52 53 59 85 0 84 25 88 40 61 73 31 2 43 21 37 0 27 65 0 64 73 16 0 89 0 21 84 0 
0 0 0 73 36 0 5 47 65 76 73 67 0 0 0 9 27 18 22 48 0 43 60 23 9 92 100 92 74 
20 64 45 82 66 3 23 15 35 70 56 28 14 0 0 83 77 0 31 1 99 94 76 87 0 36 0 66 
87 30 100 35 23 29 64 90 25 81 0 0 34 69 32 37 84 26 85 0 0 69 51 36 15 35 62 
21 94 0 0 0 0 48 50 54 73 63 0 0 0 94 99 54 0 99 95 23 99 71 0 62 53 
20 56 29 0 12 15 58 0 92 0 93 1 78 91 18 0 92 26 74 0 55 46 0 50 85 
0 0 78 9 78 34 76 39 10 19 86 83 6 11 86 10 97 14 19 97 46 4 21 22 
0 12 93 74 52 91 0 57 98 6 28 0 100 0 36 48 71 60 60 51 98 42 0 
10 0 0 0 0 90 0 63 11 0 37 59 82 0 23 2 32 0 0 49 35 68 
78 4 18 79 49 91 47 20 0 0 0 19 0 0 25 18 30 0 90 73 23 
68 68 16 20 47 0 27 8 55 61 75 21 82 0 0 54 29 43 26 79 
99 47 25 30 32 60 0 100 30 0 53 0 99 39 25 26 48 28 50 
0 0 0 97 85 67 0 0 0 39 88 85 0 85 0 55 75 0 
30 77 78 0 36 7 82 52 0 58 93 69 97 12 27 63 19 
0 0 46 99 67 76 22 4 0 45 48 75 0 45 0 86 
49 28 0 32 55 0 77 93 97 27 29 59 0 0 0 
76 43 36 10 45 90 67 0 88 54 0 71 89 15 
78 0 38 12 99 0 14 19 7 0 70 98 12 
12 57 0 96 37 30 69 6 38 31 27 62 
59 85 26 37 21 59 0 91 42 56 88 
19 66 93 11 91 0 0 66 0 39 
33 15 77 0 58 0 47 44 57 
35 94 77 71 16 33 82 40 
0 3 0 41 75 80 75 
67 8 0 60 0 27 
83 61 86 0 91 
0 0 86 94 
41 86 0 
54 82 
72 

#i: 2
0 0 20 89 2 63 18 82 0 0 95 11 8 35 7 29 22 32 34 0 14 16 74 46 0 0 8 78 85 53 25 37 22 68 57 19 0 83 35 72 91 
8 12 85 0 0 51 16 80 12 0 36 13 8 69 45 0 27 67 48 7 80 18 63 28 78 84 0 5 0 82 4 0 7 62 37 1 77 65 85 60 
51 0 69 13 30 62 53 4 69 0 94 0 0 64 41 0 3 30 48 42 40 0 66 9 0 0 34 25 99 32 78 21 31 0 48 67 69 77 13 
34 44 94 65 60 0 9 26 41 0 21 12 21 3 10 6 100 89 0 0 41 0 0 0 58 99 22 0 20 0 82 17 32 80 25 75 18 11 
94 0 50 56 83 85 53 98 16 77 36 41 72 76 3 41 41 95 5 0 0 20 19 88 100 9 44 0 16 32 0 91 0 0 2 0 58 
96 67 1 64 0 95 31 73 0 87 23 17 0 0 28 34 0 71 60 37 62 100 82 49 63 95 0 0 0 0 7 99 89 78 37 0 
31 20 0 0 72 83 0 16 8 92 0 0 33 98 59 27 0 100 74 0 0 49 17 63 69 38 8 35 0 88 97 50 29 93 81 
56 0 60 31 77 44 4 11 8 66 22 2 21 0 84 48 53 0 0 97 90 27 55 0 86 0 0 50 79 59 44 26 71 3 
0 29 66 42 61 66 0 78 18 57 0 0 86 34 15 71 38 48 0 0 55 49 50 78 15 0 45 80 93 0 15 43 24 
73 95 0 0 82 0 71 0 0 0 0 66 0 74 20 31 95 81 42 0 0 78 64 44 60 65 29 47 0 0 0 8 
48 89 0 24 59 48 89 0 87 54 51 0 0 37 71 0 18 77 43 41 62 66 46 0 22 32 78 0 93 10 44 
8 64 15 16 50 49 58 33 79 83 56 0 79 69 94 16 21 31 0 99 4 87 63 25 79 73 53 36 56 0 
58 0 14 42 0 11 56 97 70 65 29 0 26 90 91 0 93 0 61 17 96 65 0 84 25 73 27 61 8 
2 74 63 59 67 97 0 0 64 84 50 53 45 47 0 20 62 20 39 57 0 5 99 65 24 58 10 6 
79 0 39 29 59 86 55 1 0 0 0 74 9 40 53 66 64 0 43 37 0 60 73 2 67 27 35 
23 74 67 59 90 58 0 0 24 0 82 99 75 1 63 0 58 0 8 15 57 20 46 47 58 0 
24 48 32 61 72 0 54 0 0 0 32 47 26 56 0 25 0 6 6 69 0 0 43 29 57 
0 0 69 30 38 24 6 8 0 66 0 76 77 63 54 11 79 83 0 16 0 76 0 0 
64 31 68 6 0 90 0 0 78 0 91 72 75 62 0 97 30 8 96 48 85 0 12 
0 0 91 0 42 8 1 36 95 85 0 1 7 48 73 20 66 4 0 30 26 0 
80 67 0 10 69 69 35 43 100 0 48 14 89 0 60 0 43 0 14 0 25 
0 74 20 0 0 66 77 79 0 61 56 5 94 34 69 28 79 60 51 58 
0 26 73 43 2 13 65 0 71 0 0 36 57 93 0 55 19 0 22 
0 23 74 74 56 81 0 0 87 0 46 0 0 99 76 9 86 4 
75 95 70 90 79 25 38 13 36 94 8 64 71 30 38 41 51 
30 24 34 60 0 69 0 13 99 0 0 68 29 0 84 6 
78 4 23 33 58 8 39 0 27 0 94 0 0 24 76 
32 2 0 0 61 80 41 11 0 97 92 19 0 0 
58 31 6 59 49 0 0 0 31 91 63 19 59 
44 42 47 69 47 75 77 24 0 0 29 33 
9 93 4 0 35 94 0 87 11 0 0 
0 1 0 67 0 88 50 0 42 86 
0 92 52 80 75 31 0 88 99 
30 0 91 72 23 94 14 0 
73 0 44 0 82 0 0 
3 50 0 51 46 96 
88 45 84 54 70 
23 16 58 87 
74 78 52 
31 0 
20 

#i: 3
45 59 0 65 0 92 0 97 47 64 0 25 19 0 7 0 23 0 77 19 0 74 97 10 68 47 85 4 95 5 71 20 44 70 77 0 19 0 33 61 
0 82 0 0 90 19 66 80 44 27 39 54 13 88 5 69 66 92 24 11 12 99 0 63 62 31 0 55 0 0 61 10 0 69 0 66 0 63 87 
84 74 61 0 84 35 69 0 19 0 4 60 38 81 0 80 3 0 7 66 55 0 98 0 57 94 53 99 13 67 0 19 0 8 0 0 91 75 
83 59 60 46 6 3 0 0 40 58 62 0 32 26 37 13 62 27 56 0 19 79 49 20 90 97 80 29 68 81 73 94 24 100 28 29 12 
0 0 12 44 0 70 0 0 95 0 0 0 41 20 66 95 0 0 75 78 0 58 61 0 95 0 15 1 8 97 34 35 64 0 50 29 
81 91 0 8 95 0 27 0 20 0 0 28 65 70 18 68 63 81 0 79 2 56 0 7 79 93 31 5 21 14 60 70 60 0 0 
88 8 51 82 89 57 8 27 13 44 0 23 93 34 4 19 0 47 70 0 85 85 60 37 75 0 77 0 44 34 55 4 94 0 
0 95 81 30 15 75 40 49 44 18 28 31 79 92 55 69 11 0 0 0 3 0 37 0 0 0 41 99 60 25 76 25 25 
62 0 0 0 41 0 1 0 61 2 0 0 71 86 96 0 72 97 0 0 63 0 69 0 14 27 8 68 40 11 67 6 
32 0 10 30 36 0 0 94 61 61 62 0 0 13 21 38 93 41 73 0 23 0 0 32 41 64 0 0 45 69 37 
99 69 4 26 86 87 8 83 0 37 43 65 20 86 23 57 30 11 51 81 58 0 99 13 36 49 70 57 0 68 
0 0 35 0 63 0 0 14 0 40 0 0 97 92 22 1 96 0 0 99 65 0 0 28 34 0 35 75 7 
18 0 10 0 6 80 61 32 73 0 47 60 61 0 100 0 35 55 17 62 8 0 21 0 25 80 62 23 
63 48 83 81 21 71 91 0 31 19 0 29 43 38 57 27 0 34 0 68 94 39 85 0 93 0 77 
66 0 38 0 51 21 0 0 0 43 55 64 96 0 0 93 0 8 58 0 66 85 5 0 94 66 
7 78 0 27 1 52 0 60 15 8 79 35 89 0 3 2 48 34 91 78 41 0 58 100 84 
22 0 28 0 60 98 57 2 2 15 6 84 0 99 1 4 75 42 75 0 0 93 38 0 
93 54 0 0 0 99 77 45 39 95 2 53 34 69 65 0 0 92 0 6 18 4 90 
92 56 73 17 66 30 0 36 0 0 25 68 34 34 0 29 37 22 0 33 0 18 
36 56 77 79 71 0 50 36 81 94 75 74 0 0 9 25 96 0 21 13 10 
15 0 16 58 38 5 74 80 0 0 0 15 52 34 0 4 28 94 68 5 
0 57 77 0 26 0 96 94 51 0 85 0 59 0 0 77 66 78 1 
79 30 22 20 89 84 81 0 0 94 44 46 0 26 15 53 19 0 
85 26 11 59 56 13 46 35 61 96 45 0 4 90 52 0 44 
91 67 0 21 1 93 62 44 0 8 94 0 8 23 0 96 
0 60 29 0 0 3 16 70 0 85 28 79 88 2 39 
16 87 15 67 96 0 5 0 42 43 72 0 55 79 
8 27 43 43 29 2 74 0 0 3 0 25 27 
0 0 50 0 86 0 42 3 61 14 7 55 
0 83 50 33 0 11 0 6 76 42 15 
69 86 40 0 11 48 67 73 32 0 
0 56 96 62 0 61 14 100 0 
88 97 0 18 76 66 50 74 
67 0 9 54 69 96 0 
56 22 5 50 0 91 
62 38 3 6 94 
0 10 86 0 
0 0 0 
84 68 
37 

#i: 4
19 62 73 39 90 68 61 34 67 53 78 0 91 0 0 40 18 40 23 23 25 15 96 0 0 31 51 53 31 22 0 80 0 90 0 31 48 62 10 
0 55 0 84 60 50 31 13 50 18 41 0 20 57 86 0 0 0 27 0 41 91 25 43 1 4 4 36 65 85 72 97 40 76 84 48 0 0 
96 56 81 92 26 95 18 95 2 33 46 0 22 78 0 0 54 0 0 0 66 30 72 55 49 0 38 0 37 53 49 44 23 74 49 0 100 
88 0 60 0 81 69 36 0 68 0 48 20 0 0 76 8 40 0 7 31 1 85 76 0 10 87 20 54 81 57 5 18 93 67 30 80 
99 21 60 0 68 13 83 0 10 0 46 48 6 49 79 43 6 27 74 27 41 61 64 31 48 31 13 0 93 71 0 86 17 0 46 
0 43 42 80 20 16 10 0 7 40 0 0 0 70 0 16 61 0 49 46 97 41 1 9 0 95 48 51 93 0 6 0 100 5 
37 83 29 12 0 0 20 0 64 45 49 24 18 0 0 0 31 0 0 12 87 15 35 0 0 41 45 84 99 47 70 55 70 
17 77 0 33 18 60 0 78 0 58 74 15 0 3 0 73 81 8 0 0 0 24 0 90 0 0 26 0 62 0 0 85 
66 72 82 13 0 0 90 0 50 0 27 30 45 61 77 82 85 0 25 44 49 29 4 100 26 0 0 61 0 18 77 
100 0 0 95 13 44 45 29 0 0 82 78 16 35 0 12 0 60 0 39 55 57 0 21 26 0 0 10 16 54 
93 0 0 5 0 13 54 0 0 0 88 27 15 28 52 27 75 86 87 14 79 6 12 0 59 57 66 0 79 
68 0 0 56 66 59 62 79 50 0 17 0 94 90 56 43 25 63 0 95 5 0 0 0 0 11 0 19 
83 83 74 0 0 14 11 0 86 48 62 23 77 40 76 0 0 65 0 0 29 45 57 30 0 32 93 
38 23 33 16 0 0 0 80 78 25 25 0 73 0 31 31 25 28 0 0 31 8 11 35 68 58 
0 98 98 63 0 62 35 24 0 68 0 20 55 52 85 26 0 70 47 80 70 0 96 0 84 
61 84 66 0 79 74 0 55 86 44 28 1 92 0 17 4 66 63 78 56 31 29 12 22 
7 23 0 0 15 27 0 0 17 26 97 12 4 0 73 0 27 90 0 86 1 2 44 
0 21 20 0 71 0 41 0 24 0 0 16 72 5 54 42 33 35 89 79 0 82 
7 82 72 12 43 9 14 93 69 0 11 0 55 38 84 0 43 0 94 15 25 
0 26 9 59 50 0 24 0 72 19 16 17 56 0 21 31 0 65 8 0 
0 83 0 16 45 9 67 82 63 0 100 93 72 24 27 44 84 32 0 
28 2 2 0 16 35 17 83 64 11 0 11 35 0 40 44 72 4 
0 48 0 12 31 58 0 0 40 82 31 0 0 71 72 0 0 
0 58 0 0 80 0 93 55 0 0 30 0 0 90 0 67 
23 60 70 38 0 17 97 2 7 31 69 90 25 25 48 
61 0 0 53 63 0 13 0 94 0 72 94 98 98 
16 51 94 0 0 11 44 0 99 58 49 74 0 
25 37 0 64 2 31 7 78 1 91 77 12 
27 76 14 16 0 43 58 15 20 76 0 
0 0 0 0 0 91 89 5 62 0 
28 0 86 60 60 84 30 62 0 
68 99 49 0 65 54 72 67 
99 37 0 0 0 69 93 
0 32 0 0 75 8 
0 0 0 0 0 
82 46 96 92 
55 80 87 
97 26 
27 

#i: 5
7 63 54 0 45 75 9 88 0 79 48 34 87 89 62 0 0 66 86 0 0 11 0 1 64 25 0 81 19 19 0 96 100 0 15 17 9 0 
39 0 60 34 0 43 54 0 70 43 77 19 88 74 91 16 93 0 0 0 52 94 0 88 73 36 12 26 67 78 13 67 87 78 6 15 0 
78 63 10 89 41 0 42 21 0 33 0 57 0 22 60 62 0 0 0 0 15 23 40 0 35 0 12 59 0 0 69 45 67 0 0 0 
0 81 91 58 46 0 72 99 0 1 85 21 61 46 72 0 39 32 19 72 75 46 0 17 0 34 26 11 24 29 61 65 0 18 44 
12 23 0 8 86 0 59 77 64 6 0 55 92 48 99 66 14 0 74 72 3 33 93 28 49 8 65 9 10 53 63 85 79 0 
61 0 48 63 13 94 86 4 20 0 0 78 36 68 23 95 68 43 0 86 0 55 68 73 92 91 0 11 53 79 77 95 23 
23 60 61 0 0 0 0 0 16 73 41 71 26 48 60 82 23 59 0 50 0 9 0 94 68 74 41 0 44 84 99 59 
25 0 0 96 75 92 49 94 72 3 22 17 0 0 30 21 0 24 67 38 99 13 0 91 63 88 85 0 99 0 6 
11 38 0 0 18 0 73 99 12 0 11 61 0 0 46 76 100 99 0 49 0 0 44 75 15 0 64 66 9 25 
46 67 38 97 0 56 50 78 91 79 22 56 0 44 90 81 6 0 0 77 92 31 9 2 48 0 79 12 98 
0 0 93 24 3 71 5 42 81 54 39 0 57 1 36 35 24 94 52 83 21 78 12 1 58 3 25 86 
78 92 88 40 24 64 69 92 84 56 58 22 52 13 26 93 82 92 89 28 81 25 0 62 0 54 0 
17 54 30 57 28 94 25 49 51 71 36 0 26 74 66 0 45 90 4 95 21 68 81 40 41 47 
88 36 66 99 0 76 14 0 7 0 55 93 31 95 0 35 21 0 0 57 0 36 65 0 81 
71 96 0 56 7 57 69 31 50 41 20 96 0 75 11 23 69 59 45 89 0 17 14 68 
48 43 85 70 11 46 90 79 40 26 12 69 22 22 51 55 95 2 0 7 75 20 76 
76 0 51 0 22 0 0 56 0 58 14 51 17 73 6 0 0 0 93 93 96 0 
20 2 31 0 18 53 97 23 24 55 88 34 68 0 99 52 28 75 49 85 24 
0 57 15 19 48 0 0 0 59 25 0 0 44 90 11 39 0 86 75 67 
20 39 0 39 82 77 84 80 0 84 71 0 32 88 5 92 98 100 76 
58 59 81 12 48 60 14 48 43 0 5 14 54 0 73 45 0 66 
0 46 0 0 81 61 0 48 42 55 0 83 91 93 0 0 0 
97 17 32 0 8 35 40 0 84 42 37 9 55 65 36 0 
48 0 0 0 0 0 82 0 27 0 0 77 81 37 74 
0 44 0 0 52 0 71 3 25 85 0 83 35 6 
17 95 3 100 0 32 52 92 92 14 38 0 0 
0 21 0 43 0 1 100 59 62 28 0 63 
0 0 0 0 1 0 0 38 8 74 67 
0 0 39 0 76 90 80 19 13 79 
51 41 0 37 67 0 70 17 94 
40 12 6 0 47 65 17 0 
0 0 55 0 0 31 90 
81 0 60 0 36 70 
49 0 0 91 63 
36 12 51 30 
41 0 80 
24 0 
34 

#i: 6
0 91 18 62 77 92 0 53 96 0 64 0 37 22 0 56 0 28 26 0 99 0 31 58 0 65 70 96 94 0 82 9 65 0 0 31 0 
54 90 52 0 87 9 54 45 17 83 69 0 0 27 0 20 0 90 24 84 27 52 19 0 0 0 94 0 0 59 57 63 90 36 94 99 
70 4 0 79 62 56 85 56 0 0 0 31 59 25 57 99 16 58 32 12 76 48 94 46 98 11 14 33 15 0 0 0 0 93 66 
42 79 66 97 63 100 73 19 0 0 0 19 0 11 44 0 38 0 26 95 49 11 55 24 0 19 2 0 0 41 32 0 52 17 
90 100 82 53 0 37 0 0 78 75 45 50 0 97 34 39 77 42 8 6 5 69 70 0 0 0 81 73 100 0 18 76 0 
52 0 0 59 0 2 56 15 54 7 13 15 46 74 37 29 50 53 27 28 37 91 89 92 82 54 66 35 46 44 0 76 
0 21 13 10 84 78 33 33 5 0 0 44 0 21 0 20 14 15 15 23 91 41 91 37 31 92 0 17 39 99 0 
58 0 0 23 60 46 0 68 4 48 96 76 34 94 0 59 63 10 47 41 82 89 0 9 61 62 30 0 67 47 
42 35 24 0 27 72 90 48 90 75 89 19 0 0 23 25 0 92 61 77 0 74 0 0 97 30 0 7 70 
0 0 0 0 9 0 9 94 0 56 10 93 89 66 62 0 54 0 51 0 46 12 0 0 74 31 66 18 
90 0 0 44 86 0 0 25 55 0 33 0 1 6 39 47 39 7 55 51 0 0 12 94 42 73 3 
94 0 0 41 18 29 64 89 30 44 0 13 0 77 55 25 45 52 72 16 92 64 90 0 50 0 
38 0 0 34 13 94 0 0 6 68 19 69 60 0 11 65 0 81 39 0 67 0 0 91 44 
17 36 56 1 6 90 58 0 87 0 13 91 4 78 55 0 0 46 24 61 0 0 71 0 
97 31 89 0 0 0 84 76 37 53 30 0 0 0 19 32 79 98 16 15 16 0 90 
56 56 66 0 40 2 17 80 0 28 54 64 0 91 69 77 24 2 77 75 2 64 
0 90 6 94 24 0 0 43 75 0 63 99 39 0 55 0 40 22 0 89 76 
28 61 3 41 0 0 0 35 80 24 6 18 34 0 34 0 88 72 65 37 
0 82 20 45 0 71 0 58 0 60 69 25 0 99 88 94 13 50 32 
52 0 78 0 0 0 0 68 87 0 20 62 16 0 11 61 0 17 
16 38 36 40 0 13 58 46 11 93 0 63 0 0 21 0 58 
46 99 10 84 99 0 70 16 61 21 39 24 0 45 41 40 
63 27 7 57 0 98 30 60 31 69 0 33 0 1 0 
35 56 98 88 33 0 78 80 9 91 69 16 71 0 
73 0 13 42 87 0 51 0 99 0 49 9 47 
55 0 65 54 20 53 18 60 40 0 0 54 
58 29 0 18 4 0 73 92 86 34 62 
9 24 9 83 10 0 89 66 54 78 
0 0 0 29 63 16 46 21 0 
0 47 55 0 15 46 9 0 
72 29 44 41 93 16 90 
87 49 60 0 18 74 
15 0 0 31 79 
64 12 5 70 
79 20 89 
66 0 
92 

#i: 7
0 0 86 26 3 74 80 33 35 42 100 14 0 89 99 92 14 30 89 17 7 0 90 69 19 0 38 54 55 1 76 5 0 0 3 71 
0 75 33 66 0 10 38 57 0 0 44 32 9 69 65 0 23 60 10 5 7 0 14 0 0 50 0 17 41 82 0 22 0 98 56 
24 47 0 6 44 29 88 17 27 73 96 83 18 67 0 0 89 49 65 49 52 0 36 0 34 0 40 92 62 24 21 73 69 0 
42 75 0 13 51 0 63 96 56 89 65 0 0 21 64 33 47 0 26 0 40 0 96 0 0 0 0 0 22 21 64 35 74 
0 0 75 0 88 8 1 0 0 3 85 87 94 93 13 16 76 67 0 0 0 86 14 0 0 0 0 0 11 0 36 0 
55 84 37 77 4 49 57 0 9 54 0 0 9 8 0 64 92 41 12 0 93 21 55 68 52 0 26 3 73 45 13 
3 56 0 0 34 20 19 0 0 0 15 85 4 73 9 0 55 77 9 0 4 47 42 16 0 45 0 11 29 10 
10 85 18 75 2 48 0 0 77 51 53 40 51 40 92 14 93 0 68 0 52 57 2 77 76 0 1 16 0 
11 8 0 0 54 70 64 97 8 56 46 0 0 56 65 0 58 4 0 43 18 35 10 79 73 39 87 36 
0 0 0 0 59 51 4 86 0 0 98 20 69 72 15 39 51 95 3 87 75 94 16 0 74 0 92 
89 0 80 46 69 67 39 44 36 63 0 0 88 21 7 0 61 50 0 0 0 59 0 0 45 8 
36 18 49 64 45 0 0 60 0 0 95 43 73 38 0 34 64 2 79 44 86 22 0 0 55 
0 98 69 0 6 7 51 68 0 87 94 32 46 0 16 83 33 0 74 0 66 87 53 36 
40 0 77 21 50 0 0 33 44 55 87 90 0 70 100 29 48 51 65 12 0 0 88 
16 22 52 34 0 30 0 2 0 24 98 9 17 0 69 29 0 34 48 24 32 0 
0 0 67 86 0 71 51 78 91 9 57 17 68 58 0 17 0 0 20 74 38 
31 36 56 84 25 89 0 91 0 38 1 81 4 0 0 51 25 4 22 38 
85 52 29 12 84 16 8 0 2 47 40 63 47 27 7 30 41 56 38 
14 0 98 32 60 6 67 13 78 42 0 0 79 0 18 57 39 19 
90 0 84 0 5 6 24 78 61 86 85 74 29 86 59 57 92 
98 39 0 70 94 92 27 6 0 0 82 0 78 65 47 35 
32 31 100 0 8 44 27 19 30 84 61 0 33 0 32 
52 60 0 84 17 91 0 0 0 75 63 62 0 0 
80 89 0 6 27 52 66 23 0 0 31 37 52 
0 0 56 81 67 39 62 43 71 0 18 0 
0 96 69 71 22 0 19 90 22 4 0 
13 0 42 18 69 31 37 0 59 14 
100 16 32 27 93 25 0 99 77 
66 48 83 0 25 49 8 81 
0 0 35 58 88 0 0 
53 0 83 0 0 23 
0 42 100 45 0 
5 5 0 0 
0 46 12 
88 73 
6 

#i: 8
50 65 76 0 73 96 31 0 75 30 79 85 41 26 92 0 53 0 34 17 52 19 0 62 58 0 70 98 43 76 42 46 5 0 4 
5 33 93 33 83 0 34 76 94 31 0 0 0 0 74 57 58 0 0 20 73 26 1 45 99 41 0 11 93 0 87 16 0 88 
33 46 15 0 3 94 0 60 0 38 13 35 17 29 0 100 57 52 0 3 0 18 55 0 70 0 0 22 14 67 0 24 65 
0 81 65 17 91 47 0 0 41 96 0 79 49 24 100 64 10 6 0 0 0 79 32 0 8 64 15 25 76 22 22 76 
80 48 0 96 82 0 45 26 100 21 9 18 5 65 0 0 76 0 16 88 42 87 19 84 65 1 0 69 60 96 6 
27 0 69 6 49 0 36 29 24 85 49 63 40 0 38 39 82 81 94 0 86 73 36 68 76 92 17 29 0 39 
12 36 0 0 17 42 0 0 0 19 35 0 0 59 65 16 49 54 0 64 75 90 71 0 67 12 11 0 94 
3 87 59 25 70 0 6 29 26 67 0 95 0 0 8 63 0 25 11 0 0 39 49 31 0 69 84 75 
0 87 72 32 10 36 4 89 64 0 49 46 87 49 58 46 100 0 34 30 13 47 82 40 39 0 0 
34 6 62 0 0 4 0 35 99 75 72 0 6 91 47 0 0 70 16 60 96 0 0 0 88 79 
7 59 40 18 0 0 15 30 74 64 89 39 81 65 71 0 33 16 0 2 0 19 99 39 12 
33 29 16 0 15 92 49 35 0 0 98 7 100 2 43 49 1 80 56 0 10 0 41 21 
68 0 92 0 74 30 60 46 0 78 20 100 6 53 0 0 45 10 14 29 0 40 15 
62 0 0 60 0 0 0 78 57 33 76 92 79 66 46 16 31 57 23 72 0 9 
0 95 4 0 68 9 93 0 0 31 0 50 40 95 62 73 59 95 2 0 7 
0 43 0 94 8 0 0 98 0 41 66 88 46 48 87 0 31 87 77 57 
80 16 88 70 15 23 61 26 0 95 53 0 29 0 48 65 0 9 35 
0 94 38 59 0 50 0 41 90 24 64 39 42 0 71 65 61 96 
72 90 0 31 72 41 9 81 0 0 48 0 33 0 98 0 0 
43 5 67 12 22 18 0 99 41 22 3 4 0 54 64 49 
26 81 54 23 88 74 37 0 0 6 48 49 75 9 0 
0 0 0 0 11 76 55 76 54 14 43 44 88 30 
83 12 0 0 64 9 0 15 0 42 98 96 9 
14 0 14 66 5 0 0 67 79 54 94 0 
95 54 0 72 0 21 8 34 6 0 0 
40 78 0 51 0 49 13 67 12 0 
49 60 63 86 53 22 72 97 66 
71 0 97 59 76 79 49 85 
17 60 94 0 55 0 80 
21 45 13 97 67 26 
100 27 23 22 38 
49 84 84 51 
0 65 30 
100 70 
0 

#i: 9
0 0 73 62 95 13 64 0 93 11 0 0 0 5 23 35 0 73 61 71 0 0 66 0 71 26 0 62 19 91 44 0 49 0 
77 0 97 2 19 53 56 55 0 0 11 89 0 20 56 87 22 38 0 65 99 67 0 48 46 0 46 0 99 20 24 15 8 
78 55 37 17 0 29 0 86 68 32 10 4 0 79 0 0 0 67 0 58 79 0 0 21 47 22 54 47 20 64 88 61 
70 0 96 0 100 97 0 0 6 35 12 48 85 84 27 15 33 82 60 42 35 65 40 95 0 24 52 47 29 0 25 
79 0 32 59 8 37 0 56 0 81 96 47 74 49 100 83 46 22 52 0 90 2 94 12 0 0 32 6 10 85 
0 57 88 68 0 38 0 37 0 36 26 0 98 37 26 0 32 51 15 32 71 0 0 35 0 83 0 67 24 
30 52 19 49 13 50 4 3 0 38 52 56 0 50 23 15 93 67 14 58 73 32 47 100 59 58 6 0 
71 27 5 6 29 99 98 78 5 12 100 42 72 94 27 15 14 56 84 17 52 7 0 80 0 0 28 
96 49 55 87 0 0 0 92 0 0 68 85 0 0 23 0 54 53 19 19 0 0 51 90 0 26 
53 0 0 11 0 92 40 81 8 52 0 0 0 41 55 84 55 0 29 0 0 59 94 45 15 
13 54 13 48 92 88 17 43 58 40 75 0 86 99 0 98 64 0 0 7 0 7 0 56 
39 71 88 0 0 0 61 59 58 39 0 0 8 73 87 0 84 72 0 0 51 34 0 
0 9 1 37 0 0 32 87 5 19 36 79 0 61 100 0 72 86 17 0 28 88 
43 0 85 28 43 87 58 91 16 0 7 84 86 38 73 60 87 17 17 17 27 
19 84 97 45 35 34 4 42 23 11 31 16 57 0 22 78 78 79 93 0 
36 55 86 73 48 86 0 0 11 61 16 29 32 0 48 0 47 53 0 
4 37 25 77 5 78 0 72 54 69 88 62 24 36 66 0 96 78 
84 30 0 0 0 7 10 58 0 78 21 21 85 47 80 0 80 
29 10 10 11 57 0 25 19 2 31 49 100 10 27 0 36 
19 20 27 20 34 0 85 26 69 46 0 49 70 64 43 
0 23 71 0 0 63 60 3 59 62 0 0 0 84 
0 95 0 21 93 80 99 0 60 61 67 87 71 
83 83 5 45 22 0 29 68 65 64 0 45 
21 81 11 94 77 72 44 0 50 43 62 
89 36 20 0 0 17 42 52 24 18 
46 27 81 84 57 76 0 0 27 
31 60 49 0 3 84 73 77 
28 53 99 0 95 5 0 
44 7 46 59 98 23 
26 93 0 13 91 
0 36 0 0 
0 79 97 
0 63 
0 

#i: 10
0 73 0 0 0 0 64 76 5 49 34 0 79 0 0 12 50 3 55 70 95 0 0 2 70 76 62 0 1 94 0 79 0 
88 95 0 34 0 0 45 0 58 37 24 62 49 27 0 51 0 25 0 11 29 11 65 25 0 92 0 67 96 77 21 57 
77 30 91 0 78 78 49 36 0 42 73 25 49 60 0 19 0 0 43 0 59 50 68 51 0 0 0 43 57 44 80 
0 0 48 62 27 0 73 29 100 33 0 0 0 52 44 0 12 61 88 83 55 0 83 84 89 0 0 47 88 48 
47 0 8 94 0 0 0 85 69 75 0 66 73 35 0 71 87 0 71 35 43 86 10 52 0 80 0 28 98 
31 0 99 43 26 8 89 0 32 78 43 87 54 34 39 53 42 30 0 57 84 0 15 69 43 16 10 78 
68 6 98 0 72 0 30 12 0 0 18 91 59 4 0 86 3 53 100 77 0 69 0 37 29 0 54 
45 43 45 0 89 0 0 68 0 64 97 49 40 12 6 52 17 46 41 0 18 4 86 0 22 0 
90 3 42 51 49 0 0 20 60 31 60 31 76 0 44 55 73 9 0 69 18 19 28 67 0 
10 41 75 60 12 55 67 21 42 24 41 94 14 51 29 58 15 28 5 12 97 86 78 0 
98 47 65 55 22 58 0 6 93 99 16 0 36 0 46 25 80 48 0 33 34 85 16 
89 91 53 8 90 91 34 66 41 75 53 54 1 0 64 38 80 0 84 45 32 43 
67 52 79 67 53 54 0 0 58 20 4 0 0 64 40 79 32 42 67 88 18 
6 93 0 26 100 0 1 20 69 72 44 0 73 0 54 36 74 95 0 73 
0 0 56 0 0 88 0 13 1 90 43 36 82 14 0 71 13 0 23 
0 2 2 33 86 98 0 59 81 31 48 52 91 75 0 45 56 15 
77 0 65 25 93 39 5 0 88 69 82 14 100 81 0 8 0 
88 11 77 0 26 0 85 0 38 0 66 80 50 0 37 0 
0 0 0 46 84 14 0 63 10 0 66 0 82 79 0 
17 31 56 37 36 0 0 44 58 22 77 45 75 62 
14 33 18 0 96 70 99 76 14 51 0 74 14 
26 14 61 30 71 53 46 0 0 0 31 64 
23 87 77 11 52 58 90 91 25 97 0 
22 56 55 48 31 1 0 46 80 57 
26 37 14 87 0 41 0 47 14 
9 97 21 0 29 63 26 0 
12 61 0 0 27 11 66 
62 0 86 21 40 13 
87 0 0 5 52 
72 0 60 99 
85 79 23 
0 45 
0 

#i: 11
51 0 79 9 0 52 51 44 48 25 27 50 50 41 91 20 89 91 0 24 31 24 95 0 23 66 5 72 78 57 53 0 
53 62 5 55 42 96 34 53 56 85 56 44 18 91 0 71 81 100 0 88 0 81 87 0 49 97 97 60 0 45 59 
14 6 54 0 0 45 0 90 23 0 9 39 57 0 0 14 41 35 0 62 0 2 3 92 79 57 0 33 92 46 
62 57 19 29 44 0 98 8 15 54 88 57 85 34 0 28 26 98 59 0 45 60 0 0 64 33 0 37 28 
0 72 0 57 0 0 0 91 27 95 36 42 0 0 0 34 0 0 48 52 76 13 52 0 43 0 83 0 
0 73 69 76 20 0 1 24 0 0 29 0 19 95 98 0 0 0 30 96 0 73 97 65 0 0 0 
26 83 25 71 16 0 0 72 14 85 0 18 36 79 55 81 0 23 83 57 0 0 20 0 38 25 
0 0 92 0 71 0 96 10 4 0 0 0 98 45 0 0 81 71 0 70 11 0 4 68 87 
94 29 80 68 50 85 0 15 88 0 6 7 86 70 57 54 0 84 19 29 76 41 56 0 
69 63 0 94 92 56 0 52 5 56 65 0 29 15 87 18 1 0 51 71 0 32 85 
88 91 60 36 89 26 25 11 86 32 3 0 0 2 57 0 0 44 63 0 100 58 
36 54 0 70 0 72 69 21 61 20 53 0 79 0 36 92 0 0 90 54 28 
56 83 0 80 81 19 48 44 46 75 0 32 30 26 69 95 0 30 12 0 
0 10 69 49 10 22 25 0 60 0 77 0 61 0 34 66 0 20 90 
68 50 54 0 70 2 44 93 0 83 51 0 0 17 3 88 0 70 
57 17 76 66 83 23 37 51 0 61 0 57 0 43 68 0 28 
27 0 34 0 99 71 0 88 14 34 10 0 62 52 65 0 
57 78 0 0 58 46 77 78 67 0 81 0 39 99 84 
0 75 0 67 0 27 23 0 0 57 44 0 17 14 
88 77 51 12 100 17 28 44 95 5 83 88 45 
66 71 8 0 5 69 95 58 0 87 0 0 
36 0 0 87 73 44 52 43 0 57 48 
0 0 0 44 11 0 0 94 0 40 
20 0 80 44 15 0 71 70 53 
73 66 83 61 83 0 12 61 
46 30 82 53 44 32 50 
0 27 49 50 0 34 
0 0 93 0 37 
0 71 40 0 
76 82 100 
0 0 
0 

#i: 12
18 12 56 63 0 36 26 17 14 0 15 2 65 74 0 6 99 37 0 72 71 60 60 0 100 19 46 87 61 0 74 
36 26 36 66 0 29 5 84 98 49 2 42 90 38 95 99 3 72 0 4 55 55 0 89 0 0 44 93 0 33 
39 58 57 59 9 90 0 39 71 0 1 32 31 45 3 86 22 97 84 20 84 30 45 31 70 0 34 0 93 
66 50 95 69 0 0 49 54 31 0 0 82 27 10 0 89 85 36 71 22 5 21 68 0 0 16 63 93 
29 71 80 41 85 7 99 71 77 0 0 42 9 28 52 3 0 70 86 83 72 46 87 0 0 70 0 
68 0 72 0 0 0 72 22 37 20 0 78 73 0 74 96 74 0 12 3 63 0 0 0 8 82 
0 99 83 0 1 53 56 24 1 0 22 0 82 29 93 0 38 30 36 0 49 90 83 66 65 
28 0 42 76 27 0 40 32 45 62 0 11 33 89 9 64 33 94 0 23 44 0 49 62 
48 0 17 0 0 27 0 38 91 83 55 64 52 33 0 85 73 87 19 44 51 35 54 
25 10 38 57 68 0 60 18 0 0 11 10 9 66 88 0 0 28 45 74 84 26 
41 96 71 89 0 0 40 78 8 38 0 9 18 79 61 89 79 6 85 58 2 
95 83 0 73 62 56 9 88 60 14 0 74 88 0 0 20 22 12 0 28 
26 0 56 73 63 45 85 99 0 15 64 51 0 6 0 60 19 0 87 
33 40 6 11 0 0 96 12 76 79 73 26 89 69 0 0 79 22 
0 0 77 0 14 83 16 100 46 15 40 98 52 0 32 90 34 
43 90 98 5 57 0 56 0 67 65 0 91 0 84 91 86 
62 25 60 0 4 0 64 31 0 48 22 2 0 2 0 
13 93 6 34 66 34 21 79 36 4 98 63 0 33 
1 89 38 88 52 26 93 75 85 28 29 63 0 
61 47 0 38 92 18 0 92 0 1 34 0 
27 66 0 79 34 0 0 39 82 93 42 
82 30 31 24 0 85 41 43 7 19 
0 61 7 63 49 71 0 23 35 
0 0 9 75 0 91 3 56 
72 0 0 0 76 3 0 
39 19 35 90 0 44 
53 0 93 68 0 
55 0 35 73 
0 12 49 
88 20 
0 

#i: 13
77 12 56 98 0 1 30 0 46 0 66 43 0 79 21 96 51 0 16 27 0 64 18 0 15 0 68 84 0 20 
23 0 54 22 0 0 0 12 92 77 44 0 64 65 24 0 69 21 42 27 6 0 50 62 73 83 88 0 87 
0 58 76 59 0 0 0 99 0 0 0 17 0 86 64 0 0 86 12 93 12 0 0 23 8 0 8 0 
0 0 27 0 91 56 99 7 60 35 93 30 31 56 0 32 0 63 83 46 29 78 33 25 30 23 0 
84 0 99 0 70 16 98 92 24 8 0 24 55 92 19 0 0 62 69 7 0 25 31 50 0 76 
46 1 64 16 0 19 33 92 34 32 71 65 68 0 91 59 65 0 53 0 98 0 14 44 0 
0 10 37 0 20 87 68 0 5 36 54 57 0 51 90 36 0 96 87 0 18 72 86 0 
41 31 22 60 0 26 0 57 73 52 82 36 32 0 49 73 10 94 84 0 53 34 0 
59 0 27 9 0 0 0 3 0 0 11 76 0 0 58 0 55 2 86 35 0 6 
58 5 75 61 9 79 39 81 11 63 0 0 67 4 32 43 63 87 0 44 30 
5 37 45 80 52 0 94 67 24 0 92 0 45 47 11 0 0 94 20 65 
99 56 57 0 0 32 0 72 50 96 95 8 0 49 50 0 90 28 81 
26 0 0 77 38 76 61 33 25 5 63 45 91 12 0 44 0 47 
41 67 28 32 0 28 33 0 0 0 55 46 87 64 11 64 94 
31 65 35 22 70 28 42 92 76 19 96 42 54 0 90 66 
73 9 0 0 60 34 0 98 48 0 3 0 60 0 56 
70 34 8 71 35 16 0 29 49 98 68 50 42 15 
0 71 0 36 40 56 87 29 81 24 54 16 31 
30 32 94 76 0 0 8 70 93 28 6 33 
0 0 81 34 89 17 0 0 46 59 0 
10 65 87 0 50 48 34 34 78 97 
53 90 93 0 50 91 49 83 0 
0 0 58 56 21 69 0 0 
11 66 55 0 76 85 0 
0 0 17 62 46 95 
3 86 96 60 26 
0 6 64 84 
0 13 93 
46 40 
8 

#i: 14
84 59 0 34 0 15 37 25 92 62 10 37 0 63 70 52 95 98 10 48 79 81 54 88 34 77 62 36 0 
0 44 77 66 0 71 15 62 10 22 0 0 69 0 67 57 86 91 0 1 0 0 36 0 45 81 93 28 
10 56 22 70 31 35 0 63 70 16 47 88 85 0 26 0 0 0 0 13 16 25 95 27 92 0 0 
63 0 1 60 95 64 34 0 94 0 46 16 0 34 82 0 0 86 99 58 47 0 38 0 16 78 
39 64 89 46 68 90 0 75 55 5 20 0 83 0 99 85 100 92 0 21 4 98 82 20 40 
41 0 0 92 39 0 34 0 37 0 0 69 69 97 45 77 100 23 0 0 0 75 100 20 
99 0 24 9 57 0 59 35 89 8 0 23 58 0 16 0 32 0 68 0 30 1 38 
43 75 91 11 5 44 99 29 0 41 74 0 0 0 11 77 89 49 21 21 91 0 
68 15 13 1 34 29 45 63 0 46 45 55 87 46 38 0 0 0 17 58 0 
73 2 0 0 59 19 30 24 96 16 6 11 78 5 0 53 4 0 43 43 
21 74 46 32 12 0 70 0 41 50 32 44 33 86 30 0 0 0 75 
39 23 8 0 0 43 47 83 0 79 0 73 40 0 46 0 5 39 
88 51 27 28 82 12 84 94 93 84 0 15 51 13 2 0 49 
35 8 11 39 92 0 0 98 90 23 42 42 0 100 0 52 
89 78 85 0 21 0 0 44 26 0 0 54 16 4 100 
100 0 17 7 51 13 54 0 0 0 76 90 99 77 
82 83 78 57 0 93 0 56 16 11 27 62 47 
0 98 66 16 61 0 10 2 34 96 70 62 
3 26 0 99 61 91 57 34 0 0 95 
0 57 93 55 37 14 0 56 0 33 
0 55 0 98 0 73 35 95 45 
35 86 40 76 86 34 38 67 
11 55 81 94 28 36 48 
55 92 24 20 92 0 
45 0 70 46 39 
75 90 36 52 
7 43 22 
27 0 
19 

#i: 15
0 43 17 53 79 62 0 0 83 0 66 0 0 55 82 40 31 18 13 0 63 0 61 63 56 18 93 27 
54 10 51 0 8 63 42 0 0 17 71 93 75 100 0 3 41 92 48 18 79 12 95 95 0 0 92 
25 10 35 76 0 45 0 71 72 0 24 70 31 82 70 0 91 36 12 9 36 57 72 21 52 87 
0 3 99 20 96 0 0 18 21 0 29 0 0 74 90 7 75 72 67 32 76 97 100 13 84 
70 47 89 0 26 8 0 77 48 63 72 30 30 20 0 48 0 55 34 53 0 0 5 69 
0 18 78 90 85 74 7 74 0 0 27 42 0 0 0 59 27 51 0 57 89 26 50 
21 40 48 22 13 29 36 14 14 0 5 11 27 0 39 53 0 0 43 76 26 90 
0 100 0 0 6 86 88 4 84 71 13 82 66 3 36 83 96 78 15 36 82 
0 0 64 98 0 64 0 76 90 47 0 66 42 0 0 45 0 22 0 63 
0 56 24 55 0 81 86 78 75 77 70 26 47 0 0 0 89 91 77 
85 53 68 21 42 0 93 80 26 29 0 0 42 24 92 12 76 46 
13 0 0 56 85 74 77 63 100 90 87 17 100 47 0 1 0 
0 81 23 50 88 48 30 18 60 0 44 100 55 13 0 0 
51 24 0 0 66 92 0 36 72 0 47 84 51 4 58 
0 99 19 6 96 73 69 91 6 0 60 77 41 65 
61 51 28 82 0 0 48 94 13 0 55 50 77 
94 0 0 63 88 0 0 57 29 65 0 0 
36 87 23 0 36 0 0 66 99 0 76 
0 20 58 17 98 52 0 34 7 60 
98 21 97 92 0 44 20 19 95 
0 46 79 71 52 80 27 8 
41 79 38 57 0 70 0 
78 0 19 0 37 0 
12 7 18 0 55 
65 75 0 20 
80 0 0 
36 0 
7 

#i: 16
45 82 97 40 0 8 99 35 60 5 0 0 0 19 0 77 62 59 0 26 16 9 19 69 80 59 8 
0 24 23 86 11 51 0 74 44 36 1 0 0 33 17 0 76 0 77 66 70 0 63 57 12 41 
23 26 90 97 73 18 80 0 0 0 37 22 55 54 86 54 0 66 81 0 68 23 50 0 67 
90 83 66 0 55 18 39 66 0 41 5 25 70 15 40 77 0 54 17 55 55 0 85 7 
78 12 22 0 56 0 0 37 25 71 0 45 26 23 53 71 91 10 39 75 0 34 86 
0 89 0 17 65 56 90 53 0 41 0 63 63 76 56 49 82 1 88 100 0 44 
87 0 0 54 21 11 0 58 48 37 99 0 2 57 0 52 79 45 91 0 24 
3 0 21 74 0 32 0 0 0 57 31 90 31 97 0 12 23 0 23 65 
0 0 11 10 96 0 11 0 0 30 0 20 0 1 59 55 18 38 85 
0 0 0 11 0 65 27 22 42 74 100 0 96 0 53 90 13 10 
10 81 93 33 10 33 29 0 99 98 2 0 68 57 0 57 0 
0 0 0 27 39 39 28 97 79 0 87 49 29 0 0 0 
8 57 99 24 3 43 0 90 0 0 24 18 0 32 72 
0 4 31 37 4 0 0 79 37 0 30 75 68 36 
59 15 43 75 31 59 24 20 76 31 3 98 47 
9 49 50 0 83 21 91 32 87 6 86 0 
53 0 0 38 89 0 66 19 41 0 0 
52 60 63 0 17 95 3 37 33 29 
0 64 12 4 76 0 0 0 28 
65 0 59 33 44 78 56 87 
0 7 31 22 82 86 56 
57 54 47 0 39 0 
0 15 12 77 73 
0 0 82 59 
67 0 0 
100 35 
20 

#i: 17
19 0 3 63 62 0 65 84 71 92 69 0 72 34 99 0 0 26 63 97 18 100 0 37 44 63 
83 0 16 89 54 4 34 83 0 6 19 17 18 98 74 68 7 41 76 71 65 36 12 25 100 
8 95 40 0 58 0 41 100 0 15 37 31 100 51 99 0 48 27 69 0 73 37 31 2 
30 80 48 13 0 97 98 5 17 0 0 25 0 7 0 22 24 79 23 16 56 83 30 
82 0 99 75 0 0 52 0 16 0 20 15 71 46 0 41 52 57 29 84 18 37 
0 4 0 92 0 85 0 30 92 0 57 43 12 0 0 96 86 84 76 0 24 
58 0 93 50 13 0 58 68 16 99 0 24 22 14 48 91 89 33 47 80 
58 14 81 42 0 30 0 80 10 0 0 72 0 70 3 51 94 96 0 
63 0 12 35 96 99 71 16 0 72 0 27 0 31 0 54 52 60 
90 93 46 59 53 0 93 0 38 0 26 43 74 96 0 35 10 
8 99 23 0 98 64 0 0 0 30 11 51 1 0 0 89 
0 0 43 0 6 97 31 18 30 0 59 17 61 84 0 
62 0 0 0 30 91 21 63 53 60 85 0 6 84 
91 0 7 51 60 71 0 70 56 17 33 0 82 
92 19 66 89 65 77 0 30 56 14 24 26 
36 100 60 41 0 0 92 15 52 88 39 
14 0 18 70 0 19 50 81 0 99 
30 1 23 18 63 0 0 92 0 
92 0 0 97 0 0 13 35 
83 0 89 6 0 0 16 
31 0 28 0 30 74 
0 90 0 20 94 
49 96 61 60 
46 67 28 
0 58 
48 

#i: 18
15 53 32 0 0 8 45 13 82 26 46 31 48 25 60 29 0 61 0 0 79 9 22 0 28 
40 63 64 83 60 59 7 17 65 55 86 0 8 76 30 91 2 5 4 73 66 70 46 40 
73 0 89 10 0 51 86 8 0 27 0 17 41 2 76 98 88 0 20 15 70 23 73 
76 0 18 33 0 25 0 50 15 44 33 32 51 0 42 0 7 75 0 7 1 29 
7 56 16 83 80 0 0 96 33 36 6 81 87 19 80 33 0 0 0 0 64 
86 0 34 34 74 28 36 55 0 0 45 54 30 12 48 98 47 49 0 99 
61 92 13 99 46 51 48 36 48 45 63 25 10 33 0 0 29 0 22 
26 17 0 94 0 55 88 45 17 0 0 0 0 64 82 7 36 36 
64 58 0 60 67 20 0 0 34 13 79 22 58 29 17 57 21 
0 15 61 95 0 4 2 0 82 89 100 0 2 35 79 75 
68 28 67 21 29 91 35 29 28 0 18 0 56 0 59 
29 15 3 64 0 6 29 0 96 88 38 67 72 52 
0 60 17 69 57 5 43 24 0 4 98 27 44 
0 93 13 28 98 0 62 32 29 0 55 0 
51 39 0 15 0 0 48 46 53 35 86 
90 63 30 5 0 3 92 10 0 63 
42 26 52 54 8 0 41 55 46 
77 31 96 33 74 5 90 0 
89 15 39 66 95 14 69 
25 44 0 77 11 27 
13 0 30 57 73 
0 21 92 89 
45 86 76 
25 20 
48 

#i: 19
62 25 58 0 100 0 0 8 31 40 0 45 3 100 0 97 83 97 0 86 11 0 0 62 
10 0 58 13 80 77 99 0 63 41 96 21 25 46 0 0 0 5 90 15 70 72 10 
72 7 98 23 3 37 82 0 29 25 74 84 22 0 0 3 37 96 34 95 65 90 
0 0 16 0 87 90 0 52 0 78 43 38 20 0 0 0 0 91 46 55 9 
0 67 20 92 0 100 28 51 92 80 70 0 3 75 0 5 12 33 0 0 
15 85 76 0 7 16 57 21 66 0 0 56 72 74 8 82 70 64 90 
46 13 34 90 93 54 84 95 87 68 78 48 0 22 43 0 8 87 
71 35 97 0 13 44 53 33 40 0 0 63 94 37 3 24 31 
19 58 27 71 11 0 0 2 96 23 0 90 94 97 57 46 
14 20 58 23 49 51 0 9 20 41 50 3 0 0 41 
87 59 65 0 62 0 29 42 57 0 31 0 42 61 
70 0 0 0 86 87 0 83 80 77 11 77 83 
34 0 0 30 0 0 96 22 24 100 79 79 
83 9 46 8 0 84 0 5 0 94 33 
13 38 11 0 17 93 7 51 0 80 
53 76 78 0 19 69 31 0 91 
57 52 0 0 49 25 0 0 
34 0 92 70 75 76 0 
31 8 73 99 0 6 
14 32 54 34 55 
68 81 0 92 
86 0 0 
84 28 
0 

#i: 20
27 99 100 44 23 19 0 15 14 48 86 70 79 0 77 0 0 0 47 0 72 54 17 
51 0 0 35 0 30 81 83 62 28 70 3 1 0 49 10 32 97 28 11 0 39 
54 18 0 92 78 74 13 13 7 10 38 100 88 42 70 40 9 65 31 45 0 
57 92 27 48 0 41 4 72 36 39 90 17 45 36 0 74 52 38 0 0 
0 70 44 74 37 81 0 57 41 50 98 31 78 2 87 52 0 1 89 
0 0 0 76 84 79 0 53 64 94 0 83 22 81 41 43 42 17 
46 56 0 0 96 38 42 0 95 54 0 79 0 0 2 36 36 
19 2 72 68 0 70 0 0 65 57 93 0 90 30 73 0 
82 90 13 0 0 0 58 6 27 26 21 2 61 5 0 
97 55 89 0 53 33 64 22 94 36 38 39 20 0 
39 18 77 42 46 68 82 90 42 91 59 4 66 
67 90 80 29 48 2 2 28 72 96 73 0 
73 0 87 58 96 0 0 43 81 52 55 
8 0 97 44 73 35 57 59 20 69 
49 99 32 94 88 38 0 7 51 
96 0 22 0 11 65 85 37 
98 13 92 4 48 96 0 
19 28 29 79 79 22 
100 61 87 19 0 
78 50 24 66 
96 77 60 
56 78 
69 

#i: 21
0 0 44 79 0 91 71 0 61 0 98 0 57 93 35 86 26 40 62 96 98 15 
44 58 94 60 57 16 14 0 21 55 40 99 25 62 93 0 70 93 4 78 23 
69 7 45 25 86 58 77 66 0 15 48 83 4 87 5 45 6 33 0 0 
0 63 50 0 4 71 3 0 54 27 100 0 91 12 6 56 83 30 0 
0 18 38 23 18 44 96 1 21 22 81 0 2 0 74 96 0 14 
71 0 67 32 55 83 28 26 59 60 98 38 27 79 31 35 44 
0 55 15 0 78 67 0 28 21 19 0 93 45 56 97 73 
41 16 4 0 69 53 46 0 47 20 66 80 69 92 0 
66 86 95 0 0 16 0 54 0 49 49 34 24 0 
34 0 59 40 44 0 41 22 86 51 0 0 59 
96 0 94 80 60 79 72 87 45 39 0 15 
9 69 0 81 21 10 77 0 75 67 0 
91 0 0 52 1 25 17 0 0 0 
28 0 70 46 10 84 86 49 35 
50 12 43 0 0 0 66 23 
11 94 0 35 18 84 57 
100 0 27 1 52 65 
18 0 1 43 71 
36 0 69 17 
0 14 53 
15 0 
26 

#i: 22
85 99 10 42 4 12 0 10 55 65 45 76 100 9 0 33 23 52 6 13 47 
44 50 6 0 90 66 22 92 39 74 78 59 50 94 5 62 77 12 68 61 
87 0 0 19 0 41 95 0 74 7 59 69 47 0 16 89 0 45 0 
95 0 44 0 81 10 24 34 71 35 20 57 72 98 71 94 14 89 
0 0 0 66 0 67 5 56 8 81 67 0 55 17 0 75 0 
31 17 50 92 51 0 19 0 82 0 57 47 53 48 0 53 
4 95 86 88 83 98 83 75 0 66 51 0 22 91 18 
0 53 22 64 70 23 0 82 0 0 66 64 80 0 
13 0 33 22 65 0 0 72 0 17 90 59 0 
0 68 79 0 92 51 62 0 54 0 26 0 
93 55 66 0 59 92 29 0 94 18 79 
83 5 53 0 0 88 26 0 0 19 
41 80 79 7 55 26 98 63 0 
0 21 0 0 0 0 0 45 
36 5 81 70 0 11 33 
0 32 33 83 18 7 
0 96 38 0 32 
14 9 48 90 
99 0 82 
21 29 
17 

#i: 23
45 6 67 86 86 11 2 0 30 85 62 0 0 0 75 25 0 8 67 70 
72 17 51 43 4 76 70 26 0 89 18 26 76 64 84 0 0 0 22 
0 42 41 4 36 41 11 27 70 58 18 20 39 0 48 66 17 23 
53 0 0 40 30 57 60 24 92 0 96 0 59 33 0 75 98 
12 93 84 87 0 57 45 54 81 0 19 55 44 0 75 42 
9 0 68 2 78 68 26 59 50 43 13 58 36 52 54 
0 17 47 0 58 83 36 100 53 10 0 74 1 87 
26 43 6 5 72 78 94 9 39 59 66 8 12 
75 0 73 25 73 35 29 28 24 33 0 55 
0 59 56 0 33 45 2 0 0 0 26 
96 0 15 33 48 17 93 56 25 80 
82 61 16 92 65 65 23 96 25 
0 0 0 100 67 18 18 100 
72 27 80 0 16 58 82 
99 42 0 93 44 100 
92 51 27 77 95 
81 63 63 23 
0 0 79 
51 0 
0 

#i: 24
12 96 73 94 14 67 0 9 64 12 77 82 0 58 65 56 22 89 38 
15 0 12 15 0 90 0 40 7 8 64 0 19 0 21 0 40 0 
0 0 79 27 0 41 0 65 0 16 97 95 28 79 38 0 32 
85 0 31 0 28 0 48 35 0 0 5 0 51 96 4 77 
10 0 48 92 0 18 0 68 0 30 59 86 66 0 46 
100 0 0 86 18 0 38 43 17 67 52 0 96 91 
25 0 0 2 91 28 0 13 23 58 0 48 3 
65 19 56 0 100 27 17 0 59 90 86 40 
61 91 67 16 51 19 66 23 74 45 0 
35 0 98 81 24 8 13 16 90 15 
70 68 32 0 61 52 0 65 15 
64 46 91 0 0 19 0 0 
19 34 63 54 62 58 49 
0 0 30 0 36 0 
76 26 85 61 98 
80 22 76 12 
37 53 0 
12 0 
79 

#i: 25
59 20 58 85 87 47 26 2 75 5 29 47 56 36 16 59 0 32 
24 65 0 84 16 99 84 36 70 45 55 57 85 70 63 0 41 
29 53 32 96 7 10 48 28 100 77 89 30 86 0 1 26 
0 11 28 27 37 0 37 58 53 34 22 51 0 0 39 
5 10 20 23 60 40 67 0 0 33 49 92 46 84 
0 69 0 0 0 75 97 45 81 0 0 12 24 
59 0 8 0 46 0 26 16 13 0 61 30 
88 10 26 35 16 0 26 60 0 81 0 
97 68 0 97 90 99 46 26 0 43 
97 88 0 13 35 22 0 12 62 
0 20 91 9 84 7 0 0 
42 12 6 0 43 0 0 
0 72 8 39 86 0 
0 9 77 95 34 
67 95 85 1 
24 16 92 
0 71 
68 

#i: 26
0 25 92 0 43 12 42 21 12 46 0 5 21 0 63 0 0 
58 22 27 24 78 7 0 76 98 25 65 92 0 1 7 0 
81 94 0 41 54 0 77 35 0 26 40 83 14 0 0 
22 80 42 0 0 0 0 4 91 97 0 56 0 77 
63 96 27 89 43 67 0 60 55 41 2 27 0 
64 6 0 48 0 37 88 8 51 25 76 0 
95 79 67 71 10 89 0 50 0 0 0 
0 88 79 36 90 42 5 90 0 0 
36 74 14 49 44 32 17 0 87 
61 30 34 69 64 0 37 0 
51 0 0 76 0 0 27 
67 42 0 0 88 99 
28 0 41 1 25 
37 0 5 39 
32 7 77 
37 38 
36 

#i: 27
1 0 0 81 30 34 75 0 68 0 15 98 64 0 0 69 
48 62 67 13 31 14 8 0 94 27 73 0 74 73 51 
37 82 29 68 19 91 0 96 79 78 0 42 59 90 
98 22 11 70 57 74 33 84 12 68 94 14 77 
0 0 28 69 7 49 0 17 67 49 41 53 
61 27 9 70 1 3 24 0 37 63 0 
33 0 0 19 62 27 69 1 57 3 
48 59 20 44 37 0 60 38 54 
89 31 56 0 70 58 83 0 
20 30 94 77 36 31 71 
34 0 15 24 0 22 
0 4 0 32 20 
0 8 0 0 
58 80 0 
86 4 
77 

#i: 28
92 39 57 4 97 72 33 15 0 54 23 29 0 97 0 
36 3 36 17 41 58 79 0 0 0 0 0 0 0 
0 53 0 64 0 31 92 78 87 39 54 83 80 
80 0 60 37 4 22 88 58 68 41 50 31 
0 0 0 0 81 87 76 70 0 41 0 
49 95 91 99 24 0 16 1 0 0 
0 21 32 35 82 91 0 72 0 
0 0 3 81 62 25 0 84 
0 38 8 9 0 99 0 
0 32 89 52 0 0 
14 11 10 0 41 
32 28 50 62 
0 58 100 
28 16 
23 

#i: 29
30 96 50 55 52 0 0 24 0 8 0 12 63 0 
49 76 9 60 46 0 76 13 71 77 31 7 36 
0 97 65 0 0 51 0 98 0 15 44 0 
92 87 63 61 58 83 0 0 98 65 1 
0 21 38 59 4 0 42 32 28 87 
17 41 52 0 4 24 100 14 65 
62 33 69 0 61 94 72 0 
0 88 85 14 26 8 90 
0 35 0 0 0 73 
0 0 42 91 0 
31 84 26 42 
85 59 70 
58 7 
23 

#i: 30
69 5 77 26 21 66 77 32 47 0 100 24 76 
0 0 56 0 52 21 51 45 24 0 43 24 
86 0 91 0 66 68 0 0 54 15 88 
75 69 91 0 71 17 38 0 50 60 
19 0 0 38 0 0 58 3 0 
45 14 71 3 22 25 80 29 
79 0 89 0 4 0 0 
16 34 80 82 80 77 
95 38 54 89 26 
87 92 0 51 
43 37 47 
98 68 
74 

#i: 31
68 22 11 55 0 99 42 89 75 62 87 39 
12 51 94 0 54 21 7 100 14 16 80 
41 6 89 0 18 0 75 0 58 21 
28 0 0 12 58 83 91 48 39 
0 67 75 40 66 56 38 26 
62 26 78 22 0 41 23 
11 91 75 86 0 16 
5 4 91 36 0 
0 0 0 57 
74 17 0 
86 98 
18 

#i: 32
70 0 97 0 6 57 53 0 10 59 0 
0 25 40 62 65 90 0 85 41 21 
6 34 82 14 0 0 96 0 43 
63 70 2 87 0 80 58 27 
0 0 0 0 24 21 0 
70 83 62 54 92 92 
9 96 69 40 0 
19 0 8 33 
0 76 71 
94 29 
17 

#i: 33
80 17 74 0 35 0 84 0 36 29 
92 70 86 0 45 31 24 33 0 
39 71 99 76 100 61 77 79 
0 76 70 60 0 0 6 
0 18 2 0 26 62 
56 78 59 84 2 
56 83 78 0 
0 10 66 
0 0 
16 

#i: 34
66 3 0 94 47 64 34 8 35 
49 78 72 78 20 25 5 86 
4 23 48 22 59 43 0 
13 21 7 88 1 13 
0 11 0 87 0 
0 0 18 0 
89 69 56 
99 0 
0 

#i: 35
48 49 92 0 57 35 23 29 
49 38 2 85 35 32 53 
92 19 41 78 72 0 
0 5 24 45 39 
6 0 39 65 
36 53 0 
21 0 
0 

#i: 36
0 4 4 0 45 77 74 
29 47 69 77 39 52 
41 78 0 50 0 
76 46 87 50 
58 14 86 
37 62 
68 

#i: 37
41 56 31 21 60 0 
34 8 13 0 66 
71 0 43 9 
87 37 0 
89 22 
0 

#i: 38
0 0 45 38 97 
52 76 0 93 
75 73 44 
0 85 
60 

#i: 39
46 85 91 0 
74 34 38 
28 9 
87 

#i: 40
68 40 91 
59 35 
54 

#i: 41
44 53 
0 

#i: 42
2 

#i: 43

#i: 44

ckp-45-0.75.txt