#number of items n
40

#knapsack capacity b
828

#constraint coefficients a
33 37 36 28 42 31 37 5 8 45 48 39 1 10 3 48 22 48 39 34 42 4 8 1 38 17 5 47 4 12 35 37 2 19 49 12 41 26 17 21 

#linear coefficients c
0 18 0 39 0 71 0 39 8 63 0 0 97 0 0 0 56 8 57 0 0 0 8 41 95 95 92 0 52 0 54 0 61 31 60 0 0 10 0 59 

#quadratic coefficients C: i < j
91 0 0 61 14 16 20 0 0 8 0 0 0 12 96 0 0 86 26 0 99 16 88 0 63 0 45 0 0 90 18 8 59 0 15 57 71 0 9 
63 21 27 69 0 79 59 0 54 46 67 0 0 50 0 80 11 71 0 0 0 0 0 0 0 91 0 96 0 4 89 89 0 60 72 34 49 0 
0 0 0 45 52 0 83 0 54 64 43 0 0 47 0 0 0 0 0 0 0 0 0 76 0 12 0 0 60 85 0 0 0 47 10 0 0 
0 0 0 0 24 84 50 0 41 8 9 91 0 0 0 3 72 1 45 42 0 16 26 0 0 16 93 7 0 57 0 67 0 96 41 43 
0 90 0 69 96 0 0 21 51 37 0 95 76 0 68 0 0 75 79 51 79 76 52 0 0 0 0 64 0 22 0 4 0 68 0 
65 0 5 81 94 11 0 0 0 0 47 49 38 0 57 0 43 0 26 0 0 0 15 5 0 15 96 32 0 90 94 3 0 0 
0 68 0 0 0 0 0 0 0 69 77 0 80 17 67 0 0 0 0 0 0 46 94 0 0 95 20 91 32 0 73 0 49 
62 21 73 0 0 23 69 0 0 71 13 20 94 56 34 47 79 39 0 0 0 0 76 0 19 0 0 10 0 0 78 0 
72 37 0 72 28 59 0 78 11 7 59 0 0 0 0 0 50 40 0 79 22 75 0 57 33 0 0 0 91 100 0 
87 0 0 0 41 0 88 0 0 61 0 39 0 86 0 0 26 0 53 12 0 0 0 34 44 6 52 0 12 58 
67 0 98 11 21 66 0 0 4 68 0 0 0 0 0 92 0 98 0 0 0 16 48 100 54 0 0 50 91 
0 75 0 0 47 56 42 0 0 0 0 0 0 0 88 76 38 1 13 0 50 0 0 1 89 0 0 0 
26 28 97 0 0 0 67 0 0 22 12 0 91 0 97 0 0 0 70 0 25 52 0 0 3 0 44 
0 0 0 89 0 0 0 0 0 59 0 51 0 0 0 0 0 0 99 76 68 6 0 0 50 44 
0 81 0 5 0 25 38 0 0 3 12 0 16 0 0 0 0 0 50 86 50 13 11 40 0 
0 59 0 28 57 62 0 81 4 63 0 80 57 36 0 59 8 85 98 74 53 57 0 68 
0 27 0 0 0 88 13 76 0 71 0 0 0 0 31 0 15 0 79 67 39 75 16 
2 36 60 0 20 0 0 0 28 0 1 0 0 89 0 30 0 0 34 89 0 0 
66 75 79 0 0 81 56 6 0 23 3 3 0 89 0 0 12 82 54 0 70 
1 0 0 30 60 5 0 24 57 33 93 0 73 0 15 0 0 84 0 67 
0 0 26 43 0 59 0 77 49 0 17 0 32 0 31 0 1 0 0 
19 23 0 29 95 38 39 15 0 0 0 61 0 0 0 84 0 0 
31 63 19 0 0 65 100 0 63 70 0 0 59 0 0 0 0 
34 74 12 26 59 0 0 68 0 51 83 9 30 0 0 0 
0 0 47 0 0 0 0 0 0 0 0 0 0 3 88 
4 0 0 0 0 0 0 0 0 0 0 0 0 0 
64 0 30 40 73 77 0 0 73 89 0 0 0 
0 0 0 0 61 0 51 0 0 0 64 30 
0 0 0 97 0 0 0 0 0 58 31 
0 71 0 0 0 0 96 99 0 62 
0 0 86 0 0 0 87 0 0 
0 72 12 7 62 66 0 90 
81 0 75 49 49 0 0 
42 77 82 0 0 30 
0 43 38 28 0 
0 49 0 0 
90 99 0 
81 0 
0 

#cubic coefficients D: i < j < k
#i: 0
0 1 27 89 0 0 42 62 43 25 63 42 69 0 0 0 27 0 0 25 0 0 93 0 22 44 0 4 42 69 90 77 0 67 53 92 0 64 
0 73 35 95 0 0 0 45 0 33 0 0 0 0 45 0 80 31 79 15 93 31 62 0 6 19 0 0 62 40 0 0 100 5 100 30 0 
78 0 0 0 0 82 36 26 0 0 0 94 0 26 63 24 0 0 4 0 19 0 64 0 8 33 0 79 52 0 92 35 0 0 0 0 
12 45 44 0 0 0 0 40 0 0 48 16 53 0 55 69 57 0 0 0 0 71 9 0 99 2 68 0 0 0 0 0 75 57 0 
0 76 0 0 0 0 0 39 20 14 61 27 0 0 92 0 39 25 34 0 0 81 0 98 0 50 0 24 0 0 93 14 0 0 
73 0 0 0 31 54 46 0 98 91 0 0 32 37 0 6 0 71 0 0 0 13 80 0 0 11 76 0 33 0 0 0 57 
0 0 45 74 0 0 43 0 0 18 0 42 0 29 0 28 0 0 25 73 0 0 94 0 94 0 0 51 0 0 0 20 
0 0 0 88 4 0 84 0 0 0 67 0 0 0 9 0 0 69 95 24 19 22 0 80 8 0 28 0 74 98 75 
13 0 0 2 74 0 24 0 93 12 0 0 63 0 0 52 59 0 0 7 0 1 0 0 82 63 74 95 18 70 
13 0 0 9 1 0 0 0 0 0 34 0 0 0 80 0 0 0 0 72 0 7 76 8 81 57 0 0 26 
59 27 98 0 86 77 6 54 59 27 89 40 0 0 19 0 83 0 0 0 0 0 0 0 0 71 0 0 
0 50 0 100 61 0 55 0 15 51 6 69 0 35 0 0 28 75 46 23 0 0 21 0 0 77 0 
9 13 0 2 0 92 88 40 0 0 75 0 22 0 0 0 11 0 68 75 54 0 0 0 0 52 
0 86 37 68 0 78 11 45 0 23 6 44 0 44 0 24 0 4 0 0 33 0 0 0 0 
86 54 45 15 0 11 8 47 66 0 14 54 35 87 0 90 0 0 0 46 0 4 79 22 
61 0 0 31 0 0 80 94 0 78 11 0 0 7 0 77 17 0 0 0 97 96 69 
42 0 0 0 0 64 0 0 0 0 44 0 0 30 0 0 0 9 77 25 78 23 
0 59 74 22 0 0 11 0 0 66 0 0 72 0 75 0 0 43 0 0 1 
0 0 0 0 0 11 0 0 5 0 65 0 0 92 0 0 56 0 66 52 
0 85 84 0 0 0 0 80 7 23 13 76 0 0 58 0 0 0 0 
61 0 0 0 0 0 25 0 1 0 0 33 0 98 0 68 29 0 
3 88 63 0 19 58 0 40 62 0 6 59 56 0 0 50 0 
0 55 0 0 0 28 63 17 81 17 58 47 0 34 84 0 
0 0 89 96 0 0 56 26 0 0 0 0 0 0 0 
0 59 0 82 0 77 0 0 27 96 77 0 0 65 
0 7 0 0 0 76 0 75 66 0 21 50 87 
0 0 0 94 0 63 50 46 88 77 87 77 
0 0 0 0 16 29 0 0 0 12 42 
59 0 43 14 0 52 0 0 0 0 
60 60 0 71 0 0 0 54 55 
0 0 0 89 0 44 81 58 
0 96 100 0 35 0 0 
0 75 22 0 92 79 
0 0 0 0 34 
2 68 82 0 
0 31 0 
3 96 
56 

#i: 1
69 0 31 57 94 3 27 0 0 67 78 49 0 97 64 0 38 0 0 0 0 45 59 0 34 47 67 45 9 0 79 42 50 98 0 3 0 
0 0 27 0 26 55 0 0 0 0 14 75 82 51 0 70 73 0 89 41 0 0 0 45 69 0 0 0 32 6 29 42 0 69 63 45 
8 66 31 0 0 0 0 0 0 0 58 0 44 59 0 0 84 0 0 6 0 27 0 24 0 0 69 1 55 27 93 0 96 40 33 
25 0 95 0 0 26 0 0 0 0 0 99 31 0 11 68 0 0 72 17 0 45 0 97 0 0 62 0 11 43 0 11 49 0 
0 97 51 65 0 0 84 95 0 0 0 42 66 0 5 98 28 17 0 21 0 77 0 64 0 0 0 75 66 0 0 0 20 
98 52 0 3 0 0 47 0 99 32 0 0 52 0 38 33 42 0 0 47 0 0 67 63 0 14 0 0 0 0 6 2 
0 0 0 0 0 0 0 0 0 0 65 80 70 7 3 0 32 19 4 0 92 84 0 0 0 81 0 0 80 0 28 
82 0 36 63 0 0 93 31 93 0 100 50 14 0 52 50 33 92 0 0 0 0 68 0 4 64 0 0 0 51 
27 45 50 0 88 0 47 64 83 0 55 92 23 24 0 0 0 0 36 0 91 0 0 0 9 0 0 37 7 
83 0 0 49 49 0 0 89 20 73 0 24 55 26 70 0 5 54 0 9 25 64 48 0 0 64 0 0 
97 26 43 82 0 38 0 0 0 0 0 0 0 18 35 71 0 0 19 0 71 14 0 71 98 0 26 
0 48 50 0 99 64 19 0 19 4 0 0 0 0 0 0 0 0 16 85 55 0 0 0 0 0 
3 0 15 51 0 0 7 0 6 7 78 0 9 0 0 84 0 34 21 65 0 0 23 39 0 
99 0 66 0 56 51 2 0 68 0 18 48 73 73 0 20 0 0 0 100 31 50 69 32 
0 46 40 0 0 45 49 0 79 86 0 9 59 0 0 0 0 0 26 0 0 0 85 
99 0 0 0 0 86 68 91 6 0 0 0 0 35 40 98 0 38 57 94 0 9 
2 56 100 0 7 0 0 81 72 0 16 59 25 0 85 9 40 21 0 38 0 
56 0 26 35 0 0 0 42 32 28 24 3 0 0 0 0 0 78 56 0 
0 53 7 56 51 0 10 0 81 30 0 0 78 0 0 0 82 0 0 
0 0 0 0 30 86 85 70 73 0 0 0 19 0 69 88 0 0 
92 0 41 22 59 44 6 0 0 72 0 92 16 0 60 34 0 
16 43 0 0 0 65 0 0 94 54 14 0 30 0 45 17 
75 4 0 100 0 0 0 0 0 0 0 97 56 34 6 
28 93 0 33 9 73 75 0 0 0 0 0 0 0 
0 0 0 12 0 73 0 18 0 53 92 0 81 
40 27 0 83 0 0 12 71 78 41 0 4 
0 68 89 42 66 52 52 0 0 0 0 
42 74 0 53 38 52 0 20 39 0 
1 0 69 0 7 0 98 24 0 
0 52 100 0 0 30 47 19 
56 0 54 0 0 0 0 
0 11 0 77 0 0 
58 0 0 76 70 
0 0 92 0 
0 23 0 
0 24 
32 

#i: 2
0 0 96 21 62 98 88 0 0 0 17 0 53 57 0 69 0 5 95 0 0 0 0 71 37 0 48 93 17 0 0 26 0 92 87 72 
0 0 68 0 0 0 0 0 88 0 0 0 0 49 82 41 61 96 57 0 0 0 32 10 99 57 0 24 77 0 38 0 0 0 66 
98 0 0 0 0 0 24 0 32 16 0 49 0 0 0 32 0 0 6 5 0 0 79 8 18 67 15 0 0 0 0 50 0 3 
59 95 1 81 65 75 88 27 21 54 93 0 98 0 0 0 42 94 0 65 58 0 0 0 0 4 98 0 0 0 54 0 0 
0 0 0 0 0 0 0 0 0 88 56 10 1 0 2 71 27 0 0 4 23 0 0 0 0 0 74 1 7 86 0 0 
0 36 0 6 0 0 0 0 17 0 35 0 94 0 59 66 15 0 0 0 0 89 88 0 0 32 23 0 21 0 0 
72 36 6 32 47 0 58 0 0 0 0 86 23 0 0 0 0 0 58 100 60 83 0 11 0 55 37 36 0 0 
77 0 0 71 54 36 51 0 95 50 0 0 55 28 0 11 39 0 0 0 0 12 0 0 0 1 0 0 0 
85 0 13 0 0 91 11 25 0 1 0 43 36 39 5 0 56 88 94 0 0 0 0 57 3 0 0 50 
0 6 90 12 63 0 88 0 0 58 74 0 0 80 15 0 0 97 0 0 0 0 0 0 0 0 68 
83 0 0 0 0 0 55 0 0 0 64 0 57 0 0 0 0 43 0 0 0 0 0 2 21 87 
75 0 35 0 0 68 54 0 0 0 33 72 0 39 58 44 0 0 22 3 92 68 16 94 52 
4 11 0 32 0 4 0 0 0 55 71 0 27 76 0 68 0 18 77 30 0 62 95 20 
26 63 47 0 0 0 0 0 0 0 0 72 0 55 97 45 42 8 72 65 0 0 3 
0 87 0 84 0 30 0 0 0 66 50 0 0 0 0 0 98 72 66 49 33 90 
56 70 0 0 33 68 1 32 24 23 88 28 0 2 19 75 0 76 0 62 0 
0 54 0 2 0 44 47 0 0 29 66 5 14 33 84 3 0 32 0 0 
0 41 0 0 99 0 0 39 0 0 27 0 49 29 23 34 41 87 72 
0 75 0 51 0 34 63 89 0 0 0 74 0 0 74 0 5 7 
97 0 0 23 11 71 0 29 0 70 0 8 2 5 8 0 26 
54 0 6 0 9 0 47 26 0 0 24 0 0 0 50 95 
0 16 0 0 100 16 54 3 0 34 0 0 0 91 0 
27 36 12 67 77 29 0 0 84 55 0 51 24 65 
59 60 0 10 76 0 0 0 0 0 0 51 0 
0 16 80 0 0 85 39 25 75 49 39 56 
88 0 0 0 0 0 75 0 82 15 0 
59 94 55 9 0 27 90 94 0 0 
49 33 80 0 0 72 28 0 70 
27 0 36 0 0 0 0 57 
74 10 0 0 0 0 42 
82 75 0 25 64 0 
76 32 0 1 0 
0 78 17 13 
0 92 79 
9 0 
0 

#i: 3
0 56 0 0 95 0 68 0 0 14 64 56 0 74 0 25 0 36 0 45 52 72 33 32 0 36 0 0 79 0 0 0 0 0 50 
0 72 37 56 2 0 89 0 71 62 11 38 0 63 14 39 36 0 57 0 59 0 69 91 55 12 14 0 76 11 0 0 0 0 
0 0 0 0 0 0 0 0 1 66 5 0 0 83 25 0 19 8 0 12 18 0 18 0 0 0 70 23 0 38 0 0 0 
43 85 20 18 0 56 0 0 73 0 0 0 86 0 9 0 30 68 90 0 98 20 0 0 63 63 0 0 23 67 0 100 
0 0 0 0 0 1 0 31 0 56 66 0 76 44 20 68 23 0 0 5 93 45 0 0 0 0 31 0 78 0 0 
0 0 61 0 86 11 0 0 92 78 0 0 0 40 0 29 16 0 0 54 0 78 0 0 0 86 0 0 0 0 
22 0 86 0 0 0 0 84 0 0 0 0 3 19 0 30 12 92 34 0 93 0 0 0 0 54 0 44 66 
40 67 3 71 0 0 0 39 40 34 84 0 36 0 0 0 0 72 92 94 0 0 83 25 70 0 61 75 
54 0 0 0 26 99 0 0 84 88 0 40 14 48 0 9 19 7 0 16 0 93 29 27 0 14 34 
0 34 99 54 0 5 0 0 19 84 0 92 96 0 0 0 96 98 0 1 97 93 0 0 0 81 
0 66 0 0 56 0 0 95 0 23 59 0 0 0 0 32 78 20 1 0 0 30 0 0 0 
70 5 1 48 0 39 21 0 48 17 0 82 0 0 0 0 87 0 0 0 0 98 21 0 
45 62 66 61 10 0 0 25 0 0 0 0 58 0 0 0 0 83 63 49 81 60 0 
96 92 82 0 0 0 43 0 88 0 83 0 0 1 0 34 29 92 19 0 0 22 
0 0 67 68 81 68 0 0 0 38 54 0 85 19 0 0 29 50 0 36 50 
0 0 80 0 0 77 15 0 60 0 38 0 0 0 0 30 81 0 0 87 
27 99 0 66 0 49 62 0 0 0 0 57 39 25 0 0 92 0 0 
10 100 0 71 39 22 0 0 0 0 88 0 29 33 0 57 46 0 
2 60 58 0 0 40 92 68 0 50 0 0 35 0 0 49 98 
0 0 57 0 67 0 6 21 0 61 56 100 90 0 53 0 
0 24 54 0 0 0 18 30 5 0 0 46 93 81 0 
0 0 0 0 0 0 0 0 93 37 0 79 50 18 
0 0 0 0 0 42 0 1 0 13 0 41 0 
72 17 0 0 21 0 0 0 0 0 97 1 
26 82 0 0 96 0 68 97 10 7 0 
12 74 0 50 59 0 0 0 26 0 
48 57 39 0 0 11 0 0 45 
0 0 0 18 0 67 0 60 
0 24 41 0 18 25 0 
0 32 0 45 0 0 
0 64 0 0 38 
0 0 0 19 
61 54 6 
0 59 
0 

#i: 4
94 0 0 0 0 0 0 38 69 39 12 0 65 0 93 60 0 0 83 0 0 5 36 0 40 56 94 76 0 98 65 74 0 75 
0 93 41 12 0 0 0 0 15 0 64 0 22 0 0 97 0 67 0 16 0 0 57 0 78 0 57 0 86 97 0 0 9 
9 0 0 3 0 0 0 0 3 0 0 50 94 0 0 97 0 0 26 5 50 0 0 0 47 94 0 56 20 97 27 61 
73 16 0 0 39 0 68 0 0 0 59 0 0 0 0 0 0 31 0 53 95 0 72 20 20 53 0 0 64 59 0 
0 20 92 0 72 0 0 0 4 63 2 75 0 20 0 58 74 0 45 0 99 48 42 0 0 0 33 34 0 21 
0 0 0 97 0 0 0 64 0 84 84 12 0 0 21 32 78 0 46 20 0 76 0 0 24 0 28 0 0 
35 16 0 35 56 0 65 0 0 0 0 0 41 37 98 49 4 0 0 0 0 15 5 0 39 0 58 14 
0 0 0 81 0 0 0 0 0 0 0 0 0 0 0 0 0 45 62 0 0 22 0 9 0 0 0 
0 0 99 57 14 0 8 0 0 0 0 59 46 0 14 0 0 1 0 0 78 0 4 77 46 0 
0 0 67 98 83 0 100 43 0 40 97 80 96 6 0 69 0 82 90 0 0 9 54 85 0 
77 1 75 39 37 0 34 0 0 0 0 0 0 0 0 95 0 2 0 0 0 10 6 0 
65 0 0 46 0 0 64 50 0 73 0 85 65 0 0 0 0 22 0 83 0 0 84 
76 0 0 0 99 0 28 80 0 0 66 58 86 0 63 0 91 79 35 0 0 0 
0 53 0 0 0 0 0 0 35 24 82 91 71 0 40 22 49 0 0 0 0 
0 0 0 0 39 32 0 0 1 0 67 0 60 63 43 71 0 33 97 39 
20 43 0 68 0 1 19 0 97 86 91 0 40 0 0 0 0 80 0 
82 94 78 82 0 0 0 0 0 64 70 0 32 0 46 99 12 0 
0 3 0 0 0 0 0 23 54 0 13 0 14 20 0 0 0 
0 0 8 0 0 6 29 0 0 0 76 54 0 0 55 0 
33 0 0 0 0 97 7 91 84 0 0 84 86 0 22 
99 46 0 0 0 51 0 10 0 96 100 0 93 82 
4 0 0 0 0 42 47 0 67 0 64 0 0 
0 95 0 0 0 47 0 0 0 75 0 20 
42 70 94 57 0 0 31 0 0 86 0 
99 0 0 0 38 82 74 0 0 18 
0 0 0 0 41 4 6 0 0 
49 0 0 53 69 0 13 0 
0 0 0 14 0 0 30 
0 0 59 8 0 0 
0 0 65 50 70 
0 0 0 48 
22 0 48 
42 0 
0 

#i: 5
12 90 0 0 0 38 48 27 0 35 98 61 0 0 0 0 0 0 89 0 51 38 0 27 22 0 0 26 0 68 23 16 0 
0 55 36 0 94 87 0 12 0 22 63 72 0 68 18 62 19 18 0 0 5 0 99 0 33 0 12 84 48 61 8 98 
40 82 59 19 44 0 72 0 17 0 0 0 43 67 0 0 0 0 0 27 15 77 99 55 59 0 0 0 12 57 0 
0 53 96 0 0 0 86 41 0 0 0 0 0 0 21 0 24 34 38 0 0 0 0 0 27 45 0 2 54 0 
29 0 0 0 19 25 99 70 45 92 5 0 0 9 0 53 76 95 0 0 0 3 0 84 75 0 0 0 92 
0 0 66 24 69 61 26 0 0 59 0 0 74 0 1 24 0 70 0 0 48 0 0 0 75 30 67 0 
57 0 0 65 5 44 0 0 0 84 0 0 15 67 8 0 75 21 71 0 0 25 0 36 0 0 0 
0 72 0 9 0 0 0 0 0 0 77 0 30 0 0 0 84 81 17 0 2 35 0 72 8 0 
0 57 67 35 0 0 0 0 97 15 64 87 0 0 0 0 91 58 0 0 0 18 90 0 0 
0 89 14 0 0 89 82 14 0 0 0 50 80 0 0 20 0 52 0 10 34 0 88 66 
0 98 0 97 0 87 13 0 59 0 47 0 0 0 10 0 98 12 0 78 33 28 0 
0 16 0 0 0 54 42 34 0 0 99 27 0 3 0 0 77 0 42 0 0 33 
74 0 0 54 44 0 95 0 92 0 11 87 96 87 19 0 55 0 47 0 0 
0 0 98 0 86 21 0 47 0 0 98 64 62 0 0 8 44 51 67 0 
0 53 0 79 32 0 0 0 0 32 23 74 0 0 0 68 0 0 90 
79 0 0 0 75 0 0 27 32 71 28 0 0 0 0 54 0 0 
59 23 0 0 0 0 46 0 79 0 16 0 72 0 43 66 0 
0 0 0 0 0 0 0 22 54 19 0 0 48 0 92 56 
0 0 0 0 44 0 0 0 0 0 0 77 0 99 22 
25 0 0 0 90 0 0 0 0 43 49 0 46 48 
0 13 0 78 0 20 42 0 46 68 13 0 0 
0 79 0 11 58 69 46 0 0 82 38 91 
77 0 0 0 43 0 0 0 0 0 57 
0 0 0 94 0 26 58 9 41 37 
63 19 0 0 90 0 8 0 71 
0 0 62 13 32 3 80 0 
64 39 0 33 73 0 3 
96 36 42 69 88 15 
32 16 10 0 40 
25 76 0 96 
0 4 0 
49 0 
0 

#i: 6
50 0 0 95 0 70 33 15 0 0 89 0 99 92 0 0 0 0 37 0 0 4 39 0 74 35 0 0 74 0 0 0 
0 4 0 0 0 59 53 82 0 0 0 0 42 19 0 0 89 0 25 28 0 27 0 0 0 0 0 0 50 97 1 
0 0 0 0 0 0 75 14 0 79 41 0 24 0 77 0 0 15 0 0 0 0 0 0 0 0 73 0 0 0 
36 16 0 21 0 0 0 0 32 88 0 0 0 84 88 8 29 82 95 0 0 0 0 0 51 40 0 24 0 
63 27 0 39 0 0 96 0 0 22 50 99 0 72 0 0 42 38 92 0 0 0 0 41 0 0 0 18 
0 0 22 0 0 98 37 7 0 0 21 81 0 70 0 5 0 65 0 0 27 38 41 0 97 0 0 
27 53 0 32 0 26 5 25 89 17 0 0 0 0 0 88 75 13 57 24 89 0 0 0 12 24 
72 89 0 16 0 0 0 50 0 0 0 0 0 29 0 29 41 0 0 0 0 22 0 96 0 
19 0 38 0 0 9 51 3 4 0 52 62 15 0 0 0 15 0 0 59 94 0 40 0 
0 64 16 0 55 22 31 0 0 0 0 99 0 0 99 76 0 57 0 0 0 47 0 
3 43 0 10 0 15 0 58 0 41 0 0 33 46 0 22 0 89 0 0 0 0 
66 0 17 0 18 55 94 0 45 82 6 95 0 0 46 0 0 38 45 0 0 
27 0 0 11 0 41 47 86 52 63 93 0 25 0 0 80 23 11 52 48 
71 0 94 55 0 91 0 0 74 0 87 0 85 0 0 96 17 0 59 
60 0 0 0 14 0 42 0 7 0 60 56 0 15 32 66 28 0 
0 0 56 0 0 84 0 31 0 0 61 0 0 0 97 54 62 
0 0 23 49 90 89 76 0 0 0 0 22 17 79 0 0 
0 0 0 29 97 22 0 0 79 0 96 0 98 83 61 
58 0 59 0 0 67 0 68 0 60 20 0 84 0 
0 86 14 0 0 68 0 21 63 0 25 0 0 
0 0 0 0 95 41 13 0 0 8 0 61 
0 25 0 0 93 53 35 0 73 17 0 
53 0 44 27 81 30 85 62 0 0 
0 73 93 69 3 0 11 0 0 
26 57 0 0 78 0 0 0 
0 71 38 0 0 27 74 
0 52 0 0 0 85 
89 0 0 0 0 
0 63 0 0 
0 80 79 
34 76 
76 

#i: 7
15 96 70 26 80 0 76 55 25 42 0 0 69 60 0 21 33 12 0 0 0 0 5 40 70 8 28 0 0 33 0 
25 15 0 36 99 37 91 0 54 35 81 0 50 57 52 0 16 67 0 91 0 75 14 0 0 0 0 80 2 0 
1 0 0 63 0 0 16 0 55 0 0 31 0 43 16 100 88 41 38 94 0 0 0 0 48 0 84 46 0 
0 0 0 0 0 0 1 51 3 0 19 31 0 88 0 31 0 73 94 45 0 29 40 0 0 73 0 21 
63 60 45 0 0 80 87 34 39 89 0 36 38 73 0 0 0 38 0 57 8 30 82 0 0 0 44 
0 0 0 19 0 0 21 0 0 30 27 0 0 86 48 47 4 96 86 23 0 8 20 0 0 0 
0 75 0 0 57 0 80 0 0 0 0 47 87 0 69 0 0 0 24 0 13 93 72 0 10 
0 80 0 0 28 0 0 0 0 0 6 0 0 0 0 34 0 7 0 0 42 77 0 0 
0 0 0 0 0 27 59 0 0 0 0 0 53 23 0 0 0 21 0 0 87 0 0 
0 0 0 40 93 0 0 48 0 0 0 0 39 38 47 0 89 97 0 56 0 0 
0 57 68 0 56 0 34 56 83 0 15 0 0 0 0 0 0 0 0 100 0 
0 54 0 64 8 0 0 52 44 41 0 0 0 14 91 85 19 0 0 0 
35 0 3 0 100 9 27 100 46 52 0 0 97 91 89 85 9 47 0 
60 0 0 0 71 86 0 65 0 0 0 0 3 66 0 35 0 24 
69 0 2 38 70 0 0 3 35 72 78 61 60 80 0 0 0 
0 0 65 50 74 33 92 0 0 0 0 33 35 0 27 0 
38 63 77 0 15 0 28 28 0 51 0 0 32 80 0 
0 86 16 0 0 0 57 67 17 0 0 11 34 68 
0 0 100 99 0 100 0 0 0 0 0 14 89 
75 0 0 0 70 0 75 40 0 0 0 0 
0 97 0 0 0 0 12 8 0 65 0 
0 0 45 57 27 0 52 84 59 0 
42 0 0 61 0 80 96 0 97 
76 0 0 0 0 0 80 35 
0 17 24 0 0 0 100 
86 93 0 62 0 0 
83 93 0 0 0 
0 0 73 93 
0 0 34 
0 0 
37 

#i: 8
0 59 37 0 0 0 0 67 17 0 0 33 0 67 3 62 25 51 0 25 14 2 0 51 26 94 34 20 0 0 
0 96 0 0 24 0 0 31 0 0 92 6 0 0 24 0 0 0 62 0 23 57 0 76 91 95 29 0 75 
0 83 53 0 0 29 83 0 52 0 55 48 0 0 65 29 38 79 86 69 100 86 25 20 16 18 0 0 
0 63 54 0 94 28 92 90 0 0 0 91 96 90 0 0 0 0 63 0 31 46 0 0 43 0 52 
67 27 46 34 0 93 0 54 59 13 0 0 0 0 74 86 0 0 0 63 88 0 0 16 0 0 
0 42 36 0 98 63 0 0 92 64 0 98 73 0 50 3 0 0 95 0 6 0 49 47 3 
25 0 0 0 0 0 67 0 0 0 0 0 0 26 0 0 63 0 0 40 0 98 0 0 
38 5 52 0 63 64 30 32 0 83 96 9 2 0 0 11 29 52 0 0 0 84 71 
0 0 44 64 0 0 0 0 0 31 0 30 0 17 26 0 99 0 94 41 58 63 
71 0 0 44 0 0 99 91 0 0 0 2 0 0 52 0 0 64 0 10 0 
38 0 50 57 0 0 59 0 0 0 83 10 0 35 0 0 0 12 36 0 
48 81 0 5 41 0 0 54 0 0 93 8 0 0 0 0 0 0 0 
0 76 28 97 86 0 0 0 53 26 0 0 0 19 0 0 0 60 
4 0 4 94 80 0 7 22 0 8 0 0 7 0 0 0 0 
72 0 0 0 90 73 0 0 0 11 0 0 91 0 59 73 
0 64 50 0 0 0 0 0 69 100 84 0 0 25 3 
0 0 41 57 0 0 0 0 51 58 13 31 0 43 
0 0 75 1 9 0 67 0 0 0 59 54 81 
0 0 0 42 0 63 25 0 0 8 38 68 
39 0 0 64 71 0 47 48 0 0 69 
40 0 0 26 0 0 0 57 0 82 
29 5 10 0 26 0 96 84 0 
57 0 5 18 0 0 0 58 
65 80 49 89 0 0 0 
0 58 0 11 0 35 
7 0 0 95 61 
63 0 0 0 
18 0 0 
0 0 
16 

#i: 9
61 0 0 0 22 0 0 86 0 0 53 0 0 18 80 0 0 0 0 46 0 0 43 26 0 0 0 35 11 
0 91 0 78 0 47 0 0 63 96 84 0 0 0 81 35 0 37 6 53 0 0 31 54 20 0 23 42 
0 0 98 42 89 78 87 0 50 21 0 59 0 76 0 85 16 15 0 0 23 23 0 0 51 27 3 
52 51 0 0 0 0 0 0 0 57 0 0 0 99 55 0 0 60 11 36 100 0 0 51 32 0 
0 0 95 0 0 72 89 0 0 55 0 69 87 15 0 12 89 0 26 0 0 0 53 35 0 
0 21 40 61 82 53 0 0 0 18 91 61 0 21 0 0 5 97 0 0 77 18 22 90 
0 0 0 0 91 0 18 4 45 95 20 93 0 0 91 12 53 67 90 0 1 0 0 
65 0 0 0 0 84 60 92 49 49 95 37 0 97 73 0 0 9 0 45 67 79 
0 0 18 0 37 0 96 0 72 24 0 25 0 61 0 43 0 0 0 79 0 
0 55 0 0 0 32 0 61 49 0 26 0 62 15 0 50 0 56 43 70 
28 6 0 0 83 33 37 7 40 0 65 93 0 0 27 0 0 0 68 
0 72 0 0 0 12 38 0 15 0 0 0 47 31 0 97 0 79 
0 0 0 0 15 58 30 0 86 0 0 16 8 59 0 0 99 
0 9 0 0 56 0 4 0 0 73 0 75 75 0 34 0 
95 14 0 0 41 0 55 70 0 0 47 53 49 58 0 
0 0 0 45 0 64 84 0 0 1 0 0 40 0 
0 32 19 0 0 0 0 0 0 0 0 85 0 
0 93 0 0 0 0 0 0 0 25 28 0 
0 34 35 0 0 19 0 0 0 0 0 
73 0 88 0 78 0 0 0 84 90 
36 14 0 70 73 0 66 0 6 
76 0 28 65 75 0 56 0 
0 0 0 0 0 0 0 
80 6 0 0 0 14 
0 66 79 90 6 
0 9 0 0 
69 0 16 
50 0 
77 

#i: 10
0 0 52 96 26 0 2 0 0 0 0 0 0 46 92 0 87 0 0 57 0 48 72 0 91 74 8 53 
0 0 51 36 0 0 80 81 0 55 0 69 99 27 0 31 0 28 0 96 0 0 82 5 78 0 0 
0 0 57 87 63 0 0 48 0 78 8 35 50 0 0 37 91 0 0 66 0 0 72 0 0 0 
0 81 98 24 0 92 0 2 56 0 0 84 0 0 52 0 47 24 9 0 0 3 61 97 0 
0 0 0 48 0 0 0 0 0 74 0 34 0 45 10 44 0 89 0 0 17 0 0 36 
0 46 0 35 75 0 0 0 0 81 0 60 27 0 0 26 39 0 0 0 0 0 87 
0 0 95 32 28 0 0 76 0 0 89 9 59 0 0 83 43 59 0 0 90 65 
33 0 0 24 38 1 39 24 0 0 0 98 97 56 21 0 39 76 0 45 0 
37 85 69 0 85 0 66 0 40 0 55 0 0 0 0 0 0 0 0 77 
0 26 64 28 0 0 0 0 42 0 72 0 0 70 0 0 93 4 92 
95 0 82 12 3 0 0 90 32 0 37 0 0 0 0 93 0 0 
12 0 32 0 23 54 0 81 0 0 38 0 84 8 0 0 0 
0 0 64 16 0 0 0 0 0 13 0 0 51 0 76 0 
0 16 0 0 0 63 95 79 92 14 94 0 11 0 28 
0 0 23 0 52 41 0 85 33 46 97 55 44 12 
0 58 0 0 0 0 0 0 0 0 72 0 56 
55 19 0 0 0 65 86 26 79 77 77 96 
0 36 92 29 0 37 10 69 71 0 45 
65 59 0 0 71 74 75 0 0 77 
39 0 54 75 9 0 84 3 0 
58 0 0 67 0 0 0 62 
0 0 0 43 0 0 0 
0 0 0 15 61 69 
57 0 35 3 52 
0 81 10 0 
78 27 57 
0 62 
45 

#i: 11
0 0 0 40 83 6 0 0 0 0 10 0 0 0 6 9 17 0 81 0 85 0 44 0 98 0 19 
20 9 0 0 0 0 42 0 94 0 0 95 0 99 27 0 6 20 0 0 14 70 0 100 36 89 
46 66 0 50 0 0 0 37 0 0 0 35 0 91 76 0 68 0 0 58 8 0 0 0 9 
87 6 0 0 32 51 7 0 0 48 0 68 23 77 22 0 0 0 0 74 0 45 0 0 
42 0 0 0 76 5 58 74 0 4 41 42 0 0 0 0 0 39 0 0 0 0 24 
33 0 69 0 0 74 91 0 24 0 9 0 25 0 94 0 0 71 0 36 0 0 
0 0 0 12 20 0 51 5 0 0 0 1 30 0 85 0 36 96 38 0 0 
10 0 0 50 0 0 0 0 4 24 3 43 0 82 0 0 12 0 28 85 
0 0 64 0 0 79 51 0 38 24 22 37 0 2 42 25 24 4 0 
0 62 22 0 25 0 68 79 84 0 0 0 0 8 0 0 0 7 
0 12 43 0 0 0 0 7 0 0 14 0 50 30 46 0 0 
40 90 78 18 5 100 0 0 52 2 0 0 0 40 75 91 
0 8 37 0 0 0 0 54 97 35 0 64 10 50 0 
0 80 0 0 23 0 13 8 0 0 0 92 0 66 
89 9 0 0 0 0 0 41 0 9 0 0 38 
80 0 49 0 0 0 0 13 0 41 18 15 
64 0 0 0 0 3 78 0 0 0 0 
47 74 22 47 47 83 0 67 8 0 
0 17 0 0 34 5 0 26 46 
62 29 0 0 14 51 0 99 
67 0 2 0 4 0 43 
87 0 0 0 15 84 
76 55 0 100 0 
0 0 49 1 
83 0 11 
64 0 
3 

#i: 12
46 0 56 0 86 53 0 0 4 0 22 0 61 0 0 0 10 0 55 41 0 51 0 0 97 64 
14 0 6 0 28 62 0 16 0 75 25 0 0 0 53 48 87 10 0 0 33 0 31 0 0 
54 76 57 0 0 0 56 0 55 47 86 44 0 0 64 0 27 72 0 27 0 9 0 0 
0 0 0 4 43 69 0 0 0 19 84 2 0 0 4 0 0 48 9 27 0 58 0 
0 62 94 64 87 23 36 65 0 0 77 0 0 4 0 0 0 43 0 0 0 0 
0 0 0 0 0 0 0 0 0 0 0 0 0 0 0 84 49 39 0 0 0 
0 0 92 12 0 0 74 81 0 33 0 84 77 68 73 53 0 37 35 0 
43 95 23 1 7 0 0 58 0 0 25 93 0 21 57 58 33 18 29 
14 82 26 0 0 1 16 92 0 0 66 57 0 56 98 43 25 0 
77 0 0 32 60 66 92 0 8 86 0 0 28 49 71 0 80 
0 83 37 99 0 34 0 0 0 67 0 30 0 71 0 0 
62 0 0 0 0 0 0 30 42 0 70 0 0 0 49 
0 77 54 82 0 45 0 0 39 96 17 0 3 31 
30 64 0 0 0 98 0 0 0 60 73 0 0 
0 77 77 0 78 0 0 47 0 0 89 59 
0 0 0 67 44 58 4 0 0 54 0 
0 0 48 40 0 16 4 77 38 28 
12 3 0 0 0 76 64 1 43 
0 0 77 19 12 0 0 0 
34 66 0 0 0 29 0 
63 15 0 75 34 17 
61 13 43 73 0 
38 0 0 0 
1 52 0 
13 19 
84 

#i: 13
0 0 0 87 0 0 0 0 0 99 55 0 0 21 0 0 0 0 28 0 37 0 10 69 0 
11 51 0 20 63 53 0 0 5 0 0 59 0 0 17 0 57 61 0 0 41 0 0 0 
0 35 55 0 0 16 26 25 10 18 0 0 0 0 60 0 0 0 0 0 0 0 0 
73 32 72 0 0 85 0 0 16 0 36 0 11 39 54 0 70 42 0 0 35 72 
0 0 57 70 82 0 0 0 0 0 84 0 76 0 53 0 2 0 0 32 0 
0 0 81 33 11 0 0 0 0 24 0 0 0 0 0 88 46 17 92 0 
7 0 10 56 0 50 34 0 0 97 0 81 0 12 0 0 0 0 49 
87 12 0 0 6 0 38 7 82 85 62 44 82 4 0 0 7 0 
0 65 97 0 24 100 0 95 0 14 0 4 46 23 15 61 22 
62 75 77 0 69 0 65 97 0 0 93 85 59 0 83 45 
49 45 40 0 14 0 59 8 0 56 0 73 0 0 0 
72 22 0 43 14 60 37 0 49 0 4 0 0 0 
0 86 0 0 9 50 0 0 0 32 21 86 0 
0 0 0 14 66 39 55 0 0 99 0 97 
0 0 0 0 0 0 0 75 0 62 0 
0 0 0 0 36 0 0 0 0 55 
0 0 0 8 0 37 0 0 90 
96 0 0 20 0 0 0 0 
33 74 0 0 0 4 0 
0 0 0 0 2 0 
64 57 0 83 7 
0 56 0 66 
0 33 35 
0 43 
0 

#i: 14
0 0 10 70 0 0 0 23 77 3 0 18 82 0 0 0 65 0 0 43 19 35 73 0 
95 0 0 68 69 0 44 86 89 0 71 0 16 44 49 0 0 0 65 0 0 0 0 
51 0 0 77 0 68 0 0 97 59 0 0 0 0 0 0 0 32 23 58 43 31 
66 82 42 0 25 0 33 0 0 10 0 0 0 33 0 55 0 47 92 72 0 
0 68 72 88 0 21 39 0 78 0 60 0 0 93 13 98 48 12 60 0 
0 95 0 72 0 0 0 0 77 0 0 98 0 0 0 0 11 0 0 
0 0 0 10 0 7 0 42 0 62 0 0 0 0 0 0 0 91 
66 0 0 10 0 4 24 6 0 39 0 92 84 0 0 36 0 
0 31 0 0 20 86 70 0 0 30 26 0 0 90 88 0 
73 0 60 67 0 0 0 84 38 0 25 62 0 43 83 
56 0 25 0 0 0 22 0 39 0 0 65 0 0 
0 0 60 0 47 32 30 7 83 0 0 87 100 
0 68 0 0 24 0 97 0 14 0 63 0 
0 0 0 48 0 19 0 0 9 95 58 
79 0 0 55 19 0 53 59 14 0 
23 0 0 0 65 33 0 0 0 
30 0 0 87 85 0 19 0 
12 72 80 12 0 86 76 
51 35 98 79 55 37 
56 92 0 0 49 
3 48 0 0 
0 0 76 
43 0 
0 

#i: 15
19 100 100 0 66 19 62 0 0 0 91 25 0 0 0 84 0 77 60 92 0 0 0 
0 63 0 79 0 77 0 76 0 67 0 0 98 0 0 0 0 67 0 0 10 32 
0 0 56 68 0 0 0 45 82 15 0 44 55 20 9 63 51 0 0 0 0 
0 0 40 15 33 41 89 0 0 79 0 0 62 32 24 89 43 96 0 74 
0 46 33 0 0 0 0 0 0 47 62 84 17 57 97 0 0 0 31 
0 0 0 0 99 37 0 71 5 0 87 31 81 14 0 0 77 25 
0 0 18 50 0 29 1 16 54 58 0 54 46 98 14 0 0 
44 33 0 0 92 29 0 0 31 84 15 0 0 0 0 40 
0 82 0 9 27 5 0 34 36 0 8 10 85 0 0 
0 0 2 89 0 0 0 0 21 0 9 93 73 0 
0 0 27 0 15 26 0 0 0 0 0 0 0 
0 70 0 58 0 9 85 0 0 0 51 36 
19 0 0 44 54 0 65 0 0 0 0 
0 81 3 32 12 94 0 1 0 0 
1 0 0 11 19 0 64 0 0 
0 57 0 0 4 0 0 79 
0 0 0 9 0 23 6 
23 0 0 78 89 69 
87 0 19 68 58 
0 36 0 30 
0 17 46 
0 96 
70 

#i: 16
86 0 95 0 0 51 99 0 8 0 16 0 43 1 57 0 0 0 72 55 2 31 
1 0 40 0 43 66 0 91 80 0 0 0 96 77 68 0 52 30 13 0 7 
22 0 90 0 0 0 44 0 32 0 0 0 32 58 0 0 0 0 0 0 
93 0 0 0 86 0 33 98 14 0 0 15 8 45 100 0 0 11 0 
28 0 6 0 56 29 25 51 26 0 0 0 78 13 5 0 0 0 
0 0 0 0 0 60 77 74 63 91 6 0 61 0 78 89 20 
0 42 10 0 23 0 99 78 0 63 91 0 1 28 32 77 
0 0 47 67 57 62 0 0 21 81 0 0 0 29 48 
0 79 19 95 0 0 45 20 46 25 18 0 0 0 
0 0 74 7 0 0 0 13 0 72 0 7 99 
76 83 0 0 82 49 78 0 0 0 63 0 
0 0 0 0 0 0 29 20 35 0 77 
0 97 86 97 0 9 51 0 0 0 
98 19 0 0 23 0 0 0 0 
0 90 0 53 9 0 0 99 
0 47 67 72 0 12 78 
49 64 0 86 63 0 
39 0 0 9 45 
74 0 42 32 
68 0 0 
0 0 
10 

#i: 17
0 73 91 0 63 0 42 26 78 0 4 0 78 0 0 4 4 70 0 31 0 
9 0 38 98 34 55 20 0 0 90 0 0 58 75 0 18 48 0 0 54 
0 0 0 0 64 14 0 0 0 0 47 0 36 41 49 0 44 0 86 
0 9 0 42 20 0 7 0 86 87 96 0 21 0 7 0 68 0 
0 86 0 32 0 18 0 69 23 0 24 0 0 0 21 43 43 
0 0 0 85 0 0 47 14 66 36 0 0 73 51 57 9 
38 0 28 66 0 0 78 100 82 0 82 26 0 0 0 
10 0 0 99 28 0 15 0 7 0 14 0 15 47 
0 3 0 93 0 33 85 0 0 66 0 9 0 
0 0 63 41 0 83 0 0 39 54 98 28 
0 0 0 0 0 81 0 0 62 0 0 
0 0 24 0 0 0 0 33 0 100 
64 63 0 25 64 0 82 0 0 
81 0 0 68 0 58 38 95 
0 72 67 57 60 0 20 
97 95 0 47 0 74 
0 76 25 0 0 
57 0 4 0 
6 98 0 
68 39 
81 

#i: 18
59 0 30 0 0 10 0 43 0 0 46 0 95 0 18 99 0 48 75 53 
0 60 2 28 0 0 3 0 0 23 0 0 17 0 27 86 53 0 0 
43 61 56 0 17 0 21 59 24 16 0 0 0 0 0 17 62 27 
80 44 0 7 24 1 86 48 0 90 83 21 96 0 0 99 69 
0 0 56 70 33 97 0 0 0 0 89 76 2 0 0 0 
0 0 52 0 0 21 0 0 0 12 43 0 1 0 21 
0 0 0 0 52 0 0 0 61 0 72 0 2 38 
0 19 27 44 0 97 86 89 93 42 63 53 0 
21 0 52 61 61 0 0 73 0 0 31 51 
36 39 87 90 77 13 0 0 12 4 60 
11 0 0 16 20 0 0 66 0 0 
19 61 65 0 0 56 47 0 73 
34 9 79 79 35 76 57 0 
0 0 0 0 36 0 96 
93 0 0 0 38 0 
0 84 0 33 0 
0 50 43 0 
9 0 0 
36 74 
0 

#i: 19
0 0 0 96 0 0 35 0 46 73 37 57 0 0 44 12 0 41 39 
1 4 0 46 8 0 0 0 0 0 0 37 0 37 36 94 48 31 
0 47 98 22 0 0 64 96 41 0 0 81 60 78 32 41 0 
0 0 1 0 30 7 79 82 67 0 56 94 0 6 45 0 
77 0 0 0 89 0 79 0 0 33 50 99 0 13 0 
49 92 63 0 0 45 26 8 11 19 0 0 60 0 
0 0 92 46 52 0 49 0 0 23 0 0 13 
0 98 10 0 56 0 47 0 0 38 63 17 
27 0 90 0 91 0 0 85 0 0 19 
49 28 54 0 0 66 61 0 0 0 
69 0 0 0 57 0 0 0 0 
72 38 17 0 43 0 0 0 
0 0 0 0 0 50 100 
0 0 48 0 0 100 
35 0 56 59 0 
0 1 0 61 
0 32 22 
0 0 
64 

#i: 20
0 0 18 91 62 0 0 0 0 63 82 10 32 0 0 14 0 4 
68 57 96 0 0 87 72 52 0 0 0 54 0 80 0 0 79 
0 0 58 42 0 0 87 34 18 90 31 66 31 0 0 0 
0 0 15 0 0 71 0 0 83 60 16 75 0 0 83 
92 13 6 57 0 0 0 0 24 0 69 0 89 90 
93 66 80 0 93 97 0 65 0 0 0 72 16 
18 0 6 0 25 70 27 71 16 0 0 0 
0 14 63 0 20 0 61 0 20 0 72 
0 0 98 0 32 0 0 0 25 0 
73 0 0 78 0 78 56 0 0 
0 0 29 27 0 84 0 0 
0 58 21 0 25 0 56 
66 0 35 0 0 0 
0 0 53 37 98 
74 0 32 0 
47 23 77 
51 100 
0 

#i: 21
55 81 13 0 90 15 14 42 42 0 0 0 0 50 81 0 0 
24 23 0 0 0 18 0 87 0 76 0 84 4 0 69 34 
0 0 4 0 94 0 0 0 0 0 0 0 0 0 99 
60 12 32 0 0 34 0 23 68 0 30 0 0 0 
64 1 22 84 51 0 10 0 0 91 8 0 0 
0 14 7 99 0 0 0 0 0 41 46 0 
51 11 0 84 0 39 0 0 0 0 0 
17 0 0 0 27 0 55 0 42 59 
0 0 99 0 1 57 0 77 0 
65 59 0 0 45 53 83 0 
0 97 17 0 0 0 0 
15 15 0 0 53 0 
0 0 68 31 0 
0 0 58 0 
0 0 38 
88 15 
0 

#i: 22
0 0 0 43 78 0 59 45 24 0 0 0 20 98 0 80 
81 0 0 76 0 0 0 0 0 0 25 0 86 14 0 
0 47 0 0 70 37 50 0 0 0 18 37 0 0 
5 0 0 0 93 74 96 9 13 27 0 12 90 
0 0 34 95 0 29 65 0 94 0 57 86 
0 0 100 0 36 0 62 0 51 0 27 
71 0 0 0 0 95 92 95 0 2 
0 59 10 4 0 45 25 70 15 
63 93 0 15 0 5 14 62 
3 0 46 0 93 16 0 
0 28 9 62 74 99 
0 33 0 10 0 
0 86 42 0 
89 0 0 
9 0 
0 

#i: 23
53 0 69 64 25 0 44 0 72 31 12 61 19 95 19 
35 78 7 0 0 55 25 97 0 0 100 0 19 4 
0 0 0 0 53 31 0 0 0 55 21 0 0 
15 0 31 0 0 12 0 21 0 79 0 30 
92 0 0 25 92 0 42 0 9 34 18 
0 49 26 0 0 60 64 0 0 33 
50 67 12 0 0 0 0 0 0 
0 18 0 41 23 68 0 0 
0 0 52 0 0 0 19 
0 0 15 0 0 0 
72 0 100 33 55 
0 0 0 0 
44 98 0 
0 0 
73 

#i: 24
0 0 0 0 63 31 3 92 64 0 0 50 0 62 
0 18 56 28 23 0 0 0 68 38 0 43 13 
31 89 0 0 26 69 0 0 0 0 0 90 
44 0 42 0 2 0 0 0 0 0 66 
0 0 0 0 50 0 0 40 0 89 
0 54 59 0 61 23 49 0 66 
35 0 0 0 72 18 0 36 
0 0 59 34 0 0 0 
0 0 0 54 0 0 
0 0 52 27 30 
0 0 7 60 
0 38 0 
0 0 
0 

#i: 25
0 71 50 0 17 35 0 0 0 44 22 0 39 
85 0 73 55 21 21 0 23 0 24 84 0 
20 80 57 51 0 0 66 0 49 11 21 
96 37 26 0 44 0 6 50 0 2 
0 77 0 0 0 0 0 43 0 
75 0 0 0 4 0 86 0 
81 33 55 0 84 0 79 
28 82 0 44 8 70 
0 62 8 29 0 
0 0 92 0 
25 0 42 
46 0 
11 

#i: 26
0 0 0 95 0 23 0 0 0 49 64 0 
0 11 31 94 0 15 19 26 0 0 0 
88 0 92 71 0 0 0 0 71 0 
44 0 0 92 0 3 0 0 20 
39 0 67 22 0 98 0 0 
0 0 75 0 0 0 5 
0 44 55 0 18 0 
59 19 75 72 0 
97 0 72 0 
0 79 79 
8 0 
0 

#i: 27
0 29 55 0 91 0 0 0 0 0 6 
15 0 0 0 83 9 29 27 72 0 
0 0 17 0 0 0 18 0 40 
0 67 99 0 49 39 0 34 
32 13 0 0 0 41 0 
0 97 87 5 39 0 
0 0 69 96 0 
0 98 79 37 
83 0 0 
0 96 
0 

#i: 28
6 0 0 35 61 0 0 40 98 50 
0 0 80 71 0 2 31 4 54 
50 4 8 40 47 0 0 0 
0 0 15 0 96 79 83 
0 13 84 0 0 0 
27 0 0 0 0 
0 0 0 0 
0 0 0 
0 87 
0 

#i: 29
86 0 60 100 84 0 39 0 94 
12 0 0 64 0 42 57 9 
0 27 0 95 34 41 0 
57 0 0 0 0 0 
0 4 91 0 0 
1 0 0 51 
98 0 0 
64 0 
69 

#i: 30
0 60 0 0 61 0 94 0 
0 34 91 36 0 89 1 
0 0 27 32 9 0 
0 0 0 8 0 
100 28 0 61 
8 30 0 
70 0 
0 

#i: 31
50 0 13 0 66 0 0 
1 0 93 0 72 60 
88 72 0 0 0 
0 0 0 0 
54 0 66 
0 15 
0 

#i: 32
92 9 68 95 5 0 
2 98 54 15 59 
74 0 0 65 
0 0 5 
61 96 
71 

#i: 33
0 84 47 0 13 
0 0 0 0 
96 0 0 
80 0 
0 

#i: 34
37 20 91 100 
8 0 76 
0 0 
83 

#i: 35
0 85 0 
88 8 
0 

#i: 36
0 0 
0 

#i: 37
0 

#i: 38

#i: 39

ckp-40-0.5.txt