#number of items n
50

#knapsack capacity b
1104

#constraint coefficients a
48 21 44 16 38 9 37 17 18 18 23 5 2 42 39 28 35 5 16 12 13 10 47 28 27 48 13 17 22 29 14 34 28 24 39 9 11 6 8 43 11 47 18 15 24 27 11 5 17 6 

#linear coefficients c
45 0 0 64 84 0 30 32 0 0 90 34 74 0 55 0 0 0 2 36 17 0 0 98 31 0 0 0 0 89 0 0 34 81 0 0 89 61 42 0 100 59 24 83 0 53 0 22 0 0 

#quadratic coefficients C: i < j
36 90 0 60 25 0 0 99 69 0 40 0 0 0 91 73 0 34 0 0 0 0 0 0 54 94 41 0 62 25 77 0 0 27 56 7 0 0 0 70 0 8 95 5 0 0 96 0 0 
0 56 32 68 0 71 66 0 0 81 0 0 81 70 31 67 0 43 0 0 56 0 67 0 0 0 46 91 0 0 94 89 54 0 0 0 0 2 46 7 84 0 0 0 77 0 0 35 
0 0 0 21 59 0 10 97 73 0 0 0 0 24 79 0 0 36 0 0 0 35 0 19 28 0 0 65 4 44 74 0 0 0 87 69 0 77 74 0 0 0 92 0 0 0 0 
0 71 0 0 0 31 18 23 39 86 48 27 0 74 0 0 0 76 0 59 0 0 61 1 12 0 54 0 0 52 0 71 35 0 0 53 96 7 0 0 47 52 79 0 43 0 
0 94 0 7 41 90 29 0 49 0 0 0 96 0 89 0 62 20 0 1 0 0 0 0 0 40 65 83 0 19 46 0 66 95 57 0 73 0 0 0 56 0 45 0 0 
0 0 0 0 55 25 0 0 0 38 85 0 0 0 0 0 0 81 0 32 35 47 0 0 0 0 100 0 0 87 0 29 31 0 0 0 0 0 26 44 0 42 42 0 
0 28 0 0 0 73 7 30 0 30 20 78 0 34 0 0 3 97 13 0 0 0 0 0 0 0 92 41 0 0 17 18 76 18 0 0 67 61 53 19 0 0 0 
0 0 22 0 50 57 0 80 0 0 27 26 0 0 0 58 44 35 2 0 6 63 33 100 61 69 32 56 14 83 0 8 0 17 0 0 41 0 82 82 0 0 
0 32 70 0 71 0 0 0 58 0 63 0 39 52 0 13 0 0 68 0 48 10 73 0 0 76 38 43 0 12 52 4 0 12 83 0 0 59 0 0 0 
11 20 0 0 48 46 97 34 0 0 30 0 60 0 0 58 43 0 0 24 31 89 0 0 0 0 29 0 77 94 0 0 0 0 39 0 0 40 0 57 
14 0 0 16 0 0 82 0 0 0 0 34 37 0 94 0 0 53 0 0 43 17 94 0 0 0 77 0 74 71 0 31 0 0 12 12 0 0 0 
57 95 66 39 0 34 0 65 0 64 0 54 0 83 87 0 25 88 66 75 72 0 0 0 67 0 0 0 0 0 50 10 0 0 0 0 46 60 
1 0 83 33 88 0 15 26 78 51 68 13 63 0 2 0 8 0 49 34 0 52 34 5 11 63 0 57 0 47 99 0 76 0 27 0 0 
97 44 4 0 0 7 0 0 75 91 0 0 0 0 0 0 28 0 0 0 13 0 0 0 0 62 0 0 0 25 65 52 0 17 0 38 
26 0 52 0 20 85 0 56 0 30 75 0 0 45 50 50 63 0 0 0 10 58 84 38 0 0 82 72 53 0 0 77 55 0 0 
0 93 57 36 0 0 49 0 71 50 0 0 84 0 24 0 0 0 0 79 0 0 0 16 0 33 0 0 0 0 73 95 0 0 
66 0 86 0 32 100 0 0 54 4 99 0 27 72 0 91 0 0 62 0 36 51 41 91 0 0 72 60 74 74 0 66 7 
0 0 53 24 33 6 0 25 41 93 0 37 0 47 0 40 82 0 0 0 0 0 48 57 0 25 6 0 65 96 19 67 
0 0 46 0 0 61 8 0 0 0 78 0 33 0 98 82 0 63 0 71 0 0 6 25 0 9 48 50 0 69 74 
55 57 46 0 40 20 13 98 94 0 0 58 0 0 0 93 4 0 73 0 0 0 87 0 65 97 0 58 0 24 
0 35 0 0 0 45 0 29 41 17 77 0 0 22 35 0 0 27 89 0 52 0 0 0 86 69 4 0 90 
13 43 0 0 25 55 94 0 69 0 0 0 0 58 0 99 0 0 0 0 29 20 95 0 85 6 0 72 
0 0 0 59 68 68 51 30 0 0 0 0 0 0 0 13 0 71 0 0 0 0 70 84 70 0 0 
0 83 37 0 66 82 6 80 0 7 0 88 50 42 23 0 0 0 47 5 13 47 0 0 75 60 
28 0 0 61 0 44 35 0 92 70 73 0 0 0 0 0 36 8 0 0 83 0 30 0 17 
0 44 15 46 0 90 0 81 91 0 0 79 4 10 69 0 69 0 0 16 83 0 11 0 
95 13 0 30 26 84 0 0 0 0 62 24 21 64 0 57 45 0 0 0 0 0 56 
42 84 90 0 84 88 0 31 35 81 98 19 1 61 0 0 0 39 49 0 0 0 
40 0 60 58 0 17 0 0 23 46 0 0 85 0 0 0 92 100 0 82 0 
70 0 21 31 0 86 15 0 0 0 0 0 0 0 5 75 0 0 0 0 
0 0 0 64 0 83 74 0 0 0 0 0 39 75 15 100 0 0 41 
19 53 42 48 65 0 0 0 71 98 72 0 0 33 0 61 36 0 
11 95 0 46 0 85 1 52 76 0 49 60 16 0 10 48 16 
32 5 0 19 0 80 0 64 78 54 22 31 0 0 0 0 
55 0 0 0 0 0 0 0 0 39 0 47 0 4 28 
56 0 0 0 97 4 95 0 0 0 0 63 0 36 
26 98 98 0 9 88 99 0 14 82 0 39 0 
0 49 0 83 38 0 0 0 34 93 0 76 
14 73 88 0 62 6 0 0 0 0 0 
0 0 18 82 0 39 0 80 0 6 
0 15 0 0 26 47 0 0 12 
0 0 15 82 0 86 5 0 
65 0 60 0 0 26 0 
0 0 32 27 0 55 
50 0 24 77 0 
68 17 0 18 
0 21 69 
15 61 
65 

#cubic coefficients D: i < j < k
#i: 0
0 43 28 0 0 77 0 86 13 96 45 100 3 23 0 0 93 23 0 0 74 0 0 5 28 58 84 0 8 33 7 2 95 0 0 0 0 0 0 0 44 0 65 92 8 0 86 64 
0 22 27 0 0 65 0 0 0 92 0 88 54 91 0 58 0 0 0 72 0 21 95 42 0 0 17 0 77 0 36 0 0 0 0 65 0 97 0 6 0 0 0 69 0 0 0 
0 18 0 76 3 23 0 0 25 83 0 0 0 0 99 50 0 0 0 65 0 54 0 11 21 73 0 0 62 22 27 0 0 0 66 75 0 61 0 0 97 0 0 0 0 81 
0 58 0 0 0 0 0 0 0 47 0 0 0 0 59 0 0 15 50 33 0 0 44 17 14 0 72 5 8 21 0 0 0 0 0 1 0 0 0 0 0 12 0 87 0 
0 0 0 47 23 0 0 51 0 0 2 0 0 0 83 33 26 87 0 7 0 11 0 86 16 0 8 41 10 0 93 0 29 0 0 0 41 78 2 2 22 0 96 49 
71 28 41 22 90 9 0 0 23 0 32 19 18 67 82 0 0 36 0 9 0 0 0 91 53 0 40 0 27 0 95 7 24 97 0 0 0 2 50 55 60 19 8 
0 0 62 0 42 0 35 85 0 0 46 16 0 13 98 0 76 0 0 15 6 94 30 54 26 100 74 0 42 0 0 21 0 69 0 97 0 84 0 35 37 54 
54 0 0 0 2 0 0 31 0 0 0 0 92 85 14 0 0 1 52 0 14 42 0 88 0 0 5 78 0 97 4 0 56 0 0 0 0 0 53 0 70 
86 0 0 48 62 68 0 50 50 85 0 86 0 0 0 0 0 0 0 0 0 0 30 0 28 0 0 0 51 66 0 67 79 27 55 0 0 0 0 0 
0 0 76 50 0 30 0 9 95 0 67 55 12 0 20 28 41 0 5 0 58 85 1 40 0 0 94 13 62 0 8 74 94 0 34 0 0 0 68 
0 79 0 0 58 40 0 24 62 14 0 100 0 0 43 32 0 0 0 94 0 0 0 30 12 63 0 21 0 0 80 43 0 0 34 61 0 77 
90 0 0 0 7 33 0 58 2 5 37 42 34 27 16 75 0 0 22 42 0 0 76 3 33 0 1 0 0 0 0 41 0 0 15 0 94 
0 0 0 17 0 46 0 68 62 47 0 0 0 23 0 90 0 0 87 75 0 15 0 27 27 55 20 91 0 83 0 0 10 42 0 0 
42 0 56 0 0 0 78 57 0 44 63 12 48 86 0 0 70 36 66 0 60 43 17 0 0 59 0 0 0 0 9 59 61 18 0 
0 0 0 30 5 0 0 0 0 0 0 58 95 0 24 0 74 0 0 21 16 0 51 69 53 0 26 97 2 0 45 0 0 55 
0 0 35 0 0 69 0 29 38 0 14 40 0 24 0 0 37 67 0 57 49 0 37 51 0 0 0 0 88 83 72 61 0 
0 0 49 0 0 0 0 0 0 0 0 96 0 47 0 88 0 13 72 0 0 12 83 8 0 0 0 0 85 0 32 14 
0 0 0 66 0 0 13 0 0 0 0 68 0 0 0 41 0 89 0 0 0 59 1 0 0 14 27 70 0 0 86 
35 95 73 52 0 62 0 99 0 0 0 0 41 0 51 8 12 55 0 83 78 87 0 0 0 0 88 83 52 53 
28 0 72 0 29 0 0 95 81 0 0 55 35 42 41 26 0 100 0 51 0 0 0 0 0 61 57 3 3 
0 54 34 0 0 97 0 3 0 0 0 0 0 0 45 18 0 0 0 3 0 7 0 90 75 6 0 91 
52 0 0 74 100 0 0 49 13 0 0 98 0 68 0 86 0 73 12 0 64 0 1 93 0 21 0 
99 16 5 0 31 22 0 0 0 0 0 40 0 3 0 78 0 61 49 37 29 80 43 0 33 47 
83 0 0 87 0 0 72 82 19 95 43 0 0 0 22 68 67 11 35 56 0 59 0 56 70 
91 5 46 15 0 0 46 88 0 18 0 0 0 0 78 88 0 3 66 0 75 23 0 59 
0 39 86 73 0 0 18 0 42 16 40 28 0 47 37 0 0 0 0 0 0 75 61 
57 57 81 0 0 50 0 93 74 0 2 1 62 96 49 0 0 0 8 68 0 0 
85 0 0 61 91 73 0 0 35 0 0 0 50 94 74 68 0 45 84 54 23 
0 0 0 44 98 0 43 61 0 0 54 80 0 0 0 24 0 0 0 0 
87 0 0 0 0 77 0 0 95 84 0 0 40 25 0 0 57 0 0 
0 1 0 93 0 5 0 16 0 16 33 0 16 0 82 0 46 28 
78 9 14 100 0 53 98 0 0 55 0 60 0 54 0 0 0 
0 9 0 19 61 6 60 67 48 0 55 60 64 93 0 44 
0 94 76 77 0 36 0 0 79 19 96 0 34 47 0 
83 61 0 0 46 25 0 19 0 0 0 0 74 0 
0 0 99 0 0 0 47 42 29 29 0 47 83 
25 0 0 0 33 56 43 0 0 0 0 53 
71 34 0 79 55 81 0 0 0 0 69 
0 35 0 99 0 91 0 0 0 0 
9 0 96 80 100 0 0 0 0 
0 94 0 62 0 80 0 0 
78 0 0 19 75 0 93 
53 60 0 19 34 0 
6 67 0 0 0 
41 98 99 0 
39 0 14 
0 7 
0 

#i: 1
0 0 97 0 89 78 85 49 34 0 64 0 0 98 0 0 0 26 23 79 0 74 0 5 74 0 0 19 0 29 8 2 0 37 0 0 80 0 0 13 0 28 37 53 0 56 67 
0 66 12 7 9 75 92 0 3 0 81 38 0 0 0 0 0 70 0 28 99 34 4 67 0 50 77 0 5 62 0 0 0 0 96 51 35 0 48 0 0 7 0 31 0 7 
34 0 0 0 60 0 0 40 0 0 0 82 14 88 24 0 27 29 0 40 11 9 0 78 76 0 60 37 82 0 72 64 0 4 0 0 0 0 0 0 0 56 64 0 57 
0 65 0 6 42 0 0 0 76 0 61 84 0 0 0 46 34 83 0 0 60 0 0 0 0 0 0 87 0 0 0 0 0 0 66 0 0 0 74 0 0 77 64 0 
34 0 0 99 0 100 73 0 46 13 48 78 0 48 12 80 0 19 0 0 40 94 25 59 0 0 57 0 98 0 84 64 3 54 0 97 0 0 34 13 0 0 0 
44 51 0 88 0 30 55 21 0 2 88 97 86 30 47 7 0 0 0 0 0 0 31 19 0 0 0 0 61 0 0 45 0 0 0 65 69 0 0 42 44 55 
0 0 0 73 64 38 90 41 0 0 27 12 0 0 0 0 33 0 0 0 10 0 0 46 0 84 59 0 43 0 0 0 0 19 0 30 73 0 83 59 13 
0 0 69 0 93 71 34 0 0 0 30 14 0 0 0 0 0 63 68 82 3 0 0 0 90 82 51 94 0 67 10 0 0 60 0 66 98 0 0 0 
0 0 0 71 0 0 0 0 98 0 0 0 42 50 0 16 54 0 0 51 0 1 1 0 0 100 0 67 0 0 66 0 0 2 0 0 0 0 0 
69 83 0 0 85 0 0 36 50 0 27 32 0 0 0 16 0 0 0 34 0 40 0 0 0 0 0 98 12 0 0 0 0 6 77 75 0 0 
60 56 0 0 20 86 0 73 0 99 0 45 25 0 0 86 0 0 73 0 0 86 0 0 0 0 99 37 39 22 0 0 91 87 0 33 96 
93 26 0 0 0 0 0 0 51 82 84 0 29 0 0 81 35 51 0 7 0 0 0 0 0 0 42 0 0 0 0 0 0 0 0 0 
0 92 59 90 0 0 82 28 0 0 16 60 27 0 0 29 0 0 0 0 9 0 100 36 0 0 86 92 37 86 54 0 99 98 99 
0 0 0 0 71 0 22 0 0 0 0 30 0 42 19 0 0 0 0 88 99 65 84 0 8 0 0 80 38 77 0 13 0 0 
47 9 0 0 0 0 0 0 0 50 0 28 0 0 40 98 27 0 32 0 76 0 40 44 0 37 0 2 0 0 1 0 0 
86 60 83 71 0 22 0 0 0 0 9 48 0 0 0 65 0 0 2 39 99 0 0 63 56 0 0 0 91 32 69 0 
0 0 2 0 43 0 59 18 0 0 0 0 0 30 0 0 0 0 9 0 54 64 0 0 0 57 73 0 81 0 0 
0 0 0 94 71 0 0 48 0 97 95 0 0 0 46 0 0 0 9 0 0 15 38 0 90 68 0 0 0 86 
57 0 0 0 44 0 83 56 80 87 13 0 97 32 2 0 30 0 0 63 4 0 10 37 10 0 14 0 0 
0 67 12 0 27 0 0 36 40 98 48 0 64 41 4 0 0 0 45 65 53 29 27 20 0 0 51 86 
41 0 93 0 19 74 78 73 55 97 8 65 0 0 0 0 0 8 50 71 0 48 35 0 52 0 0 
0 0 86 0 51 0 89 14 0 6 17 100 0 0 98 70 0 0 0 0 0 56 39 83 31 12 
43 69 0 0 90 57 59 62 44 0 0 0 62 0 0 53 28 37 0 0 0 67 0 0 0 
0 5 0 55 0 0 17 0 65 0 0 0 0 90 50 99 32 95 0 20 97 0 62 0 
0 0 34 0 0 86 56 0 0 59 49 0 0 50 0 90 16 0 78 32 0 72 0 
18 58 94 0 0 0 31 0 0 0 98 92 86 0 0 5 58 0 86 0 14 6 
54 0 63 0 73 83 20 0 76 0 95 0 40 0 49 0 0 29 26 17 84 
0 57 0 0 0 96 0 0 0 9 0 0 0 0 16 31 55 89 79 82 
93 54 14 38 2 96 0 0 18 0 0 13 15 0 92 0 0 0 26 
77 0 0 78 0 59 0 0 67 0 74 31 9 49 0 0 0 41 
44 69 87 9 20 14 1 0 0 27 0 6 57 0 0 70 0 
95 27 0 18 0 0 0 0 70 57 88 86 90 4 0 0 
0 8 85 1 0 85 0 31 60 0 0 20 0 75 1 
15 0 98 12 0 26 0 0 96 49 0 72 0 0 
11 12 0 0 0 60 67 40 0 83 0 0 32 
0 0 0 0 0 0 36 0 0 94 58 0 
61 0 0 0 95 0 24 0 84 15 0 
0 92 98 0 15 0 34 0 39 0 
79 0 0 0 99 6 0 14 0 
80 23 3 0 0 0 0 27 
0 0 0 0 11 69 0 
79 0 0 38 22 0 
34 29 0 0 0 
71 0 40 10 
66 47 0 
0 84 
93 

#i: 2
85 0 13 0 96 87 0 0 16 0 6 0 0 32 0 43 12 0 24 0 0 35 98 81 38 0 91 0 0 0 0 0 0 0 54 47 0 0 22 0 0 92 0 46 47 0 
0 0 16 58 0 0 0 0 0 0 0 0 28 0 0 0 0 32 0 97 33 43 0 33 33 0 0 37 61 0 100 0 76 27 8 60 59 73 29 0 0 0 8 63 0 
76 0 17 0 0 7 0 0 0 0 0 0 52 55 42 53 6 0 54 0 0 21 7 16 0 0 41 0 43 66 66 5 98 26 0 76 0 0 0 0 0 0 52 7 
0 0 0 55 0 94 0 66 0 0 68 48 87 33 23 47 0 33 44 71 11 96 17 0 53 51 0 0 95 34 0 0 8 0 0 0 12 89 0 0 61 76 0 
35 67 91 93 0 83 43 0 0 94 0 91 0 64 41 0 12 27 0 0 8 0 82 89 16 41 0 0 76 83 51 14 93 0 0 18 56 10 11 0 0 0 
73 25 12 0 0 0 0 0 0 0 97 43 65 0 26 78 55 0 0 81 0 15 36 0 37 30 62 0 0 7 0 0 16 0 46 79 9 0 93 42 54 
32 0 39 34 0 47 39 0 0 0 0 0 32 0 52 36 0 58 90 0 0 68 98 99 49 0 0 16 88 65 0 21 0 9 14 55 0 75 98 58 
22 0 28 94 13 0 0 69 8 0 91 0 16 35 22 3 0 0 59 19 33 0 0 52 69 0 0 79 95 43 0 43 0 0 95 58 59 92 0 
71 0 0 0 92 0 0 55 0 82 0 77 50 47 42 55 0 70 87 76 0 0 0 0 26 7 49 25 27 0 0 86 0 0 29 0 33 20 
65 0 90 0 0 0 44 0 99 19 5 0 74 0 0 12 0 0 70 0 0 0 0 25 0 1 0 0 70 0 46 0 0 0 69 0 19 
0 89 0 0 12 70 0 0 0 0 0 48 0 0 0 0 98 91 62 50 0 0 66 18 14 0 0 0 0 0 19 31 78 13 0 44 
78 30 0 0 0 0 0 0 31 34 60 0 0 6 69 32 37 65 54 86 0 0 31 0 21 0 0 79 0 99 0 0 0 64 0 
64 0 0 19 0 0 0 76 0 16 94 0 0 0 0 0 0 19 62 0 20 93 56 0 32 0 19 36 0 0 6 80 45 20 
0 0 0 100 0 15 94 17 0 57 0 0 80 0 89 0 0 85 0 0 83 0 0 0 79 32 70 0 0 0 0 26 30 
0 0 0 0 14 54 45 0 39 0 50 0 0 0 85 0 0 0 89 30 0 38 0 64 0 0 0 0 67 55 0 0 
45 0 86 78 0 0 93 75 0 99 68 62 31 18 0 0 53 0 86 0 0 62 0 0 0 50 70 89 0 98 32 
0 0 82 53 92 19 0 0 0 59 0 88 44 0 0 5 0 32 17 0 0 87 0 57 0 0 43 0 0 0 
74 32 0 0 24 0 0 16 0 0 28 76 46 0 0 56 0 51 74 80 5 77 0 47 0 95 0 62 67 
21 9 27 0 5 0 73 96 0 23 9 0 0 51 0 0 55 0 83 0 0 0 0 0 82 2 0 5 
21 13 66 19 0 0 17 0 61 59 0 16 48 77 55 0 23 68 0 96 39 0 0 0 13 9 55 
0 0 0 0 54 37 0 66 10 0 19 0 51 0 0 88 6 13 0 0 37 0 53 65 0 0 
51 0 99 32 0 97 16 92 0 75 94 96 0 0 81 73 0 65 0 3 0 12 0 0 0 
27 0 0 0 37 0 0 17 0 0 50 37 0 45 0 18 6 0 0 0 0 93 90 0 
28 0 30 26 0 93 22 97 91 0 67 0 10 27 96 12 33 0 0 0 0 34 0 
8 22 0 10 0 0 0 0 50 0 18 76 0 0 0 72 4 0 29 0 78 0 
0 0 45 0 8 72 0 58 0 76 23 55 16 0 0 35 53 17 16 70 88 
63 79 0 0 0 0 38 66 56 3 0 0 33 85 84 54 0 70 35 89 
0 41 0 17 0 67 42 20 46 54 0 1 48 0 35 0 19 0 0 
89 0 41 78 0 0 0 0 9 0 83 0 0 70 42 0 31 23 
0 0 65 2 0 0 3 0 86 14 71 6 95 0 0 4 9 
0 82 21 36 0 0 29 4 0 68 0 0 72 49 0 69 
48 79 0 0 22 59 21 81 20 8 50 33 0 62 37 
8 28 0 0 0 0 31 0 0 59 0 79 83 53 
0 87 0 29 12 75 0 34 0 0 0 0 55 
0 79 0 0 0 2 0 0 0 75 0 83 
0 0 0 0 36 23 14 89 81 0 0 
100 0 0 0 0 0 3 72 40 0 
19 69 0 36 34 0 88 0 88 
93 59 0 0 72 0 0 0 
0 0 66 42 0 0 59 
0 0 78 0 0 78 
0 12 90 32 0 
69 0 0 0 
0 93 0 
49 0 
34 

#i: 3
0 0 44 57 42 0 0 0 0 94 0 0 47 0 0 78 35 86 23 47 0 74 0 0 2 0 79 0 0 0 70 50 39 65 0 0 0 0 57 3 83 0 77 31 0 
0 0 58 25 52 55 0 0 29 5 99 51 0 23 32 20 11 5 7 93 0 0 40 50 0 0 16 0 0 0 90 22 0 0 98 61 34 66 0 0 0 0 87 50 
0 0 0 0 68 13 92 98 25 50 19 80 37 0 0 100 61 3 68 51 0 91 32 0 0 0 41 0 1 0 0 0 35 91 0 29 55 0 6 49 0 25 70 
11 16 55 0 0 0 44 9 0 94 0 43 0 0 0 0 0 0 0 9 0 0 0 61 84 0 27 90 0 0 0 0 73 16 0 0 0 41 50 0 0 0 
12 29 90 49 0 0 12 51 0 42 0 94 0 0 0 0 60 25 100 0 93 20 0 84 0 70 0 45 8 33 96 74 0 0 0 33 48 0 0 0 0 
40 98 0 0 0 0 50 0 6 0 0 0 0 0 0 71 0 26 95 30 86 45 31 0 23 14 0 13 57 0 48 0 0 0 41 0 70 4 0 0 
0 0 0 61 0 74 0 64 0 83 100 82 41 1 0 0 20 0 35 87 0 0 72 0 0 84 75 22 34 81 26 0 0 0 0 0 0 0 0 
0 0 77 60 80 0 0 0 32 63 0 59 0 64 44 84 0 0 75 0 48 0 39 9 70 0 0 61 70 0 0 0 85 0 88 0 29 23 
43 47 71 0 0 0 0 0 52 0 80 7 0 0 33 0 0 0 6 99 95 29 20 39 81 0 20 0 0 0 0 32 12 0 31 0 40 
75 45 38 0 0 0 61 21 0 7 0 0 0 0 0 10 0 0 93 0 19 49 0 0 98 0 0 0 0 24 0 23 0 0 95 34 
60 0 0 85 14 1 3 0 98 0 0 21 0 48 60 24 0 0 0 77 4 36 0 0 17 0 23 72 0 0 52 0 2 0 0 
23 86 10 0 58 99 0 4 0 0 68 73 94 0 0 0 0 61 0 0 61 0 14 0 0 0 18 53 0 92 32 0 0 0 
73 28 0 54 0 0 8 0 78 89 86 0 18 26 0 0 0 40 15 92 21 0 0 94 0 15 0 22 80 0 46 18 14 
73 0 90 0 48 73 46 24 0 26 4 0 13 0 26 0 0 0 0 0 6 43 0 23 25 0 57 0 20 0 0 0 
44 9 0 0 95 0 0 99 0 0 87 61 0 0 100 0 4 0 69 0 67 48 0 0 42 0 0 70 0 51 37 
0 15 85 63 0 8 63 0 87 19 0 78 0 95 0 0 0 12 0 0 51 0 5 53 90 82 75 0 98 91 
0 61 7 70 66 0 66 0 0 65 0 0 6 55 0 0 80 0 97 0 60 72 0 66 0 0 0 78 95 
76 0 18 66 0 63 3 0 46 80 0 0 50 0 6 0 0 0 0 0 0 0 5 83 12 12 0 43 
96 0 0 82 10 0 0 65 50 100 0 30 12 6 0 0 0 31 0 89 34 0 0 83 58 0 0 
52 0 45 0 39 0 0 84 0 0 62 22 0 0 72 0 74 49 1 0 0 55 34 66 0 83 
0 83 15 38 0 24 0 0 0 47 62 11 68 23 82 0 51 0 50 12 0 37 0 0 0 
0 57 20 0 87 81 71 0 0 3 0 0 81 0 78 44 0 93 0 0 0 0 95 0 
0 0 0 36 73 67 0 72 21 0 42 0 100 0 23 72 17 29 64 19 0 24 66 
0 0 24 18 0 6 0 30 0 73 0 0 0 0 75 16 49 49 0 82 51 0 
10 0 0 0 92 0 74 1 6 29 0 90 0 0 11 0 23 98 74 0 76 
1 90 49 56 54 0 21 0 1 8 0 0 0 0 80 81 0 97 48 44 
0 0 7 4 0 0 0 36 26 37 22 99 22 0 66 34 0 0 49 
0 36 0 89 0 27 0 0 71 0 97 62 0 0 53 0 100 79 
48 100 0 0 26 74 0 76 0 99 0 38 0 86 44 72 46 
0 0 51 0 39 0 0 34 5 42 74 0 63 0 0 79 
0 0 0 0 0 0 44 5 0 22 57 0 0 0 76 
0 80 0 0 0 0 69 27 0 0 0 0 60 87 
22 0 19 17 0 30 0 0 0 94 47 31 0 
51 0 86 12 0 0 90 0 87 50 11 0 
94 0 35 42 0 83 89 0 0 12 0 
0 43 58 67 40 86 74 0 0 96 
0 53 0 93 74 0 0 0 73 
33 97 39 9 81 0 0 0 
47 92 0 33 0 0 27 
0 18 0 94 0 16 
0 5 0 0 2 
0 4 7 10 
59 73 75 
25 83 
21 

#i: 4
0 0 20 91 0 56 0 0 27 0 54 0 0 0 23 85 5 0 70 0 49 83 0 0 0 85 0 95 0 0 0 84 83 0 0 24 0 0 0 0 0 24 61 60 
11 23 0 0 0 0 43 95 0 0 85 0 95 0 0 1 92 14 20 5 65 0 2 0 69 0 0 56 0 16 0 0 39 47 54 5 62 0 60 0 0 35 0 
0 31 41 0 74 0 0 63 0 12 92 0 0 0 0 53 0 23 0 49 91 0 0 0 0 43 10 0 9 0 0 30 0 15 0 76 96 0 36 0 5 6 
38 32 8 79 81 0 0 0 0 59 50 0 45 100 0 66 0 70 15 0 0 55 79 0 0 54 66 0 6 0 61 0 42 0 62 57 0 0 29 9 50 
34 15 29 32 55 60 0 0 0 44 0 0 0 3 38 44 62 0 69 12 41 0 49 8 63 88 47 94 0 52 0 0 0 0 4 0 91 5 0 0 
3 9 55 7 45 0 13 14 0 0 0 62 0 0 0 73 84 94 0 35 0 0 62 42 0 76 0 28 85 0 88 0 87 0 0 0 90 0 41 
25 60 43 0 0 96 98 0 0 7 0 66 0 99 0 86 0 0 20 84 0 0 0 0 0 56 47 0 0 0 18 0 0 3 4 0 51 0 
11 13 12 0 0 99 0 78 94 0 91 0 0 0 0 47 0 0 0 93 0 84 80 0 0 0 0 0 0 0 34 0 86 11 80 16 88 
0 0 66 71 0 0 0 67 0 35 0 58 78 0 54 0 0 64 3 0 71 0 0 0 0 6 0 0 0 0 47 69 24 0 0 69 
46 0 0 0 0 96 0 0 0 0 24 49 63 0 43 72 0 0 1 64 8 0 0 0 20 0 21 4 19 0 0 0 46 0 56 
0 0 0 0 0 38 0 0 73 0 7 91 89 0 0 54 0 65 97 0 35 0 82 55 0 93 0 0 43 0 0 86 48 0 
0 12 0 1 0 0 93 0 65 0 0 0 37 28 61 27 38 0 0 0 100 51 53 35 45 78 0 80 88 0 30 5 59 
0 0 0 0 0 97 11 0 26 0 16 10 0 0 0 0 0 0 0 37 0 47 0 0 21 67 69 97 77 49 0 0 
25 0 36 0 0 78 0 0 0 0 1 0 0 44 44 0 40 35 56 0 0 0 85 0 7 61 39 87 0 0 20 
0 0 11 0 61 85 0 60 0 0 99 61 0 0 0 0 13 87 0 0 0 88 28 0 0 37 11 66 17 0 
0 0 0 5 0 44 0 0 97 3 0 0 53 11 94 0 10 4 6 78 56 31 36 0 3 19 23 0 0 
0 0 75 0 68 37 26 7 0 96 0 43 25 12 0 0 0 18 16 0 76 0 90 0 72 0 0 63 
0 0 0 0 0 25 0 35 36 58 16 17 0 27 34 9 0 1 0 48 18 1 11 0 0 62 0 
0 16 0 0 0 1 0 0 40 40 0 0 16 0 0 25 0 0 0 50 0 66 35 0 0 0 
0 72 0 0 0 75 7 0 86 0 0 18 99 18 0 83 42 72 0 0 0 58 45 23 87 
0 0 47 0 0 0 0 0 0 22 45 0 26 89 63 0 63 0 0 0 54 75 18 70 
0 0 32 0 48 0 0 0 0 0 0 0 0 62 0 96 0 0 0 5 50 0 48 
0 0 0 11 0 10 26 25 0 0 49 82 61 36 0 0 0 0 0 21 0 0 
0 91 0 22 0 50 0 54 2 0 0 0 0 76 11 30 0 0 29 25 38 
71 21 61 20 6 0 14 65 56 56 0 100 0 92 35 44 0 0 3 72 
0 60 13 53 2 32 84 0 88 77 0 0 0 46 57 0 38 0 0 
76 0 0 36 0 99 29 0 0 0 0 22 0 0 1 0 0 0 
7 0 1 0 0 0 27 0 0 0 35 76 8 0 0 0 0 
100 48 79 52 70 100 0 0 98 86 0 63 49 46 0 0 
0 66 17 0 52 6 0 0 24 0 0 0 55 76 31 
0 0 45 0 0 61 21 0 46 0 31 6 0 2 
84 18 0 35 0 14 0 63 0 15 94 0 9 
0 74 45 0 0 0 33 93 64 0 0 0 
31 0 0 0 0 45 53 0 47 0 81 
0 0 0 24 6 0 0 48 81 43 
9 0 84 17 22 25 0 0 51 
5 0 0 83 0 0 0 95 
0 0 0 0 0 94 19 
0 0 0 0 73 46 
33 68 0 82 0 
10 0 29 27 
35 0 0 
97 0 
0 

#i: 5
63 65 59 0 40 37 19 0 93 95 0 79 9 0 0 13 0 0 7 72 0 41 0 0 63 63 0 54 15 0 16 97 0 36 2 32 0 0 0 61 50 80 28 
86 29 94 0 20 39 57 0 0 23 31 6 2 0 89 0 0 0 0 0 50 0 38 0 0 0 62 33 10 0 94 0 0 33 66 84 86 53 58 64 0 0 
0 0 0 33 0 96 8 0 16 84 62 69 0 65 0 48 40 0 0 0 0 54 0 0 0 88 0 11 0 0 17 76 0 0 0 67 0 50 0 0 0 
58 14 0 0 33 0 0 0 32 29 4 14 25 35 20 4 43 0 52 92 0 0 50 0 51 1 43 0 0 0 0 0 0 0 79 5 36 0 0 82 
0 0 0 0 0 25 0 49 0 91 63 69 59 0 7 6 54 0 0 0 0 0 0 0 69 32 0 0 0 0 33 0 0 0 57 80 0 0 0 
76 0 100 0 43 0 56 84 79 0 0 68 0 96 0 94 0 0 0 0 0 54 18 0 0 92 0 0 0 0 66 49 0 40 68 0 0 1 
0 14 0 0 18 89 0 0 0 0 0 0 0 0 0 0 0 55 0 13 99 0 0 0 0 0 57 17 39 0 47 3 0 9 0 0 0 
46 2 0 33 93 84 97 22 5 90 44 81 18 0 44 0 84 0 48 38 0 0 0 0 18 5 76 0 2 10 31 0 0 0 69 31 
86 0 0 0 0 0 68 0 39 31 0 0 19 24 47 0 0 0 0 87 96 84 97 0 29 0 0 59 64 0 0 86 0 0 31 
25 77 27 0 71 94 0 58 5 0 12 0 0 0 0 4 0 0 0 91 0 40 0 0 0 0 0 86 55 0 0 80 48 14 
25 0 41 10 0 87 14 0 7 59 0 0 0 0 0 25 0 54 84 57 0 0 0 0 4 81 7 0 19 0 0 27 98 
0 13 0 0 67 16 0 40 94 87 42 94 50 0 0 0 92 7 0 0 0 4 92 68 0 0 70 77 0 23 38 38 
77 0 0 67 60 0 0 40 55 0 0 61 0 98 0 36 85 0 0 40 77 60 0 0 6 56 73 0 99 0 17 
39 0 68 0 0 0 0 30 0 6 0 60 0 98 23 5 0 76 0 27 0 0 0 0 70 98 44 0 0 0 
0 77 0 8 86 1 0 43 64 94 0 89 53 0 0 0 0 68 0 0 2 44 0 0 86 0 100 0 0 
0 0 16 2 0 0 83 37 0 96 0 19 44 84 95 69 23 16 64 0 0 0 72 0 0 0 0 0 
98 18 74 87 0 25 0 52 64 4 0 0 45 0 0 0 22 0 33 0 0 28 0 0 0 12 82 
48 28 0 0 76 79 17 52 0 0 66 52 0 36 61 34 34 0 100 97 31 0 47 0 42 0 
21 0 32 0 0 55 0 0 0 0 0 50 0 0 24 0 20 17 35 23 0 0 0 0 63 
24 0 0 0 0 2 91 52 56 0 0 0 0 72 73 70 55 0 0 85 0 99 0 77 
0 86 17 0 0 57 0 0 99 74 23 0 0 47 10 19 0 91 64 53 0 16 0 
0 0 10 0 0 0 58 0 87 0 21 68 0 9 0 64 34 78 69 0 0 74 
0 0 77 32 63 0 38 0 68 45 0 25 0 0 0 37 20 50 70 0 0 
0 0 0 0 0 100 31 0 0 96 0 0 0 0 0 64 88 53 0 61 
83 0 0 0 71 0 0 4 4 0 0 23 0 22 60 53 59 0 0 
0 6 0 0 8 55 67 0 0 0 0 0 18 46 62 10 42 34 
0 0 81 82 30 0 0 0 0 53 0 0 0 0 68 0 0 
60 0 0 5 80 64 0 0 0 17 0 0 0 0 0 0 
46 0 0 0 83 11 0 77 15 58 0 0 0 0 0 
0 53 0 94 52 0 53 0 48 0 28 49 0 48 
0 0 0 70 68 0 0 71 0 0 13 0 62 
0 33 57 0 79 13 0 0 10 56 78 0 
0 68 0 36 0 0 0 0 0 0 0 
0 0 20 16 0 0 28 29 73 92 
32 0 0 65 0 0 18 0 0 
0 0 0 0 0 23 0 0 
0 10 85 38 64 31 51 
0 0 36 0 0 0 
0 3 9 0 0 
0 0 18 0 
0 0 19 
0 0 
0 

#i: 6
0 6 0 0 14 7 42 15 0 32 0 0 0 89 40 0 0 1 52 0 26 0 20 0 0 60 86 0 0 0 0 0 7 0 95 81 15 0 91 16 99 0 
0 0 93 0 0 0 56 0 0 53 86 29 0 0 0 0 54 16 0 0 0 16 21 23 0 0 51 0 20 54 0 74 0 0 9 0 0 59 0 66 0 
38 2 0 0 0 73 87 0 64 0 62 69 30 0 0 0 16 47 63 0 38 0 6 57 95 65 0 23 0 88 0 65 0 0 0 0 0 0 92 28 
0 0 11 0 0 0 0 0 0 91 21 0 0 0 72 21 2 0 0 43 0 67 64 0 97 0 0 0 75 15 0 18 8 87 46 0 0 0 0 
43 65 83 0 0 83 0 95 79 0 0 22 18 0 0 54 0 36 0 41 100 11 24 0 40 0 34 12 93 0 85 0 14 33 93 0 30 57 
0 0 25 16 91 100 0 0 60 5 0 63 0 0 92 0 2 0 0 38 0 20 0 12 0 0 24 78 73 9 77 0 0 0 0 41 0 
80 81 0 75 0 4 0 90 66 0 0 0 2 3 54 0 19 0 0 0 58 78 0 0 55 0 0 0 33 0 0 0 80 55 0 81 
0 0 73 21 0 12 0 0 92 0 0 0 0 96 0 0 99 0 0 36 0 72 0 0 8 0 63 49 0 99 9 39 0 89 0 
0 0 64 0 42 21 10 10 55 0 0 73 77 0 0 8 0 45 64 83 92 72 0 0 12 0 75 72 0 0 98 79 50 0 
0 0 71 0 66 75 87 0 44 30 56 0 0 68 71 54 6 62 58 0 0 3 55 44 16 0 0 0 30 0 20 0 0 
12 0 2 32 0 0 0 0 0 85 12 0 0 62 98 40 48 0 0 0 44 51 81 0 0 0 84 0 98 0 22 0 
0 16 62 0 48 77 32 0 0 48 52 0 0 0 0 0 38 50 0 0 39 90 0 0 0 0 0 0 0 52 29 
0 0 83 89 22 0 0 0 0 59 15 79 0 55 55 0 25 74 0 98 0 0 62 64 28 21 0 24 0 13 
0 73 98 0 0 0 0 14 0 0 96 0 98 0 0 28 0 20 0 0 92 31 0 75 22 18 29 52 4 
0 57 28 0 0 0 0 0 0 0 0 0 85 0 55 0 43 0 78 0 17 0 59 0 0 91 42 0 
0 0 96 13 99 60 78 37 93 0 0 0 0 0 0 0 0 92 0 47 35 40 46 80 0 0 62 
0 56 0 0 13 6 0 0 0 0 0 0 0 0 0 0 0 0 0 89 13 0 53 0 73 97 
52 0 0 47 0 0 0 56 0 4 60 0 0 23 0 13 0 43 70 6 15 83 0 0 52 
0 0 0 83 0 95 0 0 68 0 87 41 0 60 0 80 17 0 99 14 0 5 91 6 
0 41 0 34 0 93 51 61 0 0 57 63 4 65 0 84 58 44 22 0 0 95 63 
87 28 0 0 0 55 72 0 78 0 55 77 0 13 0 0 19 0 14 57 62 0 
0 0 0 25 9 19 0 6 45 53 0 0 0 0 0 0 9 0 47 1 0 
0 32 95 39 42 65 0 46 0 0 0 0 0 0 75 0 86 83 42 0 
0 13 6 39 50 87 0 0 0 14 0 48 16 47 0 0 0 0 13 
0 48 0 0 0 0 0 0 0 11 69 92 80 0 0 3 0 0 
83 0 13 0 0 0 9 46 56 0 73 26 35 22 0 0 70 
100 16 3 0 0 0 0 0 21 81 0 0 0 0 0 0 
0 82 14 0 28 0 0 79 72 50 15 0 0 57 97 
0 0 8 2 8 87 48 2 0 18 0 16 0 0 
0 0 27 0 97 53 0 0 0 0 0 48 0 
72 91 0 0 82 88 29 0 0 0 0 0 
5 39 12 63 0 0 59 0 0 0 93 
45 26 0 47 35 0 56 1 74 0 
90 97 19 0 0 98 0 49 44 
0 65 0 73 35 0 0 83 
0 54 3 96 0 0 57 
0 0 0 0 0 62 
0 49 82 11 54 
90 86 13 95 
14 0 31 
0 32 
0 

#i: 7
0 49 5 71 0 34 45 0 0 0 45 0 0 0 65 59 0 0 0 84 0 11 47 78 0 0 0 0 80 64 16 0 52 0 22 44 0 0 0 70 0 
56 97 99 0 0 77 0 85 39 0 39 40 0 0 42 17 0 8 0 0 55 0 0 0 0 93 79 1 16 0 0 0 86 0 91 0 0 0 31 97 
0 0 0 56 92 47 0 12 0 0 64 0 0 81 0 0 57 0 0 0 51 0 30 0 0 88 0 39 0 0 0 0 59 19 0 47 55 0 0 
0 16 91 45 15 96 0 0 0 0 0 61 81 0 28 2 0 31 12 100 0 82 0 5 0 0 0 73 0 0 17 1 0 0 0 0 0 0 
0 49 8 84 0 85 0 0 0 0 26 89 24 0 99 48 0 39 0 52 0 0 39 0 0 50 11 99 0 0 19 40 0 0 0 0 0 
0 0 0 0 0 81 0 0 0 0 0 0 0 0 73 0 98 7 0 0 31 0 98 50 0 26 0 0 50 0 0 84 3 62 0 0 
5 38 0 100 22 0 48 90 0 0 0 29 87 30 95 82 18 59 0 46 0 0 78 39 0 79 0 52 0 31 0 4 0 0 93 
40 0 0 0 10 87 42 60 92 0 0 40 100 95 0 0 95 67 87 0 0 32 89 0 0 88 0 0 57 0 0 0 0 54 
51 0 83 85 42 0 46 0 66 55 0 95 0 0 0 0 24 0 58 17 0 0 0 0 3 54 60 20 92 62 0 6 80 
0 15 43 24 94 0 39 22 32 0 89 1 0 75 0 33 81 1 0 64 15 0 20 0 78 0 0 0 0 0 95 46 
9 49 0 0 0 57 95 0 0 87 2 0 2 99 0 34 0 0 0 41 58 0 66 46 46 0 50 57 72 0 0 
0 0 0 0 82 82 0 0 0 30 0 83 0 56 25 0 5 15 0 97 0 0 0 0 58 60 0 52 0 75 
22 0 0 0 0 0 0 0 31 0 45 8 0 0 32 0 61 0 0 0 59 46 0 0 22 0 0 89 50 
11 0 0 0 0 0 25 0 0 85 0 12 77 33 28 97 54 12 6 78 0 38 99 32 0 78 18 0 
0 12 0 10 0 0 51 0 0 92 0 0 0 0 0 85 0 0 27 0 0 0 0 0 3 0 85 
36 0 22 0 0 0 56 0 0 0 0 27 34 41 31 0 0 0 77 28 6 21 0 0 42 0 
47 77 5 64 58 0 0 78 42 0 0 0 2 90 0 36 0 19 0 0 88 0 42 24 0 
0 49 24 0 60 11 68 0 0 0 35 0 89 0 9 0 0 31 0 30 0 55 32 0 
88 0 0 73 0 0 0 0 0 0 0 0 9 99 0 22 2 65 0 0 0 0 0 
90 0 57 0 0 0 0 0 18 0 39 0 0 7 73 82 0 0 22 0 0 71 
43 36 76 65 55 0 19 34 0 87 0 6 0 0 1 0 0 0 0 37 17 
61 72 0 0 72 0 0 18 92 0 12 0 0 0 68 7 57 20 0 0 
64 0 16 0 0 0 0 95 95 79 0 0 35 2 75 0 42 0 0 
0 0 80 64 0 68 0 86 0 92 0 0 7 0 19 0 93 46 
92 2 73 0 85 59 0 0 79 45 4 0 60 0 0 0 0 
0 0 0 0 11 0 86 69 64 0 59 55 55 95 29 77 
43 0 0 46 80 25 30 0 54 0 72 0 0 0 60 
0 37 0 0 87 12 21 0 54 65 0 59 81 0 
44 0 10 83 0 0 0 0 0 0 0 0 38 
89 0 0 74 0 1 0 80 49 0 28 0 
94 75 0 87 99 82 22 85 0 0 0 
85 0 0 65 61 0 0 87 0 0 
37 0 0 0 0 15 0 0 0 
12 95 0 0 0 15 0 0 
0 13 31 0 36 20 0 
14 69 69 47 0 0 
0 43 0 0 83 
0 20 0 0 
0 46 0 
95 0 
0 

#i: 8
76 0 0 0 52 10 56 37 81 23 8 93 65 29 0 65 0 0 0 20 0 1 40 0 0 0 84 89 86 0 0 0 45 97 0 0 0 0 0 78 
0 17 0 83 99 35 17 0 0 52 0 0 0 76 0 0 45 69 0 0 0 41 0 0 0 0 37 92 12 39 95 10 0 55 32 69 0 53 42 
0 0 27 31 0 0 0 0 10 0 8 57 17 100 81 0 0 82 0 50 54 11 87 81 64 0 76 92 0 83 4 0 67 100 47 65 27 54 
0 0 0 0 66 14 84 0 24 0 76 13 0 0 0 0 0 0 48 51 28 0 0 0 94 85 59 0 28 0 66 79 42 0 24 69 0 
0 0 0 0 54 0 65 65 0 69 78 21 52 14 0 0 85 0 0 44 83 0 72 0 6 0 0 0 66 0 0 0 28 0 0 49 
1 84 0 0 0 0 39 0 32 0 0 0 0 25 62 56 0 2 41 32 1 0 33 14 0 21 0 43 0 0 0 0 99 0 0 
0 0 8 7 0 0 50 39 0 74 0 46 0 0 0 0 0 21 64 88 0 22 100 94 81 29 38 57 4 47 0 0 0 37 
0 83 68 17 0 0 7 31 0 26 0 0 69 0 21 0 66 0 0 0 0 64 0 0 0 0 98 0 97 0 0 0 0 
66 47 48 0 98 0 10 71 1 78 0 35 0 63 0 0 70 0 73 0 32 0 0 0 0 0 16 2 0 86 0 0 
0 28 96 0 0 0 66 0 79 30 54 0 0 0 0 90 8 62 0 87 25 0 72 85 0 60 0 0 0 0 0 
76 68 16 43 0 39 0 74 0 0 0 0 0 0 29 0 96 68 48 62 0 57 0 0 98 0 0 56 48 98 
50 48 0 0 82 82 0 25 0 0 93 0 0 0 0 1 0 59 0 0 16 0 0 0 80 19 79 0 0 
0 49 57 81 0 3 0 17 51 66 0 0 73 0 84 97 0 84 66 65 0 0 71 0 37 0 0 45 
87 0 0 86 52 0 35 45 0 0 68 18 0 29 39 17 0 0 0 48 98 12 0 0 0 0 0 
0 0 54 0 44 67 0 0 0 52 3 0 35 0 27 0 0 11 0 19 50 0 0 74 61 21 
36 67 94 0 0 0 0 0 0 0 0 0 0 0 0 15 12 89 0 0 17 11 0 0 20 
0 81 35 24 89 26 90 59 0 99 0 53 83 0 0 23 78 19 51 0 0 0 19 0 
0 0 0 0 70 0 43 65 0 57 59 24 34 0 0 0 69 54 20 0 82 17 0 
81 12 0 0 29 0 0 34 0 0 71 0 60 94 98 5 19 53 0 0 0 45 
46 0 76 65 6 0 0 0 0 0 7 0 32 26 14 0 86 39 97 0 35 
52 98 0 78 49 0 69 0 0 0 0 0 0 0 50 63 0 9 0 0 
11 0 0 0 0 0 55 77 0 0 15 17 58 0 48 39 77 0 0 
0 9 0 0 0 0 0 37 0 77 0 86 0 0 0 7 93 99 
0 1 15 0 0 93 3 49 0 24 61 0 3 99 0 0 90 
0 0 0 0 0 0 0 64 0 0 95 16 82 18 0 61 
0 0 87 78 0 0 0 51 0 0 96 0 0 0 0 
0 0 0 0 0 0 98 87 90 57 95 0 87 100 
59 0 0 51 0 0 5 78 68 0 0 20 0 
33 0 6 0 14 93 5 0 53 0 90 0 
0 0 0 0 0 0 14 0 58 0 12 
0 64 27 19 10 0 35 0 0 31 
0 0 0 97 0 0 0 36 0 
31 0 49 0 80 0 0 15 
0 0 12 25 7 0 0 
0 0 0 52 69 81 
0 0 0 0 0 
0 11 0 92 
42 35 10 
13 47 
28 

#i: 9
0 0 16 15 63 0 0 50 0 0 97 0 55 0 85 0 0 0 0 0 60 0 98 0 0 0 0 0 12 0 48 17 76 0 1 70 83 0 64 
0 79 15 9 36 11 0 66 88 0 0 25 55 0 0 0 7 0 37 0 97 0 0 0 24 0 82 45 56 0 75 45 63 77 0 46 84 0 
3 0 43 17 100 0 0 0 0 1 0 67 0 73 50 32 4 0 0 0 0 54 0 0 33 22 24 21 0 0 65 0 0 0 29 98 0 
48 45 0 4 0 63 0 67 91 0 0 6 81 0 80 53 81 46 63 53 0 0 0 54 24 0 61 0 0 71 67 40 28 86 0 0 
0 28 0 82 0 26 68 74 0 0 0 0 94 0 85 100 70 0 100 7 0 0 88 78 0 0 0 0 12 72 0 68 56 0 74 
44 49 0 74 0 72 62 0 0 16 0 99 0 0 0 100 0 89 24 8 60 0 83 85 0 0 0 83 0 0 0 39 0 0 
0 0 33 12 98 32 0 0 0 0 0 61 35 0 0 0 15 0 26 0 0 70 51 0 0 80 0 0 60 0 0 6 0 
0 0 0 42 90 90 93 31 31 77 40 49 0 78 0 22 0 0 40 11 0 0 54 25 0 0 0 9 16 65 0 84 
34 27 0 0 0 47 94 0 0 0 0 64 68 25 0 30 29 84 66 0 0 46 12 0 0 19 0 0 60 73 0 
0 0 65 0 42 12 0 56 0 46 0 85 77 0 0 85 4 0 0 92 7 0 0 16 0 0 64 28 39 65 
51 0 30 0 0 98 90 74 74 85 99 0 98 0 56 26 50 76 0 0 89 9 0 0 0 27 39 0 22 
0 0 59 99 13 0 100 0 84 0 54 45 26 14 99 0 0 0 0 62 70 0 0 52 30 0 0 0 
2 62 98 40 85 0 0 0 0 0 58 0 79 0 1 28 0 87 67 41 19 33 0 0 0 51 100 
0 0 69 8 61 11 0 64 53 96 0 0 90 0 20 0 57 32 28 0 0 6 0 0 5 0 
0 0 35 40 62 14 77 82 0 0 1 69 0 6 0 52 76 0 0 75 0 21 0 35 18 
0 0 0 0 0 0 69 0 0 0 0 96 0 32 78 0 0 0 49 0 94 0 0 1 
0 0 38 0 0 0 0 55 43 0 46 67 100 34 37 11 0 0 66 0 0 0 17 
49 85 73 9 0 0 0 85 100 0 0 75 59 91 0 100 0 16 92 0 0 71 
41 0 0 9 0 83 84 0 0 0 0 0 0 99 0 22 0 49 70 52 23 
0 40 40 0 87 31 0 0 76 0 0 0 0 0 0 0 3 0 57 94 
0 0 60 93 0 29 50 23 0 6 0 0 0 0 26 0 89 1 0 
0 69 15 0 8 46 43 36 11 0 0 0 51 0 0 23 23 56 
54 0 0 0 0 0 71 0 0 3 0 10 95 28 0 0 0 
0 0 0 52 0 0 36 39 90 0 0 0 76 0 42 0 
0 36 47 54 17 0 32 82 16 52 0 71 13 77 0 
73 0 14 30 4 0 0 0 85 0 0 0 33 88 
88 4 33 0 48 0 50 0 0 19 0 0 0 
32 32 0 0 0 0 0 0 84 92 0 96 
46 0 5 0 92 17 74 0 0 0 76 
25 0 26 0 92 19 46 0 0 87 
0 0 0 92 64 0 0 0 0 
0 0 0 55 1 0 0 89 
36 0 50 0 0 87 74 
0 11 77 79 24 0 
0 0 0 36 97 
0 97 80 0 
98 0 0 
10 10 
0 

#i: 10
7 0 0 27 94 0 66 0 0 0 0 0 0 38 91 0 0 0 0 47 49 27 95 96 65 24 0 0 0 0 89 66 8 30 90 57 0 45 
85 0 0 29 0 23 0 54 0 0 59 0 98 0 75 0 0 67 35 0 73 86 0 3 0 0 24 0 0 0 0 0 0 92 68 0 29 
32 41 1 100 0 94 77 60 0 76 0 56 64 0 42 0 0 30 87 95 0 0 0 0 0 0 0 0 68 0 1 15 77 0 90 69 
0 64 0 0 63 75 5 11 35 45 85 60 15 0 0 54 24 5 12 0 51 27 0 18 0 0 7 10 85 89 0 50 0 0 0 
1 34 0 0 56 0 19 0 7 0 0 63 0 0 12 0 29 0 0 38 0 88 0 36 59 34 56 49 0 33 0 80 0 65 
0 0 78 67 0 1 51 71 0 86 100 0 95 26 19 0 59 0 54 57 0 45 50 0 12 0 0 71 0 0 0 49 0 
0 6 0 0 62 0 66 0 0 0 43 0 0 91 0 88 0 0 0 68 0 58 48 0 80 12 6 93 8 0 48 13 
12 51 0 0 0 37 0 0 0 0 23 99 0 0 51 42 0 0 7 0 71 59 97 42 0 99 29 0 57 0 76 
0 0 0 0 61 8 94 0 0 0 0 0 42 0 0 28 0 96 49 23 0 0 17 0 0 23 0 0 0 36 
0 0 0 0 64 36 13 43 0 58 76 68 0 0 97 0 16 3 5 31 72 0 11 73 0 0 23 14 78 
12 0 65 0 69 14 0 75 0 0 72 46 67 0 0 0 15 91 52 47 0 0 52 22 0 31 0 23 
83 0 17 82 0 41 0 82 0 26 18 0 28 0 0 0 0 0 0 71 38 0 0 87 32 0 0 
0 0 0 0 0 0 4 88 0 68 43 48 0 0 5 89 0 60 48 48 0 0 15 77 18 16 
21 0 0 0 44 54 0 0 85 0 0 0 9 95 89 0 4 68 0 0 22 0 0 100 88 
47 0 1 0 82 0 0 0 1 0 69 20 0 0 0 0 37 68 77 0 0 5 63 0 
43 0 12 0 0 79 27 53 78 0 0 22 59 64 0 0 26 73 97 0 0 0 93 
0 0 0 66 0 0 0 0 26 0 100 0 0 18 0 0 0 0 0 63 0 7 
64 29 92 75 36 97 66 85 88 0 0 0 24 61 78 24 14 0 45 54 9 
52 0 16 9 55 72 96 49 90 85 54 2 24 0 0 75 0 13 100 79 
0 67 20 15 0 92 0 0 59 60 8 54 34 79 0 21 54 0 0 
38 23 69 0 94 0 60 0 0 53 16 0 97 0 0 0 76 72 
59 0 0 0 46 0 8 84 0 0 64 57 0 0 0 97 87 
42 0 0 0 26 70 42 0 9 0 0 0 7 70 62 31 
0 84 92 93 0 31 5 0 0 0 0 59 0 0 24 
69 0 0 4 9 0 0 0 0 0 25 0 25 25 
33 0 0 0 52 86 0 0 51 6 81 83 61 
0 3 0 0 0 71 46 0 0 0 0 0 
24 0 28 0 0 54 0 0 0 78 44 
0 73 40 52 92 0 0 85 0 61 
48 0 75 0 0 0 0 0 0 
86 26 25 12 81 66 0 30 
0 1 0 23 45 9 28 
0 42 36 18 38 0 
27 0 0 0 74 
0 7 39 0 
0 47 0 
14 0 
32 

#i: 11
0 30 0 39 0 0 4 55 0 0 54 0 77 0 0 68 0 0 0 0 89 0 44 24 51 30 89 0 0 19 38 61 47 0 52 66 0 
0 61 63 88 62 19 14 82 0 76 0 24 0 11 0 14 0 32 91 0 41 0 49 0 89 0 74 17 0 57 0 9 0 68 24 0 
0 0 95 95 0 79 46 0 0 56 0 63 4 0 0 0 15 52 4 1 23 65 0 93 0 49 0 0 0 69 0 0 0 56 0 
27 0 0 94 0 0 80 9 41 71 54 23 0 0 0 0 78 53 33 89 75 53 100 39 0 0 0 0 0 0 27 0 0 0 
1 0 0 0 0 79 0 0 69 0 24 0 0 2 27 81 0 32 74 0 0 8 73 0 0 0 27 0 0 0 34 69 0 
0 0 42 76 0 0 0 62 0 31 38 62 0 0 0 75 100 74 0 72 0 0 39 74 1 19 0 23 0 0 0 0 
16 0 0 0 26 0 80 81 89 0 34 31 0 0 8 0 0 0 0 0 37 0 54 0 0 8 0 23 37 48 87 
0 29 76 42 84 25 0 0 0 76 47 0 7 61 0 0 0 39 0 93 0 0 59 79 0 65 76 0 78 0 
44 31 10 0 58 0 0 9 26 0 0 0 9 91 0 28 0 75 0 0 0 0 73 35 27 0 89 15 60 
11 0 0 0 31 61 51 0 33 0 0 16 0 93 0 0 69 17 72 0 0 10 0 0 82 0 0 0 
0 64 0 0 0 17 66 18 45 0 0 20 0 15 0 0 0 61 0 9 0 0 0 53 2 82 0 
64 86 51 0 83 81 0 0 5 97 7 0 50 46 46 0 0 0 49 30 0 0 0 0 0 0 
0 0 92 0 89 56 0 17 0 0 0 0 0 51 0 0 21 0 0 39 30 100 0 60 0 
0 58 32 47 23 17 0 0 0 0 0 0 0 71 60 11 0 0 0 47 0 0 0 28 
0 30 0 84 0 57 42 79 38 0 0 96 0 19 0 86 47 39 11 0 0 0 44 
0 39 67 60 0 69 15 0 35 41 74 0 43 0 46 0 72 49 0 74 58 0 
0 90 69 0 0 0 24 0 90 0 0 63 89 0 0 54 0 0 0 34 41 
0 90 0 85 0 12 59 82 0 53 94 8 0 71 0 0 0 0 67 0 
0 92 50 26 46 28 81 70 13 30 24 0 0 0 0 0 43 0 30 
0 0 55 0 58 80 69 0 13 14 98 73 70 51 0 70 0 42 
24 100 0 0 0 0 0 31 0 0 85 18 0 0 0 0 0 
0 25 0 19 0 33 0 0 0 0 49 14 0 20 0 57 
0 0 16 33 0 71 0 0 0 69 0 0 0 0 0 
53 0 32 56 0 0 8 49 91 21 0 0 67 37 
0 0 0 0 0 0 0 81 85 0 42 0 12 
92 7 83 0 0 54 6 23 0 6 0 61 
6 0 86 0 0 0 0 1 23 79 0 
0 0 0 28 0 88 0 0 13 0 
85 99 8 0 63 63 0 47 55 
19 83 30 40 0 35 0 0 
90 0 0 93 0 36 0 
16 69 0 0 57 29 
0 0 0 72 0 
0 95 76 0 
16 0 0 
18 50 
0 

#i: 12
13 39 13 76 0 0 56 60 0 0 31 50 0 0 31 0 40 0 0 79 40 0 0 90 0 0 2 28 68 0 28 0 57 22 85 49 
14 47 60 0 0 15 0 0 0 59 0 0 80 0 0 86 40 79 0 0 0 0 98 0 0 91 30 3 81 0 69 0 49 0 12 
79 0 6 71 99 79 0 45 72 0 7 0 82 88 96 36 45 0 0 11 0 0 0 48 0 0 38 58 15 0 0 16 33 0 
87 80 0 0 0 0 0 0 0 62 84 0 92 18 0 0 0 34 0 0 66 97 0 74 36 0 99 8 0 9 0 20 0 
0 0 27 42 0 0 12 6 75 11 63 14 1 0 33 0 0 30 0 25 0 53 0 0 99 74 0 0 0 55 0 0 
0 14 3 20 84 0 0 0 62 0 87 67 0 0 0 0 0 17 0 51 97 62 17 0 95 84 56 32 0 51 0 
95 67 22 44 84 0 0 0 0 0 39 42 68 11 86 0 0 58 26 73 37 88 86 0 0 0 0 0 85 0 
18 82 83 0 0 0 0 89 73 49 8 69 66 72 0 0 53 37 10 32 0 0 51 0 51 0 19 88 0 
21 42 0 0 0 56 0 89 24 0 0 37 0 0 4 0 80 47 58 0 58 48 0 0 32 20 0 0 
0 26 76 52 18 40 0 0 0 31 67 0 0 0 27 0 0 0 0 0 80 25 71 0 12 86 33 
0 0 44 0 0 18 0 0 55 0 37 0 62 0 15 5 0 0 43 10 61 91 99 41 0 29 
0 0 68 0 75 0 0 25 41 0 0 0 0 0 0 37 0 65 99 72 89 0 32 15 35 
0 0 0 0 3 29 0 2 0 0 94 0 0 89 0 50 0 70 0 19 65 0 0 0 
0 0 61 83 46 0 0 25 76 25 0 0 89 0 0 0 57 77 0 0 5 94 0 
0 96 0 0 99 32 0 0 0 0 12 99 0 3 0 0 48 91 0 0 0 7 
37 2 0 0 41 58 0 0 22 0 0 31 13 0 0 0 0 34 6 0 0 
0 20 0 25 4 0 25 0 0 0 0 0 64 21 0 72 0 0 0 0 
43 0 35 60 50 0 0 0 66 67 0 0 22 65 32 62 75 0 0 
29 71 0 0 8 48 50 73 32 47 99 0 11 0 0 8 0 97 
23 0 0 0 36 0 41 0 42 15 85 0 0 0 59 0 33 
10 87 0 0 0 72 92 0 90 0 0 38 0 0 0 0 
28 0 0 0 43 0 0 1 1 0 0 0 86 0 0 
0 74 33 0 0 0 0 81 100 74 13 0 14 77 
0 9 0 39 58 51 95 64 4 0 81 47 68 
70 66 12 69 0 59 0 10 0 52 0 0 
59 0 0 89 0 0 26 0 27 0 57 
0 0 0 52 0 44 56 0 77 0 
0 0 0 0 64 7 0 0 0 
0 0 66 76 0 23 67 0 
0 52 0 0 0 32 0 
40 36 0 54 0 45 
74 76 0 6 0 
35 25 0 0 
60 98 0 
2 40 
0 

#i: 13
19 8 0 9 0 8 0 0 0 0 92 0 0 33 0 69 0 0 18 0 0 72 78 25 16 46 46 31 0 0 0 70 30 21 0 
6 86 0 67 56 0 86 58 0 0 47 0 0 0 70 0 39 0 23 27 0 0 96 70 0 0 0 0 96 0 0 14 29 0 
0 0 27 46 0 0 0 0 5 0 42 0 0 0 0 0 55 17 0 48 1 60 0 69 11 0 0 0 38 0 20 0 66 
66 0 0 0 52 47 0 46 0 0 70 16 4 0 42 22 69 0 84 0 26 0 0 41 0 0 99 0 0 97 97 0 
0 0 0 3 58 0 0 28 83 0 21 0 0 0 78 0 41 0 0 100 0 17 34 0 88 46 0 0 0 0 27 
55 0 0 9 0 52 81 0 0 0 48 78 46 0 6 0 0 61 26 0 0 0 0 92 85 9 35 15 54 22 
0 0 29 42 94 57 0 4 47 72 0 0 100 32 63 0 0 8 0 0 0 0 0 0 3 31 9 82 44 
74 0 0 89 66 23 0 0 29 58 72 0 11 20 0 26 86 0 0 0 13 81 0 0 45 0 0 63 
61 0 0 48 65 90 24 0 0 0 69 0 0 1 44 0 86 21 0 0 0 45 0 53 0 21 0 
12 57 0 51 0 0 56 0 0 21 0 0 96 0 3 0 43 0 0 18 99 0 0 0 25 0 
0 0 0 0 0 89 55 0 94 0 65 0 0 0 48 56 0 0 32 6 71 0 29 74 0 
29 9 0 0 96 0 0 0 0 88 0 95 1 0 100 93 0 0 0 0 0 76 19 0 
19 85 58 97 53 8 56 72 55 0 23 95 17 0 0 0 0 0 0 0 0 48 0 
0 16 78 0 0 6 15 0 26 0 0 41 87 0 13 0 24 36 12 22 50 31 
0 0 86 22 0 95 54 0 59 0 72 91 26 47 0 87 0 70 92 0 34 
0 14 21 0 9 22 0 30 39 0 48 95 55 67 15 81 0 63 41 0 
18 45 0 0 61 0 1 0 0 0 75 0 0 0 0 33 0 0 0 
72 0 0 0 0 42 0 0 7 0 0 0 0 0 19 18 95 53 
37 0 0 0 0 0 84 0 80 0 57 0 21 0 45 41 4 
0 0 41 13 65 34 40 0 70 0 24 71 88 0 97 0 
84 0 0 96 0 98 0 60 0 39 0 87 62 0 0 
0 94 36 0 0 24 0 46 0 82 37 0 0 14 
0 0 0 4 29 84 0 0 0 65 50 56 61 
4 0 0 72 97 0 98 0 28 76 85 0 
0 94 0 0 0 14 36 0 0 8 27 
0 40 0 0 55 75 81 0 0 86 
66 0 0 77 54 0 0 0 0 
0 14 0 0 0 0 87 16 
0 0 0 88 0 0 13 
0 0 0 0 0 0 
45 7 0 100 0 
0 0 93 0 
91 0 0 
0 32 
0 

#i: 14
18 0 0 11 47 89 0 58 43 0 0 0 52 0 0 0 0 0 0 0 0 41 66 0 45 65 93 0 0 71 88 0 0 82 
0 0 38 0 66 24 18 0 0 0 0 12 90 0 53 0 6 81 0 0 8 27 61 22 0 0 0 0 22 0 0 0 29 
0 77 0 0 65 27 47 33 0 67 0 0 28 8 21 57 0 28 0 74 37 41 0 100 0 32 55 0 0 0 80 10 
0 48 8 32 57 0 40 0 71 0 72 0 0 0 0 35 0 24 94 0 12 0 14 0 70 0 0 0 85 0 0 
22 55 0 0 64 6 0 6 0 90 0 19 20 0 14 69 87 99 46 0 0 0 97 0 0 0 41 89 85 0 
99 0 82 0 34 0 0 45 9 39 0 0 32 52 25 10 10 0 61 0 85 0 8 5 93 8 0 91 0 
0 29 69 33 0 0 0 0 24 0 62 24 0 28 0 0 0 20 0 0 0 13 8 16 20 0 0 0 
63 63 0 0 0 0 0 0 0 38 0 17 11 11 33 43 25 18 91 0 84 0 15 2 0 0 0 
0 5 7 95 50 48 0 0 20 0 0 100 0 80 0 41 82 84 0 0 0 63 0 73 45 0 
91 0 76 0 0 0 0 0 31 77 0 88 56 0 12 71 100 0 0 0 42 0 20 80 0 
0 100 0 85 93 0 12 18 0 23 4 0 42 0 36 0 0 0 0 0 0 0 0 97 
0 14 0 0 0 74 0 32 76 0 47 97 43 82 43 82 0 22 60 55 20 0 0 
0 74 71 42 75 31 85 67 0 0 31 15 0 0 0 0 0 0 76 25 13 0 
0 14 0 83 0 9 0 78 0 0 0 6 31 18 0 0 0 64 62 89 0 
0 0 0 0 0 58 0 0 0 85 94 1 0 0 0 0 73 0 83 0 
47 0 97 0 96 95 34 8 0 0 0 0 82 0 0 0 64 0 0 
88 0 18 0 57 81 58 19 52 0 0 0 0 0 83 55 54 0 
69 64 0 75 0 0 0 73 100 95 29 45 0 0 28 93 0 
0 0 0 0 41 36 37 61 0 65 58 40 90 0 65 0 
0 63 0 0 0 0 0 0 0 47 36 0 57 24 0 
56 0 30 63 0 0 55 0 7 0 0 47 0 0 
69 0 0 0 0 0 29 33 0 22 0 70 84 
36 69 0 12 32 0 0 0 0 0 57 0 
0 91 6 0 1 41 50 0 28 0 0 
0 0 0 30 0 8 56 66 0 0 
47 14 0 77 0 0 0 0 0 
0 39 17 27 0 0 90 60 
78 0 23 0 37 15 35 
38 27 0 80 36 6 
60 0 33 5 100 
0 0 95 0 
0 0 6 
0 0 
0 

#i: 15
32 56 79 0 0 0 71 97 75 89 66 0 0 23 41 7 0 56 71 1 0 17 88 36 95 0 0 48 0 0 0 48 0 
51 58 0 0 0 0 0 1 76 0 0 85 57 0 0 0 98 0 72 0 47 46 0 90 87 13 56 11 0 1 0 0 
0 0 61 26 73 44 0 68 6 0 2 100 24 89 62 99 0 75 0 58 49 0 0 0 0 0 27 50 65 66 0 
0 92 87 90 32 38 0 61 0 0 28 0 0 0 0 0 0 0 13 98 74 87 100 0 7 0 0 0 76 0 
0 0 0 0 0 50 0 22 0 0 41 0 0 94 0 3 48 0 0 0 0 0 82 0 0 30 0 0 38 
28 89 19 90 96 0 53 4 0 0 0 9 0 0 24 44 38 0 0 0 0 0 61 90 93 1 30 59 
92 0 0 0 100 71 32 0 0 0 0 87 0 0 59 0 73 20 0 88 28 81 0 0 77 43 41 
81 0 1 46 0 60 26 0 0 0 0 0 0 49 0 16 17 0 0 53 52 0 0 33 51 0 
90 0 12 46 0 0 50 0 90 0 76 0 0 24 0 12 0 0 1 0 39 48 0 0 75 
5 0 0 17 0 96 0 58 63 69 65 0 0 6 0 18 0 28 0 0 89 47 0 0 
49 10 0 95 11 51 0 59 0 91 45 0 0 0 0 0 80 44 89 36 0 0 0 
0 0 0 0 11 0 46 0 0 0 0 0 26 0 9 0 84 40 0 0 99 7 
0 0 81 54 78 0 62 37 71 0 86 0 29 43 86 29 0 18 14 0 0 
0 0 27 0 0 0 86 37 0 0 0 20 0 92 77 0 99 0 32 3 
62 0 45 45 7 0 26 24 99 96 70 0 0 0 0 0 0 1 57 
0 0 0 0 79 97 63 68 21 0 5 0 65 0 0 62 0 21 
0 72 82 0 0 52 1 53 74 8 30 50 0 0 16 77 0 
0 88 0 2 36 42 0 0 0 0 57 67 0 55 98 0 
0 43 0 0 0 0 0 0 79 62 0 1 60 0 64 
0 37 0 50 96 0 0 70 30 0 0 0 0 0 
0 0 0 0 0 64 0 30 0 0 0 0 74 
0 0 0 0 0 0 0 0 0 51 0 0 
50 0 58 0 29 98 92 0 0 0 55 
24 13 0 0 0 0 0 71 0 0 
100 0 34 99 75 0 0 0 0 
0 74 0 80 0 0 0 86 
50 0 0 0 0 0 83 
61 98 0 0 9 0 
0 73 0 100 15 
0 88 5 41 
35 0 84 
75 0 
59 

#i: 16
66 5 0 16 0 68 97 67 7 0 0 0 0 53 12 0 24 0 67 5 0 54 0 0 0 0 41 0 0 0 79 0 
0 0 0 85 69 0 0 0 93 0 0 30 0 0 91 0 0 0 34 0 0 0 0 20 16 0 0 0 72 0 0 
0 89 71 37 0 0 0 63 0 0 0 94 3 12 0 0 0 30 0 88 87 48 0 88 64 32 0 0 0 38 
0 38 0 0 0 100 0 0 0 85 0 0 57 37 71 0 86 0 0 0 0 76 54 0 0 23 32 79 0 
49 0 0 0 0 42 47 0 0 0 1 69 0 0 0 0 74 39 0 0 0 26 5 69 84 0 10 55 
2 11 0 0 0 0 0 0 0 67 0 0 76 44 0 21 25 0 11 1 8 12 15 78 60 94 37 
79 59 0 78 0 74 35 78 62 0 0 0 49 0 0 65 0 0 33 0 52 0 0 29 0 84 
100 0 0 0 9 0 0 58 17 39 71 0 0 29 0 22 34 0 64 0 0 0 52 13 77 
0 0 38 0 73 0 8 0 0 94 44 22 53 52 0 0 56 42 0 40 63 75 100 1 
64 1 83 98 83 0 28 32 0 0 75 22 81 61 0 82 0 22 95 0 0 44 0 
0 15 0 19 54 7 73 54 0 0 9 0 0 33 0 17 14 0 0 65 0 75 
76 51 0 59 67 0 0 0 14 0 0 0 13 54 0 40 45 0 0 0 33 
22 87 66 0 63 0 0 61 0 0 0 88 0 82 0 20 51 0 76 88 
0 65 4 86 0 0 0 62 0 0 0 10 56 97 0 8 0 69 0 
54 34 0 0 0 0 0 0 0 96 0 0 0 0 0 0 0 0 
0 68 0 0 0 0 0 14 69 83 55 0 51 27 0 0 0 
78 0 0 20 37 0 0 89 16 0 0 0 0 0 66 54 
0 0 2 2 53 0 88 0 0 65 55 0 0 0 0 
0 67 88 0 51 47 0 0 19 0 14 47 47 0 
38 12 47 0 0 0 31 0 46 0 1 0 0 
0 87 31 0 91 0 0 9 0 0 0 0 
41 0 0 0 0 0 0 0 47 99 0 
63 0 70 0 0 0 58 63 0 0 
0 50 0 0 27 0 87 6 53 
0 0 0 0 0 41 0 12 
68 0 97 38 100 0 41 
0 21 0 94 53 76 
1 3 92 0 96 
0 0 0 19 
0 46 0 
0 0 
7 

#i: 17
20 71 0 60 70 91 0 0 30 0 0 0 5 49 0 34 0 0 0 0 67 40 42 0 0 0 47 0 49 0 0 
49 0 59 0 50 95 0 40 89 0 94 82 0 0 81 85 0 32 0 73 0 0 29 0 41 0 21 0 0 0 
20 56 0 68 44 44 82 0 0 48 20 28 54 0 0 18 18 7 85 0 0 96 0 0 86 0 7 8 0 
88 30 13 94 0 0 76 0 17 79 0 0 0 0 0 94 36 0 21 0 60 37 0 0 0 0 0 97 
1 0 25 55 0 0 55 11 67 0 73 0 29 43 0 86 64 82 0 37 0 33 62 0 0 10 90 
0 0 0 26 0 77 67 0 0 0 0 0 49 10 40 4 0 0 0 84 0 0 71 0 93 0 
78 19 0 0 0 0 0 0 8 75 0 3 0 0 87 49 2 4 0 20 0 28 6 0 0 
0 18 0 33 0 0 0 18 0 46 0 0 56 0 0 0 27 0 0 0 28 24 0 32 
0 0 0 53 0 64 0 0 0 0 0 0 73 43 16 0 0 90 69 0 0 100 83 
0 70 5 0 0 79 22 87 0 100 35 0 80 0 75 13 0 0 0 30 61 0 
0 76 0 25 7 98 0 0 0 0 0 90 0 98 18 95 0 0 0 41 0 
0 0 67 6 0 0 47 75 35 37 0 100 72 23 0 6 4 53 20 0 
0 50 0 98 82 19 0 73 59 8 18 64 10 0 0 0 92 0 0 
60 0 19 29 0 0 0 87 98 0 0 0 0 83 0 0 0 0 
4 53 0 0 56 0 0 0 0 0 0 89 0 43 0 20 0 
5 22 0 93 90 0 0 0 96 33 0 0 0 77 0 0 
0 25 0 94 0 0 0 0 15 56 0 46 87 49 0 
38 0 0 72 0 0 0 0 13 0 50 12 70 12 
93 47 5 0 0 0 72 0 0 98 0 44 62 
0 39 92 0 73 16 8 52 5 77 0 0 
22 0 0 0 46 11 0 0 72 50 0 
0 0 73 0 0 0 0 0 0 0 
0 14 0 61 0 60 0 0 74 
0 0 0 0 0 91 0 40 
18 0 17 17 73 76 51 
0 0 6 32 6 0 
0 0 69 28 0 
30 64 82 23 
0 0 0 
0 94 
55 

#i: 18
0 0 0 76 0 9 0 75 0 0 44 0 0 88 90 0 0 98 21 0 25 0 0 54 0 73 0 93 0 46 
62 9 0 0 0 0 7 0 0 0 0 0 44 51 0 0 0 74 0 0 20 0 86 0 45 27 0 0 84 
32 0 19 0 0 0 0 20 0 0 0 0 0 0 0 0 0 0 0 22 83 0 0 0 18 12 93 0 
0 0 100 0 51 0 0 40 46 3 0 56 96 0 21 95 69 95 88 94 90 18 0 69 92 28 0 
49 41 34 0 0 0 0 32 0 0 56 39 94 33 49 5 3 44 70 0 0 0 3 25 55 66 
52 0 21 89 12 37 0 0 47 0 86 0 0 0 0 10 0 0 0 0 0 0 0 48 0 
0 0 92 0 76 0 8 78 0 86 22 46 0 92 16 0 0 0 83 0 92 0 0 79 
25 0 0 21 0 0 33 0 0 0 71 0 21 0 0 0 0 0 93 0 1 0 63 
12 93 54 0 0 53 0 67 0 15 0 75 0 0 0 0 23 18 24 53 0 12 
68 0 63 0 15 20 0 48 41 6 0 39 0 89 28 0 18 0 0 57 60 
75 77 45 0 87 2 63 0 0 8 58 3 0 0 52 0 25 93 28 0 
95 92 0 40 8 0 0 0 0 0 73 92 0 100 0 73 55 0 0 
0 36 39 0 36 0 35 0 0 66 97 0 0 0 61 49 0 10 
75 0 0 10 0 0 91 25 0 85 0 45 80 36 99 0 0 
0 0 0 52 100 99 72 0 80 0 85 0 0 68 90 0 
95 0 0 0 0 0 18 0 0 0 45 14 88 43 79 
0 0 17 25 100 15 0 0 77 81 0 39 73 0 
0 31 11 87 0 0 53 0 74 37 0 0 83 
0 44 64 48 0 91 84 68 0 15 0 46 
49 64 0 92 0 20 0 0 76 96 40 
8 70 100 0 36 0 82 0 84 0 
31 0 0 0 2 0 0 0 44 
0 58 0 79 82 50 62 43 
78 49 0 0 97 0 0 
74 36 29 0 4 0 
83 0 0 13 89 
0 0 0 0 
0 0 0 
0 0 
73 

#i: 19
0 0 0 46 71 87 0 0 78 39 0 21 60 0 38 95 0 0 0 0 0 39 0 37 55 82 0 33 0 
0 15 26 0 0 0 0 0 0 25 0 0 0 18 82 0 0 0 95 100 56 12 42 72 75 74 0 0 
3 77 0 0 35 48 0 89 21 0 0 0 0 11 0 47 0 0 48 53 0 0 93 0 0 0 4 
0 91 47 0 0 0 43 0 0 0 0 58 33 55 66 29 5 0 66 0 21 0 0 59 0 9 
0 0 0 0 0 0 3 33 0 13 2 0 0 0 80 0 0 92 91 0 0 0 0 0 18 
0 0 0 0 84 0 9 0 0 25 49 26 10 0 46 0 45 0 0 0 14 0 63 56 
0 0 16 0 63 0 0 61 79 49 0 80 94 4 58 0 0 0 12 60 74 0 36 
59 3 0 7 0 47 42 0 0 47 47 29 28 0 54 96 0 0 2 0 76 0 
0 86 80 60 55 48 0 3 0 81 0 74 0 0 0 0 0 51 81 0 0 
0 90 0 32 19 6 84 0 0 79 22 0 88 0 89 0 0 83 0 0 
69 0 70 0 17 3 68 0 24 66 18 0 87 31 0 13 49 15 0 
29 16 0 41 0 76 0 82 0 0 0 68 61 61 0 62 0 0 
68 88 41 0 0 8 76 37 94 33 62 0 0 74 27 0 0 
0 4 0 0 40 0 0 64 4 0 19 13 0 23 44 0 
0 67 0 0 76 0 0 37 0 0 0 98 0 34 34 
0 28 0 0 0 32 0 68 0 0 56 0 0 31 
31 7 39 0 0 13 0 16 0 0 71 48 35 
45 81 87 88 51 69 78 0 27 81 13 61 
0 36 35 0 0 96 92 0 0 77 0 
40 0 86 0 45 0 83 0 3 44 
15 0 0 43 0 31 0 51 3 
0 0 96 77 0 12 87 90 
0 10 0 43 35 44 94 
0 8 0 0 18 0 
41 0 76 32 0 
83 82 0 24 
56 0 0 
97 21 
0 

#i: 20
15 85 83 0 88 79 35 0 45 10 0 0 0 0 0 0 43 7 25 80 27 0 32 0 0 15 72 59 
7 93 0 0 0 0 0 27 0 0 0 29 6 94 36 0 0 37 55 30 0 62 0 76 90 38 24 
55 0 0 4 64 44 0 0 0 25 11 0 0 0 0 6 0 0 8 12 0 0 0 0 0 18 
0 24 98 0 0 30 0 2 78 81 44 0 26 0 0 5 0 0 32 0 16 6 0 91 0 
82 0 81 0 45 0 0 39 16 29 0 0 0 40 53 0 96 0 0 0 0 83 24 0 
27 0 23 0 8 0 0 46 66 0 49 0 0 0 72 98 100 62 22 32 0 0 0 
0 71 16 50 0 11 0 0 0 0 28 54 48 94 10 0 78 100 33 91 57 0 
0 0 75 0 0 67 0 40 3 0 9 0 0 90 79 20 14 74 47 0 0 
0 0 15 0 100 72 38 0 0 0 28 94 95 9 0 9 16 0 74 0 
0 54 0 0 26 69 35 0 0 0 0 45 53 45 0 0 7 82 70 
0 0 0 51 0 6 3 16 0 0 0 0 0 24 75 84 26 0 
0 0 1 24 69 75 65 32 0 0 64 50 0 0 0 0 0 
31 0 0 0 19 0 86 92 0 0 0 0 96 63 0 42 
0 0 0 0 0 0 0 28 96 0 0 0 0 0 37 
0 85 56 20 78 91 0 88 52 49 0 33 30 49 
0 0 39 0 0 20 13 0 6 0 0 41 0 
0 40 0 0 7 0 0 0 0 0 0 1 
0 0 73 0 0 0 87 0 0 69 0 
56 16 0 0 0 64 0 71 12 15 
0 54 0 0 83 83 8 79 57 
36 35 67 89 27 22 86 13 
0 0 0 0 47 0 0 
80 0 0 0 0 95 
0 0 62 29 0 
72 0 0 83 
62 0 0 
60 0 
0 

#i: 21
3 0 0 20 0 41 0 0 0 86 99 91 90 0 58 0 0 0 0 30 0 71 6 0 61 57 0 
19 0 91 0 0 84 26 0 94 78 0 4 0 9 0 0 0 13 39 100 95 0 0 0 0 0 
44 18 81 95 92 0 0 0 52 78 74 72 50 0 35 0 91 0 21 0 0 0 83 0 60 
0 11 0 43 93 0 0 0 92 0 0 52 0 0 0 73 26 71 0 81 0 0 0 0 
36 0 0 0 0 0 0 0 0 0 0 45 96 0 44 6 0 20 0 23 0 58 1 
54 74 0 0 48 0 0 0 0 20 0 0 62 0 0 31 0 2 34 0 0 0 
0 0 0 0 0 0 0 0 71 27 0 0 0 38 51 99 0 61 0 0 0 
77 0 56 0 56 22 69 0 0 0 96 0 67 45 0 0 3 0 0 42 
96 0 18 0 51 0 0 0 0 50 0 96 0 66 5 0 0 0 0 
0 0 0 76 56 87 0 0 0 40 7 0 0 0 95 0 31 0 
97 0 0 0 0 0 0 0 0 0 8 0 0 6 0 0 0 
0 0 56 0 53 36 0 0 27 0 0 0 0 8 23 0 
0 24 16 79 0 0 73 0 0 0 35 0 0 4 85 
3 73 86 46 0 0 92 22 77 69 65 13 0 12 
99 0 59 0 0 0 0 42 0 67 82 0 0 
70 0 0 0 50 37 0 64 0 0 0 54 
0 31 34 0 19 0 40 0 81 41 52 
32 79 0 0 0 7 99 0 0 68 
0 2 0 0 82 0 0 84 0 
61 0 75 11 0 0 18 42 
55 48 0 18 0 9 70 
0 51 0 81 75 0 
92 5 0 43 0 
0 0 0 0 
0 0 0 
0 0 
0 

#i: 22
12 0 31 97 0 55 0 0 0 84 72 0 0 0 0 0 0 0 4 0 1 25 0 88 0 87 
30 73 0 0 0 71 0 49 0 0 0 0 100 0 0 0 0 3 4 25 48 0 0 0 94 
0 52 66 84 0 29 68 84 0 45 0 8 99 0 0 22 73 26 38 0 0 77 0 0 
37 0 0 28 75 0 0 0 0 19 0 0 0 0 0 47 0 79 0 0 22 69 95 
0 21 38 0 0 82 32 78 0 0 93 24 0 0 98 0 0 0 0 0 0 48 
41 0 0 45 0 17 0 13 59 0 0 98 71 88 49 0 13 0 88 0 0 
51 0 39 9 0 71 0 91 39 0 30 0 27 43 74 22 0 0 11 94 
0 0 0 0 89 0 0 0 0 0 0 47 28 80 63 0 0 40 0 
24 31 55 54 0 0 0 0 84 0 37 76 0 0 85 5 17 0 
0 70 0 75 0 46 84 21 0 100 0 84 0 0 0 0 41 
0 99 0 32 0 92 79 76 53 70 0 0 0 17 0 0 
48 66 0 0 6 0 82 44 0 46 0 40 0 28 0 
67 76 0 0 21 46 0 0 0 62 54 33 74 19 
63 0 0 9 57 11 0 0 0 0 0 37 23 
50 0 15 0 56 57 76 0 81 44 82 53 
15 1 28 62 0 0 0 0 0 0 0 
77 0 70 98 0 0 0 0 89 36 
13 0 35 0 22 0 69 0 97 
66 22 0 0 0 88 12 0 
75 19 1 2 0 0 0 
40 0 6 69 86 60 
0 87 93 0 78 
0 64 0 98 
0 22 0 
81 0 
0 

#i: 23
0 86 7 0 96 0 0 0 39 60 30 19 0 0 0 58 97 0 7 0 79 56 0 0 0 
0 61 26 0 6 65 0 0 68 19 37 0 0 0 92 96 63 0 0 99 56 0 33 26 
13 98 19 0 0 0 0 0 18 76 0 0 0 0 0 96 44 0 74 43 33 0 39 
75 0 0 0 0 0 27 94 66 52 77 0 37 15 37 0 0 28 0 0 0 94 
0 0 52 4 0 91 0 39 35 0 9 13 24 96 29 0 20 0 20 0 83 
86 0 7 0 7 4 0 38 0 0 0 0 97 0 98 0 0 15 0 2 
13 51 82 0 0 94 0 0 0 0 0 27 0 0 0 54 0 17 0 
2 0 21 0 0 0 0 23 2 73 82 83 0 18 0 0 44 25 
42 0 0 82 0 0 0 0 0 0 92 0 0 0 80 35 0 
34 95 41 9 0 49 64 14 83 69 80 0 93 0 0 42 
0 0 0 0 58 0 85 0 0 4 85 93 0 45 80 
99 0 0 0 0 0 0 9 0 0 0 0 0 1 
30 0 0 46 54 0 0 0 95 89 0 62 0 
59 0 0 0 0 0 0 27 0 0 0 85 
24 10 0 3 0 0 0 0 0 0 26 
0 43 2 66 66 0 0 51 0 69 
68 0 47 0 0 96 37 77 78 
76 0 0 24 3 24 0 58 
37 0 0 62 0 0 92 
0 0 0 88 0 0 
48 45 0 0 0 
33 0 0 21 
22 0 18 
26 79 
0 

#i: 24
100 67 60 80 0 5 70 75 0 67 0 6 37 0 0 0 0 9 0 0 0 91 55 0 
0 0 39 11 74 90 0 0 35 22 44 3 57 0 39 0 0 68 0 0 71 15 0 
25 0 0 93 0 59 0 0 21 0 76 91 13 40 34 71 94 0 0 47 27 65 
0 71 74 39 0 79 0 94 0 0 16 0 67 0 67 51 0 59 0 0 0 
0 0 0 0 0 93 0 21 11 19 63 0 0 42 83 4 0 0 50 68 
38 61 65 0 0 49 83 25 11 54 83 55 0 94 74 0 55 57 82 
0 93 73 51 65 100 29 0 0 87 9 83 98 0 7 76 17 0 
99 32 0 85 0 81 35 9 78 0 49 1 0 49 0 0 77 
0 2 0 0 20 0 0 0 54 38 0 0 91 0 0 0 
86 0 0 6 0 11 83 0 0 0 41 95 0 48 39 
0 66 93 58 0 0 17 0 0 0 10 0 63 0 
0 0 39 0 64 43 0 0 0 0 12 21 0 
0 72 0 23 72 41 0 0 87 96 0 0 
0 68 0 83 21 0 0 17 33 95 0 
20 0 0 0 30 0 88 0 83 0 
0 0 81 0 0 43 0 0 16 
72 0 0 49 18 30 95 0 
0 0 11 22 0 86 30 
92 0 0 63 65 47 
61 0 18 0 0 
12 55 67 0 
0 66 0 
66 0 
0 

#i: 25
0 0 0 0 66 0 0 0 62 95 0 9 0 0 0 71 0 0 0 66 0 0 34 
58 0 52 59 0 0 0 0 0 79 48 0 0 41 0 0 0 94 71 0 0 53 
31 67 46 100 21 52 0 0 14 16 1 0 0 0 0 0 67 0 5 15 0 
55 0 48 97 1 27 0 0 0 63 0 0 58 0 0 0 83 0 98 0 
60 77 0 9 91 42 0 0 14 0 0 12 88 7 88 9 94 0 94 
57 0 0 47 0 15 0 79 0 0 4 71 0 82 71 0 0 94 
0 2 0 0 0 0 0 40 0 0 74 28 15 64 100 0 51 
0 40 82 0 0 0 73 0 32 57 33 45 0 69 0 0 
86 0 0 0 0 20 5 56 0 0 0 0 0 0 82 
24 31 0 55 97 0 26 58 32 68 0 0 0 0 
75 42 0 96 47 0 52 0 0 0 91 37 71 
34 45 0 0 0 60 0 0 0 0 12 15 
13 38 13 0 63 36 28 0 5 0 6 
0 0 46 12 91 0 46 79 0 0 
0 29 58 0 0 0 15 17 0 
0 0 0 0 0 0 40 0 
0 60 14 0 7 0 32 
0 93 54 0 0 30 
83 0 71 0 0 
0 0 0 46 
0 0 0 
16 2 
0 

#i: 26
0 0 0 85 26 0 2 0 43 0 6 52 0 0 25 20 0 30 82 0 0 0 
38 65 40 36 0 0 0 72 0 64 0 63 73 10 0 75 13 0 100 24 0 
90 80 0 94 0 0 0 0 0 42 10 0 30 58 97 22 57 44 0 4 
2 54 0 0 82 1 79 60 78 96 58 57 0 0 15 0 28 0 0 
0 0 0 10 11 52 53 0 46 0 0 0 0 0 0 47 60 21 
0 92 0 3 0 51 0 73 30 78 47 72 0 2 19 0 0 
0 31 0 0 46 0 73 0 19 0 0 0 0 0 24 73 
0 0 87 93 0 98 0 0 0 26 0 84 42 54 0 
82 78 0 56 38 0 0 0 0 0 0 57 86 53 
0 69 50 0 78 57 0 58 30 89 0 0 88 
19 54 83 0 14 0 0 0 14 43 23 0 
84 47 37 0 64 0 8 0 0 0 0 
47 30 98 20 66 0 0 84 0 73 
0 99 72 0 0 0 80 75 0 
54 0 0 0 45 0 22 0 
0 1 40 0 0 0 63 
32 0 0 0 14 5 
0 50 0 0 0 
52 3 88 0 
0 100 0 
94 0 
0 

#i: 27
0 0 70 49 14 73 89 0 0 85 88 0 92 70 0 92 77 28 0 57 0 
7 0 35 0 0 37 21 0 77 0 0 0 87 81 36 0 19 0 80 0 
0 15 0 18 0 0 23 87 0 22 0 77 0 0 9 89 39 12 0 
0 58 0 0 0 0 100 37 0 32 0 32 2 0 18 95 0 31 
87 0 70 0 68 2 0 0 0 0 60 0 25 0 0 5 0 
0 0 0 37 0 100 74 89 0 0 100 8 10 81 0 51 
31 0 60 99 42 0 76 0 0 0 7 91 8 6 13 
0 0 0 56 54 23 0 0 50 0 0 4 0 17 
9 88 0 0 0 17 75 0 0 55 0 0 0 
70 10 67 0 32 0 0 91 42 87 0 0 
63 76 86 40 74 0 0 11 91 0 0 
96 38 0 0 0 0 56 55 0 0 
0 37 0 0 87 91 61 0 8 
0 36 0 0 0 71 63 0 
53 59 8 0 31 0 0 
0 0 0 76 0 0 
47 0 0 27 17 
8 72 53 0 
0 0 45 
0 0 
61 

#i: 28
22 0 52 82 0 0 0 0 26 0 0 84 0 42 24 94 0 92 0 0 
0 0 0 0 0 0 0 20 50 29 0 87 0 6 0 0 0 100 0 
0 0 46 0 61 0 92 75 0 92 25 68 52 89 0 82 61 31 
58 0 0 0 53 24 0 0 24 0 0 10 0 0 68 0 72 
12 0 98 60 86 91 0 57 24 0 74 86 46 0 0 64 
0 0 0 25 0 48 65 0 0 40 54 0 0 40 7 
78 0 41 88 0 0 78 63 0 0 0 2 0 0 
0 0 72 0 36 28 0 64 0 37 0 0 0 
63 4 0 0 0 54 42 38 0 0 69 4 
0 100 0 0 0 0 0 69 78 94 57 
0 0 0 66 44 22 0 0 37 0 
57 72 64 35 0 7 0 97 0 
0 82 49 0 0 0 36 77 
47 66 0 0 20 55 0 
0 0 0 20 0 0 
0 0 56 1 0 
1 0 0 0 
81 0 41 
67 0 
0 

#i: 29
0 14 0 0 7 0 72 18 0 0 0 24 86 0 11 70 21 51 0 
61 43 0 100 34 0 22 37 0 0 53 35 0 0 0 62 32 69 
4 33 28 0 0 0 0 99 79 0 37 0 75 60 0 29 0 
0 0 19 82 0 0 75 0 0 0 0 97 40 9 93 0 
62 29 55 0 79 0 40 29 66 2 10 0 80 0 0 
0 50 0 9 33 0 0 5 77 37 0 0 55 16 
0 64 33 93 0 9 38 0 97 0 0 0 0 
33 90 0 0 27 0 1 0 0 0 4 29 
0 91 96 51 82 0 0 35 0 0 0 
0 0 0 21 4 6 0 0 20 0 
0 0 82 0 0 0 0 0 0 
0 21 0 95 0 0 0 0 
0 77 0 0 32 0 0 
0 0 0 0 44 0 
44 0 0 75 72 
0 60 0 62 
0 28 0 
88 29 
83 

#i: 30
0 86 26 77 0 0 0 25 90 98 0 13 49 0 100 0 0 0 
0 0 0 30 0 0 33 88 0 42 26 0 0 0 0 0 0 
0 53 0 0 86 0 0 58 41 0 0 0 0 0 12 35 
0 38 0 80 0 17 0 54 0 0 0 5 0 11 0 
0 21 40 37 0 0 0 0 16 8 0 98 0 0 
21 0 89 19 12 37 76 60 75 35 0 0 0 
0 23 2 9 28 52 32 22 0 2 7 0 
53 0 0 96 91 0 43 0 0 81 0 
90 0 0 0 23 42 26 0 58 82 
79 0 0 27 79 22 0 47 0 
95 0 0 0 36 0 0 90 
96 0 0 0 66 67 0 
0 0 98 1 51 50 
12 0 86 92 96 
0 16 0 0 
27 0 68 
0 0 
0 

#i: 31
48 0 0 0 0 98 0 0 54 0 54 0 0 0 0 0 56 
0 50 0 0 0 0 0 0 26 0 0 0 0 80 96 0 
0 0 69 44 59 0 0 0 0 0 0 31 0 0 88 
42 55 0 95 0 0 0 0 43 0 49 13 33 0 
0 17 31 74 0 0 92 24 0 0 0 99 0 
60 91 75 94 50 0 65 68 0 43 48 0 
36 78 0 4 5 0 0 35 18 49 10 
88 0 0 67 17 94 0 0 0 0 
0 32 86 65 85 0 0 0 89 
55 24 77 0 0 54 99 71 
0 43 0 0 0 46 49 
86 80 0 0 0 0 
67 0 0 0 0 
0 0 0 0 
28 0 0 
0 23 
98 

#i: 32
0 52 31 0 0 0 91 0 20 0 28 0 0 57 0 78 
0 48 0 0 0 0 86 0 30 0 20 0 0 17 5 
32 0 0 6 0 55 26 0 7 28 0 0 0 0 
17 0 0 95 0 86 0 33 0 32 0 93 0 
67 0 79 12 0 9 1 47 33 34 90 49 
8 72 0 63 19 0 0 37 63 0 0 
0 84 0 83 83 0 25 97 22 2 
0 0 17 48 0 87 19 0 0 
62 31 94 19 62 0 7 2 
9 94 71 0 43 42 92 
72 20 0 0 0 88 
0 47 20 34 0 
0 89 0 86 
0 0 51 
44 6 
74 

#i: 33
5 83 9 0 0 0 0 0 0 59 0 0 95 93 78 
33 93 0 15 0 78 0 0 2 67 0 0 30 0 
43 0 89 80 0 64 75 0 95 52 0 8 0 
0 0 67 0 0 0 0 7 0 0 81 0 
0 0 15 91 60 2 0 56 0 98 0 
0 0 61 0 10 0 91 0 44 10 
76 0 0 51 0 0 28 0 100 
23 3 54 86 45 0 28 0 
0 52 0 0 26 14 0 
0 0 0 37 0 0 
0 41 20 0 0 
0 26 0 0 
49 0 22 
0 12 
0 

#i: 34
0 0 0 0 0 0 100 48 0 0 61 7 42 0 
75 92 0 61 45 44 0 0 5 0 50 0 57 
0 30 0 7 0 27 0 80 0 59 0 0 
0 14 0 0 27 5 18 78 65 23 17 
0 42 21 6 50 0 0 85 0 88 
0 0 95 0 6 0 0 0 0 
0 75 0 56 0 0 13 22 
8 0 4 55 39 0 0 
0 0 0 60 0 0 
83 71 0 85 14 
0 0 0 0 
0 82 57 
0 51 
93 

#i: 35
0 0 49 0 0 0 72 0 60 0 23 0 0 
78 0 39 0 23 24 0 19 0 0 87 81 
0 0 0 59 0 0 0 40 44 82 47 
18 10 79 0 0 69 0 25 85 86 
0 9 37 36 0 0 0 0 93 
28 62 0 0 0 90 0 63 
0 0 28 0 0 0 14 
3 47 24 0 15 80 
0 0 0 14 0 
68 13 72 0 
0 0 89 
98 90 
0 

#i: 36
0 0 0 0 13 42 56 0 64 63 0 99 
0 0 8 0 95 0 0 52 0 0 94 
0 14 0 49 71 31 0 0 25 0 
14 0 97 0 0 0 0 0 0 
57 28 16 56 0 18 8 0 
0 0 0 95 49 64 0 
69 0 0 0 50 40 
44 34 12 0 1 
99 0 0 12 
0 59 80 
23 0 
0 

#i: 37
0 40 0 96 0 56 59 93 0 0 15 
0 0 100 75 0 66 0 62 37 65 
86 0 53 0 0 38 7 0 4 
0 0 0 0 0 30 78 0 
50 48 0 51 67 0 0 
34 1 0 30 0 0 
23 98 62 32 0 
0 46 87 0 
13 30 46 
0 82 
53 

#i: 38
0 0 0 74 40 64 27 0 0 0 
0 62 0 0 69 98 98 59 47 
0 62 65 83 22 28 0 0 
6 0 33 75 51 0 56 
40 99 4 95 0 60 
0 0 0 0 49 
0 0 0 87 
89 75 100 
0 100 
66 

#i: 39
0 50 23 0 77 0 67 22 3 
0 0 0 0 0 0 17 0 
0 24 0 0 30 19 23 
12 0 8 0 0 22 
34 0 0 0 58 
30 0 0 5 
0 36 0 
16 39 
77 

#i: 40
0 0 0 25 0 0 0 4 
0 0 0 48 0 18 49 
47 60 38 0 70 79 
7 0 89 0 63 
0 47 0 0 
62 97 60 
0 77 
55 

#i: 41
0 0 31 0 0 0 48 
0 0 0 0 0 24 
0 53 0 0 0 
8 37 0 0 
0 0 73 
88 33 
0 

#i: 42
0 0 0 77 0 62 
67 0 91 86 84 
0 38 68 0 
44 16 0 
79 28 
0 

#i: 43
62 0 2 29 83 
0 0 81 0 
0 55 0 
8 23 
0 

#i: 44
47 0 81 0 
81 9 35 
0 16 
0 

#i: 45
28 94 0 
0 7 
0 

#i: 46
0 0 
0 

#i: 47
75 

#i: 48

#i: 49

ckp-50-0.5.txt