#number of items n
55

#knapsack capacity b
811

#constraint coefficients a
3 2 41 38 44 5 3 50 19 19 45 10 25 27 32 10 37 14 25 26 28 4 2 32 39 48 40 39 49 41 8 23 41 32 2 21 23 25 7 43 11 12 13 13 32 41 5 18 17 15 36 29 38 27 7 

#linear coefficients c
64 0 0 4 28 37 0 55 0 27 0 4 76 0 0 0 45 0 33 0 71 0 0 100 0 83 41 24 0 0 33 0 0 0 61 64 0 21 0 0 0 24 0 0 0 28 0 98 0 30 38 0 0 0 0 

#quadratic coefficients C: i < j
0 87 0 26 95 0 0 0 22 4 0 0 66 0 0 66 9 0 0 0 0 55 57 91 0 0 0 0 0 48 0 0 86 56 32 60 2 0 33 31 3 71 0 0 52 0 0 0 47 21 0 66 8 0 
0 0 5 0 53 0 0 47 71 0 98 73 99 46 0 72 90 0 0 54 35 0 29 0 69 0 16 0 0 0 13 0 36 0 0 0 0 0 98 0 13 29 0 0 0 17 0 50 0 97 0 28 68 
0 37 0 54 0 0 34 73 0 0 0 67 0 50 6 47 0 73 81 0 15 90 19 98 0 71 28 0 0 68 0 0 98 66 79 93 0 35 0 61 64 0 0 0 0 0 42 46 83 38 0 0 
99 0 17 33 32 16 97 0 0 55 30 77 0 0 0 24 92 78 0 34 0 0 0 57 96 0 0 0 0 0 40 0 0 0 0 17 0 83 0 0 0 64 25 56 0 0 8 3 0 2 0 
0 0 0 82 0 18 7 0 0 9 0 42 0 73 0 47 0 46 0 24 0 0 0 69 0 31 91 0 0 0 51 0 85 0 17 0 24 0 0 77 53 0 0 0 47 0 0 82 0 55 
76 84 65 50 26 83 0 27 27 0 25 0 35 43 0 76 0 71 75 59 0 1 97 0 0 74 0 0 0 0 56 0 0 70 0 0 0 49 69 0 70 7 26 55 2 3 29 16 72 
91 0 46 100 0 0 0 0 0 0 31 0 0 0 28 98 0 0 0 8 0 0 31 0 76 58 0 0 63 30 0 0 87 0 0 41 72 0 0 93 0 0 0 0 0 10 0 22 
0 0 0 23 0 0 96 0 0 0 0 66 87 37 97 96 88 0 0 0 48 0 44 10 0 0 94 0 0 86 0 0 1 0 33 64 0 0 0 0 17 0 79 93 85 90 40 
0 83 21 64 0 37 0 0 56 0 0 74 91 10 0 0 0 0 0 54 0 0 0 0 69 42 56 100 0 47 58 0 0 0 0 0 30 0 0 84 29 31 79 0 87 59 
0 63 0 33 63 73 88 45 53 17 48 97 0 14 0 39 0 88 90 51 0 0 65 0 0 68 0 98 89 6 69 30 0 0 0 30 89 41 0 91 0 50 0 73 0 
0 46 21 77 42 0 0 0 94 13 0 69 0 0 96 96 45 0 0 0 75 0 0 0 97 84 31 67 0 0 90 53 53 0 0 0 18 0 0 0 30 0 93 0 
88 0 0 0 6 68 9 0 0 38 0 0 54 0 47 0 33 65 53 13 0 52 0 75 0 58 55 0 13 0 0 11 52 12 91 60 31 0 0 63 68 48 15 
0 0 0 0 18 15 54 2 28 69 0 0 0 0 27 0 0 0 39 0 94 80 94 44 87 0 61 0 0 6 0 27 1 96 54 53 1 43 0 0 0 0 
0 70 22 60 17 83 30 54 0 0 0 0 0 0 29 65 0 0 0 44 64 0 0 11 0 0 0 0 95 0 0 0 0 0 4 0 1 73 97 14 0 
28 0 0 29 77 0 0 61 65 52 95 0 36 44 85 31 0 89 0 0 24 0 2 0 0 5 0 0 89 74 1 0 9 71 77 65 7 5 0 0 
32 0 0 51 0 0 0 0 0 37 12 60 0 0 91 0 78 0 0 80 32 73 10 0 0 0 0 32 34 0 0 0 14 77 0 0 0 0 40 
0 64 22 0 50 76 0 0 0 34 0 30 90 0 0 67 39 0 0 10 80 0 80 69 0 43 29 0 0 0 58 19 0 0 0 46 57 7 
31 30 8 0 0 38 19 0 0 50 0 7 0 0 68 98 0 24 0 0 0 0 0 23 0 17 0 90 79 0 0 24 0 0 83 0 38 
42 7 18 0 0 76 0 23 0 57 0 15 0 0 0 14 0 0 50 0 13 0 88 0 0 0 51 0 87 0 86 0 87 0 0 0 
0 0 0 57 38 51 0 29 0 77 0 8 0 0 0 41 17 0 43 0 10 98 0 34 0 68 20 15 0 0 48 0 60 0 0 
34 13 0 0 0 0 0 0 0 0 47 0 0 4 0 64 0 0 32 0 67 0 0 0 0 0 0 0 81 0 36 0 0 0 
46 0 74 0 22 6 0 62 45 40 72 0 76 0 0 0 0 86 0 12 0 25 0 46 80 0 0 0 0 0 0 0 0 
85 5 60 83 0 65 43 41 68 3 22 99 100 0 0 93 28 0 44 0 0 0 76 93 0 0 0 0 0 41 0 0 
24 0 8 16 8 55 0 73 0 97 61 31 61 76 0 64 0 18 63 0 20 0 2 0 64 78 0 0 0 0 0 
0 38 77 0 0 51 0 65 55 0 0 3 0 0 0 63 0 0 41 0 42 92 0 80 43 0 36 35 38 22 
46 74 0 97 28 93 6 67 27 52 57 0 0 62 0 0 0 38 22 0 7 54 0 88 34 71 0 0 97 
0 100 91 0 77 0 80 49 80 22 0 0 0 38 64 10 0 14 0 67 0 9 63 96 0 17 49 0 
86 32 20 43 57 0 92 0 57 33 0 12 75 69 0 33 0 59 66 30 0 0 0 49 0 0 100 
74 0 0 0 4 0 17 0 38 90 0 42 0 0 0 0 85 39 81 96 76 44 71 37 0 0 
98 0 96 0 22 34 0 0 64 13 0 45 0 23 78 0 9 0 51 0 0 90 80 0 88 
16 5 16 43 0 86 34 0 0 0 1 77 55 35 55 26 0 78 0 0 0 0 0 70 
0 0 0 0 0 40 0 11 86 0 68 0 47 67 85 0 18 43 34 24 100 0 25 
0 65 0 0 100 0 47 87 0 0 0 30 76 98 0 98 0 12 0 62 0 31 
50 99 38 0 25 91 5 46 12 0 83 74 0 25 73 1 28 26 1 47 73 
0 0 0 47 0 42 0 0 3 0 62 0 0 31 0 0 74 82 53 64 
0 7 0 61 90 0 4 69 0 7 53 0 17 21 0 0 0 74 0 
90 0 41 78 0 22 42 0 0 0 10 69 41 0 0 0 0 45 
0 0 9 76 0 0 0 0 16 38 0 0 20 35 14 42 0 
1 0 0 74 5 0 0 37 0 52 46 41 24 0 0 93 
0 88 73 0 0 81 92 0 21 16 0 0 0 0 77 
62 56 44 65 75 0 0 88 0 35 58 72 10 0 
55 82 0 0 0 0 16 0 0 11 0 0 79 
0 68 0 51 0 84 67 0 70 0 0 0 
0 70 0 0 0 99 8 0 0 0 0 
67 0 0 0 0 0 61 32 4 63 
48 55 0 95 77 48 39 0 0 
0 0 0 65 0 0 0 89 
0 0 54 0 39 66 0 
52 0 49 0 0 49 
4 6 51 41 17 
61 0 12 69 
0 76 0 
0 0 
0 

#cubic coefficients D: i < j < k
#i: 0
73 48 0 38 0 77 0 0 0 6 0 19 48 36 35 0 0 68 0 0 0 43 71 0 5 0 0 0 0 90 0 79 96 80 42 7 0 86 21 0 42 33 13 0 0 0 8 51 29 37 88 0 13 
0 12 0 85 0 16 6 96 0 51 78 23 0 31 0 78 27 0 45 0 82 72 37 72 25 0 1 79 18 79 0 0 2 0 26 89 33 68 54 0 3 8 20 0 0 0 59 0 0 0 0 0 
88 29 2 0 11 0 96 22 0 98 60 0 0 0 0 47 0 66 55 64 0 0 48 16 0 0 86 0 32 0 0 0 50 0 74 0 78 54 0 43 0 84 100 68 82 6 0 0 0 19 0 
0 17 70 0 12 0 29 0 52 0 31 0 63 0 0 83 0 7 0 0 0 15 0 0 0 0 29 0 0 0 96 91 97 0 0 52 34 0 32 0 65 0 0 0 0 0 0 66 26 34 
74 98 12 0 63 0 0 0 89 0 68 0 86 0 73 0 0 0 60 0 0 0 0 25 52 82 92 0 0 70 66 0 55 11 0 0 72 0 0 0 0 0 0 80 0 30 46 40 48 
91 74 63 93 92 0 0 73 0 0 0 0 0 0 66 0 0 0 8 0 0 0 97 0 88 0 77 33 35 22 91 0 75 42 0 0 56 0 0 44 0 12 0 2 4 25 59 41 
30 0 46 0 86 18 0 0 0 0 0 86 0 6 15 0 0 0 0 0 34 47 89 8 93 52 22 98 98 0 43 13 0 11 89 0 40 0 91 0 0 0 0 2 0 83 0 
47 0 36 88 0 0 0 86 24 0 0 66 78 0 72 0 14 4 0 0 86 68 71 0 84 76 47 0 13 82 0 0 0 0 21 0 0 0 0 0 67 0 15 0 38 95 
97 100 0 0 0 0 0 85 0 0 0 0 70 0 14 0 64 0 91 39 16 18 0 0 48 0 0 59 98 0 0 61 0 25 34 28 82 0 0 70 41 0 78 15 0 
62 23 48 76 63 0 0 0 30 0 0 52 66 26 0 17 0 0 14 4 69 0 39 0 0 0 36 5 87 0 0 74 0 0 0 17 24 0 30 0 73 7 0 92 
59 0 88 0 95 0 0 21 0 0 95 23 83 0 0 34 28 32 18 27 0 15 99 0 0 22 25 0 0 97 17 0 0 0 0 0 93 0 0 0 68 0 8 
56 1 0 0 64 0 45 10 0 79 0 73 55 0 0 78 0 0 0 0 0 0 70 73 21 0 54 0 0 0 97 17 61 0 0 0 0 41 96 0 59 12 
20 9 0 0 63 0 0 18 1 0 0 0 0 87 61 48 31 19 0 0 8 0 0 0 19 0 47 0 90 0 26 0 0 45 85 39 0 0 0 30 59 
0 0 0 89 36 0 64 0 54 54 95 45 0 67 0 0 9 12 0 1 0 0 74 0 0 10 42 0 0 0 28 87 49 75 37 0 0 33 2 44 
0 83 61 0 15 78 0 0 49 76 0 0 17 0 0 38 47 0 0 50 0 0 29 31 0 0 0 72 36 82 0 0 28 97 0 0 0 15 87 
94 99 0 0 50 0 69 22 13 51 63 0 0 0 0 44 51 0 35 43 63 6 50 0 0 0 94 0 0 66 43 0 0 0 44 0 0 0 
74 0 0 94 87 0 0 94 86 73 47 0 0 0 16 7 25 21 0 0 27 0 24 0 0 0 36 53 25 63 16 100 17 1 0 0 82 
0 54 0 0 48 87 75 7 70 46 53 8 2 11 55 54 0 81 66 49 68 0 74 0 0 0 0 93 0 39 0 77 0 0 0 0 
37 59 0 10 0 90 0 88 0 0 58 0 56 93 79 77 64 0 0 0 0 20 0 0 0 0 16 30 5 0 4 0 0 0 68 
21 29 87 79 57 62 0 93 39 96 73 0 49 0 43 0 0 39 0 0 33 0 68 78 0 0 0 87 0 1 0 0 0 0 
10 15 0 32 0 0 90 3 27 83 36 52 0 0 0 42 63 34 98 87 0 0 0 28 17 0 44 0 0 0 0 0 0 
91 29 0 22 0 40 48 52 0 79 0 32 29 100 0 94 3 27 0 65 63 0 0 22 81 51 0 55 20 0 0 78 
0 93 0 0 45 54 0 0 47 0 17 0 0 17 0 100 48 37 71 54 0 100 27 0 37 0 83 61 69 22 53 
45 99 0 0 0 0 10 85 35 0 0 57 6 26 0 0 0 62 0 21 0 57 0 21 0 0 0 0 91 0 
0 0 0 90 57 0 79 92 0 0 5 0 0 35 30 0 0 86 0 38 66 0 94 83 46 0 33 0 76 
0 0 1 0 35 0 0 0 98 0 86 0 28 0 33 0 0 88 19 84 54 27 0 0 5 24 0 0 
0 1 0 52 0 0 56 82 99 58 43 83 16 0 59 0 0 0 18 0 0 98 0 90 0 0 0 
0 37 5 47 26 0 0 0 0 0 0 0 43 0 19 0 0 1 0 67 0 0 73 0 0 52 
53 0 0 33 0 41 56 0 0 0 0 6 6 11 0 0 0 0 0 0 0 0 0 28 70 
4 8 0 0 0 0 74 45 0 75 44 88 55 100 66 0 75 0 0 0 25 0 0 94 
89 0 0 59 15 85 25 0 10 0 65 0 0 77 36 0 31 51 61 0 0 73 0 
69 0 14 27 0 55 0 0 41 19 27 2 0 0 0 49 83 0 0 14 0 0 
0 62 86 0 42 76 0 0 0 0 0 68 0 0 31 0 22 45 0 0 10 
51 17 72 0 0 5 36 66 66 0 76 83 75 60 32 0 52 53 67 15 
21 75 0 0 0 46 9 0 97 0 0 28 0 67 0 98 0 34 0 
88 0 0 61 0 39 0 0 0 0 97 86 34 0 0 4 0 85 
0 69 82 46 0 34 65 34 86 32 95 47 58 0 43 0 87 
0 0 84 8 2 97 0 0 0 0 57 56 63 38 78 9 
0 0 0 38 0 0 86 63 0 74 70 0 45 0 0 
82 46 0 44 0 0 0 71 0 72 0 0 0 0 
40 0 22 0 88 0 0 96 21 0 0 0 91 
78 71 75 0 0 30 0 9 0 28 0 0 
0 0 42 11 0 87 29 0 39 0 74 
0 27 71 13 0 0 0 0 0 0 
0 0 31 73 0 31 57 0 0 
0 43 59 3 0 86 0 25 
36 0 36 0 0 11 16 
0 0 96 0 73 100 
0 84 49 0 0 
0 62 0 99 
0 0 0 
0 0 
0 

#i: 1
0 5 100 0 0 0 0 0 0 0 0 38 85 0 0 87 3 87 7 87 8 35 13 0 95 87 24 0 39 0 77 100 0 0 0 0 0 0 36 9 7 39 0 5 100 0 11 56 65 0 91 0 
88 0 28 35 0 0 61 90 0 91 0 0 0 37 34 0 0 0 0 0 0 58 0 0 0 72 31 92 100 0 38 0 0 90 0 0 79 0 49 0 100 0 0 45 4 57 0 35 0 0 12 
0 10 0 0 24 0 0 0 0 0 7 52 0 0 65 0 0 0 56 19 0 0 10 67 11 67 37 34 49 42 0 0 88 8 6 67 67 0 35 0 95 1 0 31 0 21 0 35 0 0 
79 0 0 81 0 39 0 0 19 0 0 0 16 0 0 0 9 0 0 0 0 0 0 40 56 0 79 41 0 0 32 0 66 0 88 0 30 0 0 0 16 0 0 0 96 26 87 6 0 
33 32 32 0 0 88 0 21 73 63 14 0 0 0 0 64 0 99 40 83 0 72 0 0 41 0 0 37 8 92 100 80 0 0 72 0 0 26 67 58 0 0 63 16 0 6 56 0 
0 92 0 0 17 0 0 56 65 0 45 0 19 0 70 0 7 92 0 67 0 99 13 26 0 0 0 68 29 0 0 0 67 72 0 0 0 76 60 0 0 52 0 0 0 98 0 
64 0 79 64 88 0 14 0 14 0 0 0 0 0 94 88 79 84 0 0 7 0 98 0 20 0 0 0 19 0 42 56 0 82 22 0 0 0 0 63 58 0 89 64 0 26 
0 99 0 15 61 48 91 0 99 96 0 6 0 68 1 75 33 0 0 97 0 0 69 27 25 75 7 26 0 31 0 0 0 0 0 4 84 0 0 0 0 24 0 0 10 
59 0 14 0 97 0 99 5 4 1 0 91 28 0 73 0 0 91 24 0 45 21 47 83 0 49 12 84 0 88 0 73 0 0 0 98 47 0 12 12 87 0 55 99 
0 0 0 77 0 0 4 82 86 0 0 0 0 10 43 0 88 0 0 0 0 11 4 16 0 71 0 0 32 0 0 70 93 0 36 0 0 0 0 24 22 0 0 
9 70 78 15 0 0 40 42 0 1 0 0 70 60 10 62 33 0 65 34 0 59 30 0 0 0 0 0 83 0 0 13 46 47 17 0 0 67 84 0 0 67 
23 8 0 73 0 54 0 74 0 57 0 0 46 51 0 9 0 7 45 67 44 81 10 0 74 55 0 0 0 62 92 0 37 0 0 91 0 0 24 0 51 
0 58 18 0 46 0 11 0 80 53 0 37 68 9 0 0 0 53 24 0 96 2 0 82 98 5 52 14 15 88 6 0 0 89 18 59 37 0 96 0 
0 0 0 0 0 30 0 84 0 0 0 39 52 0 21 64 0 23 23 82 43 0 28 0 3 0 0 0 0 39 0 39 70 24 0 0 0 0 43 
23 57 0 0 7 0 0 0 5 0 0 12 0 0 19 0 0 0 25 0 52 0 56 84 44 24 71 83 0 0 65 0 51 95 0 41 0 0 
0 73 25 54 16 0 0 0 58 4 37 0 0 65 91 25 27 0 95 0 0 95 65 0 0 18 14 20 1 0 59 0 0 0 0 0 0 
0 5 23 0 0 66 0 0 35 59 59 0 0 82 25 98 0 35 0 21 12 50 30 98 0 0 50 20 0 0 0 32 94 8 0 3 
0 0 0 0 97 90 0 0 54 0 0 0 2 0 87 0 0 0 0 20 0 0 0 33 54 99 11 0 2 82 0 0 91 0 0 
28 0 0 74 0 0 44 87 0 0 0 100 75 0 69 16 28 0 26 94 0 0 0 16 0 95 86 76 0 0 0 0 0 0 
34 88 16 9 97 0 88 0 0 0 0 0 0 86 0 33 18 39 0 51 3 57 0 62 0 33 1 0 55 0 77 0 17 
0 0 0 98 13 22 0 0 100 0 0 0 55 0 0 0 0 0 37 69 0 75 96 0 86 0 0 0 87 85 0 45 
76 0 0 48 0 11 22 0 23 0 27 86 0 0 0 0 29 0 0 33 53 0 0 36 20 0 0 0 0 39 0 
0 0 0 35 0 0 46 0 0 0 0 0 0 0 62 72 0 60 1 72 0 0 31 68 0 59 58 0 0 18 
46 42 75 0 49 13 32 0 0 74 0 98 0 8 0 54 14 69 0 0 0 0 80 2 79 0 0 58 24 
37 22 0 0 56 99 0 46 45 74 0 0 0 91 55 0 59 72 35 1 75 0 2 0 55 0 0 0 
0 3 0 0 0 52 81 0 0 15 0 0 0 27 2 60 0 0 18 85 3 0 1 25 20 0 0 
0 0 0 0 0 93 0 56 0 47 53 99 0 56 0 0 0 51 2 0 42 0 0 0 0 0 
14 0 57 0 0 0 26 0 0 89 0 52 0 0 75 0 99 0 0 96 0 11 0 72 0 
0 25 0 0 0 0 49 0 0 0 85 31 0 61 0 0 0 91 34 0 9 0 14 20 
0 0 39 39 0 62 0 0 54 0 24 0 0 0 0 0 24 0 52 0 0 83 99 
0 0 0 12 90 0 0 54 0 56 0 0 73 28 20 53 41 0 37 8 31 89 
0 0 60 66 0 45 0 6 40 63 0 8 0 4 0 0 0 0 0 0 0 
0 42 33 92 32 83 0 77 0 54 96 88 97 0 0 68 0 0 36 80 
0 5 0 0 41 0 0 0 21 0 91 0 0 33 17 96 0 0 33 
94 88 0 69 53 0 70 15 65 0 0 0 33 67 0 72 0 29 
0 0 84 0 0 0 0 0 32 0 42 0 0 0 0 0 0 
45 22 100 88 0 0 59 38 69 0 0 32 0 0 0 0 
0 21 0 58 98 83 0 0 64 0 65 39 0 0 0 
27 70 32 50 94 0 0 0 0 0 25 0 30 0 
80 20 25 0 0 75 4 0 0 0 52 0 0 
0 25 31 9 0 90 53 6 0 0 0 0 
0 74 0 0 0 33 0 49 0 0 0 
4 0 0 91 0 41 0 0 0 0 
13 82 46 74 0 32 0 0 0 
0 20 0 0 49 53 0 0 
0 0 16 16 0 17 0 
0 25 6 0 53 77 
0 17 62 65 49 
0 37 43 0 
0 64 60 
41 0 
16 

#i: 2
0 92 0 0 88 31 0 0 23 0 0 0 0 0 0 0 0 36 0 0 0 62 0 97 37 65 62 42 0 45 96 0 0 0 12 0 0 0 68 41 49 0 0 0 13 0 0 0 0 0 0 
92 75 0 0 93 0 28 36 35 0 68 37 54 0 0 9 82 37 0 53 0 51 0 59 0 16 0 0 84 29 22 0 0 0 10 93 0 0 0 78 0 0 0 91 0 47 0 0 0 0 
86 40 20 91 0 0 30 0 0 68 42 17 0 92 0 65 36 86 0 1 31 0 0 0 0 0 42 8 15 85 92 98 0 0 97 0 63 67 0 58 0 0 0 78 2 0 0 0 96 
0 37 87 0 0 0 17 49 29 58 97 0 86 60 40 34 19 0 26 53 61 0 0 36 0 0 92 23 0 0 0 71 72 41 93 8 45 72 0 0 0 35 0 0 67 0 0 42 
78 32 80 57 93 0 97 86 0 0 69 0 19 97 0 0 0 0 9 48 0 0 18 0 7 0 30 0 40 2 100 0 77 0 71 9 85 0 0 42 0 77 54 14 54 0 0 
86 0 95 76 0 90 19 90 4 13 0 0 4 100 0 0 0 39 48 0 0 76 80 85 0 0 0 100 0 0 0 0 78 6 39 0 0 0 0 0 14 0 0 11 16 35 
21 57 41 29 0 21 14 0 0 29 4 68 31 0 94 90 0 0 0 51 100 97 0 95 28 73 0 0 0 0 30 82 0 81 84 0 0 0 55 31 0 1 74 76 0 
64 67 11 77 50 0 0 29 17 0 21 0 0 77 19 71 11 0 47 0 0 45 55 0 42 0 0 0 55 0 0 42 0 0 0 0 15 0 84 0 0 5 22 67 
0 0 0 96 0 34 96 46 0 0 0 5 1 94 0 0 0 0 0 78 0 0 11 33 12 95 50 93 41 0 0 0 0 0 97 0 99 57 37 100 18 37 0 
64 0 44 22 0 0 0 81 0 67 59 17 47 19 87 0 95 17 0 24 90 0 12 0 39 45 0 0 0 26 0 34 5 0 71 0 64 20 83 0 42 6 
0 49 0 43 0 0 70 32 44 0 52 0 0 48 15 0 94 5 42 0 0 92 80 99 0 93 90 97 0 53 7 0 0 0 34 0 28 86 0 69 46 
0 0 0 0 0 62 95 98 48 91 0 42 62 46 95 94 0 1 37 22 0 64 27 0 0 0 77 19 75 0 0 62 68 0 11 25 0 0 88 0 
0 0 14 0 0 0 57 29 0 0 0 0 0 0 0 2 0 0 0 47 30 0 0 0 0 46 0 0 56 0 0 5 0 0 0 0 7 1 0 
75 50 31 9 80 0 70 0 0 95 0 55 0 59 0 0 0 0 94 0 0 55 0 63 25 69 0 52 0 15 0 0 33 0 35 100 26 0 
0 0 19 0 26 6 17 78 82 26 52 28 65 44 0 4 53 0 82 39 1 0 53 0 0 85 0 55 86 0 0 7 90 0 0 69 0 
98 0 32 0 0 0 0 75 92 0 0 0 90 0 57 81 54 6 0 14 0 95 47 81 0 0 86 0 19 25 0 59 0 91 58 0 
0 0 24 0 85 16 96 0 0 96 67 0 0 0 0 24 0 28 0 29 0 0 0 22 0 0 0 9 67 0 0 0 14 0 0 
0 0 0 0 51 98 0 0 0 0 5 0 10 33 28 0 64 0 4 17 0 0 5 72 0 0 0 56 5 0 0 99 17 1 
94 0 0 0 85 40 0 93 0 52 21 0 38 79 0 15 0 72 0 76 0 0 12 44 0 22 85 0 0 0 0 0 75 
66 92 0 0 0 0 1 18 56 0 0 17 0 8 37 33 3 0 0 0 0 0 64 19 0 45 10 0 4 0 0 0 
62 0 76 0 0 0 79 17 50 0 8 38 0 90 9 1 4 0 90 95 81 83 47 39 0 16 50 0 0 0 0 
62 45 89 51 70 7 15 66 80 0 0 22 0 85 80 0 0 0 14 0 28 36 0 67 0 0 31 70 0 0 
83 33 73 0 91 0 37 0 0 0 0 0 0 22 0 27 0 0 0 0 45 0 0 8 0 84 65 0 74 
0 0 79 24 0 91 66 85 32 0 33 29 0 0 0 7 89 14 79 24 59 0 0 0 0 0 0 18 
16 92 5 0 64 55 0 0 4 0 68 83 0 73 42 0 0 0 0 20 71 48 0 0 87 12 0 
25 94 35 85 83 15 43 85 0 25 0 30 38 0 3 12 20 0 0 87 95 0 89 11 33 0 
60 39 0 0 0 0 0 69 87 90 0 14 66 0 0 13 0 22 50 56 44 34 0 0 4 
0 0 0 0 29 0 0 0 61 0 60 0 0 0 0 22 10 12 84 86 33 48 0 0 
65 0 76 51 69 83 0 0 0 90 0 0 0 0 0 11 31 0 29 0 0 59 52 
0 0 56 56 41 32 0 0 80 0 0 44 0 0 0 8 0 0 72 49 60 33 
93 0 0 0 0 66 84 98 0 0 0 0 0 93 0 0 0 0 30 0 0 
0 80 87 82 92 79 0 0 38 76 18 0 99 0 33 6 0 62 83 0 
93 0 29 0 42 3 0 14 0 0 38 0 58 0 61 90 26 100 85 
88 0 0 0 0 57 0 83 6 0 61 0 0 37 0 12 0 0 
0 0 100 82 96 45 38 0 93 0 0 33 57 2 0 15 0 
0 4 56 0 4 0 84 48 0 84 63 0 44 22 89 1 
12 0 0 18 0 45 20 0 0 52 0 71 0 0 52 
98 0 93 0 33 0 38 69 34 63 81 0 90 0 
28 0 0 0 0 13 0 25 0 11 0 90 0 
96 93 0 6 47 0 0 0 0 43 3 21 
13 0 57 0 52 0 0 71 0 92 2 
0 0 62 0 0 32 6 55 54 0 
0 0 8 25 66 0 0 11 22 
0 23 54 2 0 0 22 0 
0 0 0 0 36 0 27 
0 0 26 38 91 77 
0 70 0 0 0 
0 0 0 0 
47 96 14 
0 0 
0 

#i: 3
0 52 0 98 0 58 0 0 0 0 0 0 5 0 80 0 44 20 0 14 94 59 0 15 19 48 71 6 0 0 0 0 0 70 92 0 0 0 49 15 0 43 13 0 0 0 0 100 19 11 
51 22 19 36 26 0 64 0 45 69 0 44 0 0 59 27 0 0 0 0 0 0 0 0 30 87 31 0 0 19 0 4 0 0 0 98 75 34 73 0 0 27 0 82 0 0 0 0 79 
8 37 79 79 61 0 90 0 44 85 97 0 11 46 98 46 39 64 7 3 0 90 52 0 0 51 0 73 49 0 0 0 9 0 61 0 43 0 44 0 8 0 0 0 44 46 0 0 
0 56 50 70 0 0 0 0 0 0 100 85 0 0 61 0 0 0 18 94 56 0 14 0 55 2 0 0 16 0 0 17 0 0 52 0 0 0 0 0 75 0 0 0 41 95 0 
0 0 85 0 63 87 83 59 17 1 0 0 0 0 0 0 53 28 21 0 0 41 32 0 0 15 0 36 0 96 0 80 66 2 0 75 53 0 6 28 72 0 0 0 0 82 
8 52 26 64 30 0 0 30 61 0 0 37 0 86 0 0 0 0 0 0 48 0 0 29 0 7 0 0 94 17 23 15 30 41 84 0 0 0 90 95 0 0 69 0 0 
0 19 0 74 0 0 32 0 24 0 80 61 0 55 87 0 31 0 39 55 72 65 0 62 0 0 0 75 80 64 76 0 4 0 9 35 0 0 0 0 82 0 94 93 
2 22 0 0 0 0 0 0 0 71 0 88 51 7 0 0 0 0 28 0 0 0 0 0 0 0 0 38 0 19 0 24 0 0 78 70 0 0 0 0 61 36 0 
0 67 60 80 100 0 37 19 61 0 70 0 76 100 58 0 0 48 0 87 86 0 76 33 0 0 0 23 91 70 78 36 90 0 77 100 41 53 0 52 8 0 
0 0 20 0 53 0 61 0 38 0 88 80 79 46 18 0 0 0 0 0 0 20 0 0 0 38 0 0 0 0 43 0 0 40 97 0 0 0 6 0 0 
21 19 50 0 0 0 31 84 0 15 0 91 91 0 0 12 0 58 39 0 17 0 16 33 10 0 0 0 0 37 0 0 30 0 0 0 37 0 53 29 
0 54 0 0 34 0 2 41 10 31 0 54 0 0 63 17 0 0 0 0 0 0 90 97 80 0 0 65 69 25 77 0 39 77 0 0 16 6 2 
37 34 5 0 91 81 15 0 0 0 0 0 0 0 0 31 0 5 0 16 37 96 0 13 0 0 5 0 0 0 0 58 15 0 0 52 0 1 
81 0 16 68 13 0 0 0 46 3 77 0 44 49 86 0 60 38 0 54 15 62 58 42 3 0 48 42 0 30 0 0 37 0 35 0 0 
0 0 0 53 55 70 0 0 0 79 26 75 95 85 50 59 0 99 0 0 0 0 0 0 79 0 0 0 0 54 0 0 68 0 18 8 
0 52 0 0 62 0 0 0 61 0 86 71 42 0 83 0 29 3 0 3 0 24 0 0 0 0 0 45 35 0 27 0 14 9 0 
0 0 90 63 0 34 0 63 0 12 97 73 32 0 45 0 9 85 0 97 95 0 40 59 81 0 0 78 11 13 0 0 0 46 
0 89 0 0 48 86 58 64 0 0 0 0 26 72 0 0 13 0 0 32 0 0 0 38 0 0 0 84 67 54 8 14 72 
91 0 0 34 0 0 0 45 0 0 0 42 0 9 0 0 74 0 0 30 0 0 41 0 6 62 0 0 62 0 26 0 
0 16 0 94 58 0 0 24 33 2 62 0 89 0 81 0 73 0 16 60 0 57 45 0 86 8 35 0 38 0 0 
0 0 32 88 0 0 88 0 82 45 0 0 0 0 0 23 28 77 64 0 89 0 94 35 0 0 53 0 48 69 
35 19 0 0 0 0 24 87 0 26 98 57 82 5 0 0 0 0 79 0 87 0 0 8 0 0 0 87 46 
25 99 70 0 0 17 53 0 0 17 0 0 29 0 33 0 75 97 0 79 70 56 0 0 37 99 0 0 
0 75 73 0 0 0 0 73 43 79 94 0 0 65 0 0 49 59 6 0 0 17 8 0 64 14 42 
54 0 0 11 9 0 0 0 16 0 0 0 0 0 60 0 59 66 0 69 68 14 47 13 30 41 
0 0 2 0 52 93 8 83 42 0 0 0 0 3 40 42 85 0 0 0 0 74 0 0 0 
36 0 0 38 59 43 0 54 24 0 0 0 0 0 77 68 42 0 0 0 28 0 0 0 
98 0 80 20 0 0 8 70 73 9 0 0 0 32 41 0 0 61 0 0 0 0 77 
56 19 0 86 0 92 0 0 0 0 0 0 45 15 56 65 0 0 0 94 0 0 
79 0 21 10 36 38 86 0 25 33 79 0 0 90 8 58 45 0 0 5 97 
0 0 0 0 78 86 0 56 85 61 75 28 0 0 93 24 46 0 0 0 
9 0 0 0 42 50 0 0 69 66 51 0 16 65 7 95 85 0 38 
11 0 77 59 0 18 3 0 1 0 94 0 0 11 42 0 52 71 
0 94 10 0 0 58 84 0 0 0 48 72 14 29 35 0 82 
0 0 0 97 84 75 0 5 92 0 0 12 72 36 0 0 
14 27 0 0 4 88 67 72 22 45 90 100 0 33 0 
0 61 52 6 0 44 82 0 0 0 55 86 24 0 
19 7 43 0 25 62 94 0 0 0 36 67 98 
0 0 0 53 85 0 87 0 0 18 46 7 
15 0 70 38 8 0 0 67 66 45 0 
0 0 0 0 0 0 0 0 4 0 
59 0 0 0 22 0 53 0 57 
0 34 0 0 28 19 75 4 
0 0 0 23 0 0 55 
0 0 80 0 0 19 
35 21 47 22 0 
75 0 65 9 
72 69 62 
64 0 
0 

#i: 4
61 24 0 0 0 40 0 0 17 60 66 0 73 49 55 0 0 0 58 38 0 100 94 37 98 22 0 0 53 0 0 8 31 0 70 0 64 0 0 0 87 71 0 0 32 48 74 0 0 
73 0 15 0 0 0 15 0 0 0 0 0 0 0 0 73 85 0 0 0 14 0 56 12 71 75 18 0 0 68 85 0 0 92 0 82 66 80 82 0 61 0 0 24 88 4 57 45 
0 48 75 0 25 0 0 59 0 47 7 22 72 0 42 0 0 13 7 78 0 0 0 0 18 0 85 80 21 80 0 86 72 76 0 0 0 0 0 90 0 0 0 0 0 0 0 
0 92 90 67 0 0 91 0 0 0 51 0 81 26 7 40 0 85 0 95 60 9 0 65 90 42 0 0 72 0 96 16 0 23 0 0 0 0 0 0 97 18 51 20 0 0 
56 0 0 74 85 0 0 0 0 0 85 27 0 0 29 80 0 0 0 58 12 100 0 0 0 0 0 0 0 89 86 0 97 89 21 0 0 9 0 88 0 95 78 0 32 
0 37 90 0 0 0 88 89 54 52 0 30 17 0 93 0 0 5 55 46 0 41 39 0 0 65 0 76 0 85 0 0 58 0 12 42 0 0 0 49 0 0 0 0 
0 54 0 36 39 0 0 0 64 70 0 33 9 0 0 0 0 51 54 91 25 0 0 20 83 70 2 0 73 42 19 66 79 27 0 45 54 16 0 0 12 39 1 
69 0 0 0 0 62 0 18 0 0 0 0 29 84 0 42 0 95 0 0 16 0 0 0 93 83 82 0 0 0 8 0 0 0 18 78 0 33 56 2 0 84 
0 0 0 22 0 0 90 0 0 0 52 0 0 37 82 0 0 0 0 11 0 46 0 32 32 32 46 0 95 0 70 0 73 0 36 0 36 0 0 0 49 
0 67 0 0 0 43 0 0 40 0 0 83 0 1 66 0 22 75 0 97 50 0 0 74 3 0 0 45 6 0 18 63 10 37 0 0 55 25 9 35 
0 29 0 0 76 0 81 58 84 0 29 0 71 35 0 42 70 6 71 57 0 45 0 56 29 0 83 20 0 0 8 31 2 49 64 30 0 93 62 
0 0 0 0 99 0 77 0 99 0 0 82 0 0 0 0 47 0 12 57 86 91 0 0 54 0 84 55 0 0 0 0 79 29 0 0 33 29 
78 0 84 40 0 0 11 0 90 29 0 57 0 0 29 95 77 0 0 37 48 0 0 97 18 0 0 48 10 0 13 0 0 0 96 0 24 
0 83 0 0 0 74 0 0 0 0 0 13 46 0 95 0 98 2 84 0 72 55 45 0 0 72 0 47 56 0 0 0 84 0 57 0 
0 40 90 0 0 0 0 0 0 0 19 0 0 0 0 93 0 70 0 0 38 79 0 0 67 77 0 0 0 0 54 0 0 36 55 
73 0 0 78 11 4 0 0 94 0 0 70 0 0 0 86 91 0 19 0 55 87 0 6 93 0 0 0 0 0 38 25 64 0 
0 79 0 0 22 97 54 85 91 22 8 0 0 0 6 0 79 91 0 0 54 0 0 21 33 68 0 56 0 64 0 75 67 
87 0 61 38 0 99 20 70 48 82 0 3 26 11 0 22 74 0 0 0 43 25 77 0 0 0 35 64 72 0 100 0 
92 100 0 44 0 0 0 0 37 0 67 40 56 0 0 0 0 1 0 68 88 0 50 22 83 0 94 0 0 0 53 
0 12 0 0 0 0 0 93 0 75 81 62 0 59 80 46 8 58 39 0 29 93 78 0 53 68 0 12 99 100 
43 0 0 0 90 8 0 71 0 33 0 64 0 0 0 2 0 30 0 0 23 0 100 15 0 94 27 0 78 
0 0 0 28 0 0 58 39 0 66 0 94 0 58 34 0 43 0 81 0 0 0 0 0 97 0 31 0 
0 42 0 51 0 87 0 0 65 0 71 0 76 0 48 0 0 0 85 0 90 0 0 0 86 0 0 
0 67 0 0 0 9 0 59 0 22 0 0 0 59 0 39 93 0 16 74 0 0 0 65 0 0 
0 75 94 0 67 56 0 0 0 0 0 57 0 0 41 40 30 51 86 55 56 10 89 27 53 
48 9 0 0 90 0 0 0 66 14 0 16 0 3 0 8 0 0 0 60 0 0 0 39 
0 57 0 0 0 23 74 17 0 0 14 51 0 68 0 85 51 0 0 3 81 0 0 
83 0 0 32 0 65 0 0 0 0 0 38 42 0 0 84 0 91 0 10 0 57 
0 0 0 0 0 57 1 40 0 74 15 0 0 0 0 13 74 0 100 83 0 
0 73 97 69 0 0 18 60 90 0 0 0 0 0 78 0 0 84 90 42 
76 0 0 74 0 36 0 75 0 0 19 60 60 0 36 37 70 0 0 
0 0 77 0 0 0 0 0 99 66 0 25 6 0 16 0 0 1 
100 88 0 68 91 24 0 0 0 19 0 0 72 0 0 0 33 
0 0 34 69 0 0 0 0 0 0 0 76 0 14 0 0 
0 0 38 0 0 0 42 82 0 75 85 0 7 0 5 
0 0 0 0 0 0 0 0 59 0 0 42 21 19 
65 45 41 44 48 0 42 0 33 88 0 0 0 
17 5 27 48 0 25 0 85 17 0 21 0 
98 0 0 0 99 0 0 0 0 0 0 
0 39 23 0 82 0 46 99 90 0 
0 28 23 93 0 0 26 0 0 
0 0 34 0 31 0 0 81 
19 45 48 0 0 0 0 
40 0 89 79 0 0 
33 0 67 7 0 
0 0 58 8 
61 72 68 
0 72 
23 

#i: 5
62 12 0 0 47 83 89 29 24 85 0 3 0 0 80 61 13 14 51 0 16 0 45 78 0 0 92 0 50 0 68 0 52 11 43 69 0 98 92 0 81 63 0 0 0 84 21 19 
0 0 12 0 69 0 83 68 0 0 0 71 86 83 0 0 91 59 71 0 0 82 0 42 25 72 0 0 0 61 0 53 0 0 29 0 3 16 0 0 19 0 66 0 91 50 28 
79 0 5 0 0 0 0 0 75 61 0 91 10 0 14 0 42 22 89 82 0 0 11 0 0 0 64 57 0 65 66 58 25 0 46 5 0 0 4 0 42 73 0 0 75 0 
0 60 0 0 0 61 81 97 90 53 0 90 76 23 33 36 0 5 40 0 0 0 7 31 0 0 89 0 54 0 0 0 0 47 26 0 0 86 58 85 89 55 60 49 50 
92 38 0 14 20 0 49 0 0 0 61 0 92 0 0 0 0 0 0 0 0 62 0 58 8 94 0 79 0 0 0 63 12 25 46 0 73 3 11 92 88 0 0 52 
76 48 15 36 0 0 89 0 0 0 0 0 0 0 39 25 0 94 0 13 9 0 56 0 14 81 48 22 0 0 0 0 94 1 0 49 69 0 75 0 0 32 42 
72 93 0 41 4 0 20 94 2 0 0 0 0 63 1 64 88 49 0 96 52 77 0 75 34 67 82 73 35 73 31 90 35 0 86 0 16 77 23 0 57 0 
53 26 0 31 0 0 8 91 0 0 0 0 81 99 0 0 0 34 0 0 0 0 88 0 0 0 32 0 0 0 0 1 0 0 84 0 0 0 0 0 0 
33 0 0 0 0 5 0 55 0 0 46 100 0 0 40 0 0 65 14 61 82 2 0 0 0 0 38 0 93 80 0 0 59 57 21 53 0 0 71 32 
0 97 17 7 46 0 83 56 9 90 22 63 0 0 47 0 41 0 0 85 55 92 100 0 0 0 18 0 0 0 0 14 25 75 0 0 0 89 67 
0 28 0 0 4 0 67 0 0 0 9 51 41 76 0 12 9 56 0 2 4 90 62 0 0 81 92 54 42 28 0 0 0 0 0 0 0 15 
0 0 6 0 0 0 0 0 81 22 53 0 0 0 50 0 53 59 73 1 56 37 38 0 98 0 0 72 0 74 37 90 0 0 0 0 0 
0 0 0 0 22 0 18 92 29 0 87 97 0 54 0 61 0 0 77 0 0 94 61 53 37 84 0 85 60 0 0 0 89 73 85 91 
74 42 0 57 0 11 0 0 0 0 10 0 0 0 0 0 52 79 54 86 0 0 80 88 0 97 0 0 81 0 0 0 0 2 37 
79 98 0 0 64 60 20 0 83 93 20 0 23 0 92 0 0 62 100 63 0 0 0 0 19 8 46 100 0 15 99 64 94 0 
0 91 34 32 0 0 4 0 82 59 20 25 0 12 0 78 0 0 0 83 100 39 0 70 0 90 0 0 0 0 92 32 0 
67 14 0 30 65 11 62 0 0 0 0 0 14 0 97 0 0 0 51 17 85 0 79 78 69 0 22 0 51 0 0 0 
0 23 32 7 0 79 0 0 74 0 0 0 89 0 0 86 9 93 0 0 47 0 0 0 53 0 19 42 15 0 0 
0 0 95 0 24 0 11 0 81 64 0 0 0 0 27 0 49 100 0 49 0 0 37 28 0 80 27 16 0 0 
30 0 0 0 36 0 0 54 60 0 0 56 1 60 3 42 0 43 0 97 0 0 0 71 0 0 62 0 0 
99 0 3 0 79 67 35 0 0 18 0 33 64 0 0 25 0 0 17 53 0 0 0 70 33 0 68 74 
88 65 0 18 0 57 0 0 0 0 0 0 0 0 94 86 0 77 94 0 3 0 80 0 6 57 0 
10 0 0 66 0 0 49 71 83 0 0 0 0 0 98 33 71 0 0 69 40 0 80 16 100 0 
0 83 0 0 47 0 0 56 0 0 1 0 38 0 0 0 15 0 0 28 0 65 0 36 0 
73 0 16 0 29 92 0 40 0 0 0 75 0 0 95 47 74 0 0 80 43 0 0 17 
0 8 55 0 0 0 63 45 64 0 67 0 0 17 58 27 0 0 0 73 0 39 0 
0 0 0 0 34 0 0 34 0 0 0 0 0 51 27 40 74 0 0 0 0 0 
0 0 0 27 97 71 26 0 51 0 0 87 0 75 0 0 20 16 0 10 45 
29 5 78 0 0 60 0 16 61 0 53 0 0 27 27 92 0 0 47 0 
38 61 29 0 12 0 80 0 0 93 90 95 44 0 24 70 15 82 0 
81 13 63 0 94 99 0 34 0 0 61 28 64 0 24 16 0 0 
82 15 53 0 0 0 35 0 0 0 21 0 0 79 0 6 0 
0 36 89 0 50 15 0 58 30 83 0 8 65 77 0 0 
48 0 0 0 36 0 0 45 0 69 23 15 85 68 27 
0 0 48 67 0 34 69 0 0 37 0 0 0 0 
0 91 12 0 0 0 0 0 52 0 0 69 41 
92 0 54 55 68 23 0 0 0 23 0 89 
21 21 80 0 26 100 0 0 28 0 94 
0 0 79 0 0 91 0 48 0 0 
53 80 8 0 98 0 56 0 0 
0 0 0 52 0 0 0 0 
3 0 76 0 0 16 90 
8 95 0 64 6 0 
19 38 82 0 6 
99 0 52 97 
83 0 0 
55 22 
26 

#i: 6
4 0 0 0 0 0 59 82 0 0 60 0 62 66 0 69 7 3 0 39 62 0 0 0 47 0 82 0 23 0 0 93 0 32 0 16 39 0 61 0 91 0 0 0 0 0 0 
0 0 0 43 0 0 47 27 0 0 10 97 0 12 0 95 0 0 10 54 89 0 0 0 0 0 0 0 0 0 87 0 62 0 0 67 0 36 0 74 0 11 33 0 0 0 
0 71 0 4 1 0 44 31 24 55 15 16 35 59 46 0 0 0 46 5 0 0 0 0 0 58 0 45 75 0 66 0 0 86 0 0 0 0 0 34 57 38 94 90 17 
0 0 0 89 0 79 0 0 0 0 68 92 86 88 0 0 0 0 21 0 0 0 53 0 19 0 0 0 0 78 6 0 46 8 69 53 0 0 0 0 41 80 0 0 
65 86 20 0 17 6 0 67 22 0 51 0 21 86 0 23 51 0 0 0 18 0 35 45 0 0 0 0 0 0 83 31 56 0 6 34 0 25 0 96 44 0 0 
79 50 63 0 51 51 0 0 80 0 1 0 27 0 0 0 0 0 0 5 0 0 66 99 71 10 0 35 93 65 0 0 72 46 97 84 0 93 83 77 0 70 
0 0 72 48 96 100 58 19 77 0 49 8 63 82 0 63 0 0 74 51 55 0 0 0 0 28 32 48 90 20 0 0 0 82 0 0 0 69 99 45 0 
0 39 0 0 5 0 0 19 0 81 0 67 92 0 45 91 0 0 0 80 83 76 72 70 41 0 0 8 0 88 15 13 94 7 0 0 0 0 0 67 
9 99 51 6 0 95 0 8 83 4 0 0 0 75 65 0 0 0 0 84 0 79 0 0 0 75 0 0 0 93 0 0 50 0 86 36 100 55 0 
15 0 48 0 87 0 0 77 42 0 98 0 9 0 19 0 0 79 0 0 19 0 0 27 10 0 21 83 6 0 92 77 66 0 0 0 0 0 
56 2 81 26 0 21 8 30 48 0 0 49 18 82 43 14 0 0 0 74 0 0 74 0 23 72 99 0 40 0 0 43 0 46 58 0 0 
43 46 43 0 10 1 38 0 57 0 0 74 21 24 0 71 84 0 0 0 55 52 87 0 9 0 0 70 0 1 83 7 0 0 96 0 
0 55 0 81 44 63 0 0 36 0 48 0 17 0 81 0 83 5 52 68 0 0 8 0 82 0 0 93 91 0 0 0 0 0 85 
0 0 29 13 40 78 73 12 14 77 58 55 0 0 0 45 0 0 6 89 31 69 66 0 0 0 0 6 0 0 0 10 45 16 
32 0 0 7 0 0 1 0 36 57 0 46 91 53 45 0 0 69 0 0 26 0 0 0 0 0 0 0 0 46 0 19 80 
85 0 0 0 0 0 0 88 0 0 100 0 0 97 0 0 0 0 0 0 47 0 0 0 0 0 0 0 97 7 0 0 
19 0 72 81 40 51 0 0 0 0 0 0 0 93 0 0 0 46 0 8 97 86 72 0 0 98 42 67 0 0 0 
0 0 62 0 0 88 0 0 0 69 9 3 69 71 0 0 0 73 6 84 0 0 73 0 0 97 42 0 28 45 
0 42 95 24 80 0 0 31 0 10 0 68 74 69 66 75 2 0 6 87 0 45 6 0 20 0 42 90 0 
0 0 25 0 50 0 0 0 27 24 59 36 98 0 0 2 0 0 0 25 0 0 66 0 98 0 44 54 
20 0 0 79 0 0 0 93 40 5 0 0 61 72 0 0 8 39 97 0 96 90 1 0 20 93 0 
0 0 58 46 0 91 99 0 33 0 94 42 0 31 12 98 0 0 49 64 73 0 0 46 0 0 
27 0 0 8 7 0 82 0 0 0 11 0 91 31 0 23 0 0 0 0 0 0 0 0 0 
0 4 0 0 12 0 0 0 0 0 42 0 43 0 0 97 0 0 0 57 82 60 29 76 
0 17 0 0 0 67 49 0 71 54 0 72 92 0 20 0 0 36 69 23 0 89 0 
27 19 52 68 61 23 24 10 51 83 82 0 99 0 81 0 0 82 0 0 0 61 
0 16 0 0 0 19 78 45 28 85 0 0 7 0 99 69 0 26 0 48 0 
29 0 0 0 29 0 67 57 27 0 41 0 0 93 0 42 44 84 0 0 
0 0 100 0 50 10 0 0 46 9 29 64 0 0 0 0 98 72 0 
42 96 50 82 29 27 0 96 68 0 45 0 44 0 0 17 93 0 
0 51 41 79 92 81 0 62 0 0 0 0 77 0 0 0 39 
0 28 0 0 0 0 76 56 60 10 0 0 0 0 24 19 
0 80 58 0 0 0 83 6 28 37 5 10 45 10 61 
0 19 0 31 0 39 0 24 0 0 52 0 0 22 
0 22 88 78 0 0 39 37 0 0 24 0 73 
66 93 0 27 71 0 0 92 51 0 0 4 
38 28 20 55 33 0 60 0 0 0 0 
0 74 20 52 17 75 36 0 0 0 
0 98 0 83 24 97 0 42 0 
26 58 0 0 51 0 22 0 
11 0 0 13 0 2 0 
55 54 0 0 7 76 
0 38 0 22 0 
0 0 5 0 
0 0 75 
61 0 
0 

#i: 7
17 78 0 24 27 65 0 0 0 10 90 0 0 31 0 3 48 0 0 24 0 36 0 0 0 0 66 4 0 84 77 0 23 0 0 9 27 8 81 22 0 100 0 57 0 19 
20 0 0 0 29 0 25 0 0 3 67 79 0 0 60 0 0 72 79 61 63 23 100 68 0 0 19 0 24 0 55 79 56 0 0 0 0 0 21 40 0 1 77 0 7 
0 63 25 0 39 73 0 55 0 0 0 0 97 0 100 59 79 10 83 0 19 0 0 0 0 0 0 0 0 0 0 71 97 0 0 89 0 0 0 0 2 57 78 50 
0 48 0 89 0 28 86 0 79 25 50 0 26 26 33 0 53 0 13 51 56 0 0 17 55 48 0 63 0 62 69 0 0 43 0 73 0 32 0 0 0 30 26 
0 0 8 100 0 68 0 71 0 52 23 0 76 0 44 0 0 0 47 0 0 25 0 0 0 0 0 0 0 66 0 5 0 0 0 44 73 50 68 0 60 0 
0 0 81 27 16 0 0 0 0 3 60 0 0 59 100 0 64 0 0 0 0 28 34 48 0 0 0 37 0 51 0 0 32 55 37 0 0 84 0 0 49 
0 0 0 0 83 0 0 27 0 0 0 0 88 0 34 81 16 0 0 68 65 0 0 0 0 26 96 0 20 81 0 39 95 70 83 0 89 22 6 30 
15 0 17 0 51 0 36 8 0 27 76 0 0 0 63 0 0 0 30 50 0 74 97 0 81 40 2 0 0 0 0 82 0 38 0 59 7 4 60 
0 97 68 0 0 0 0 0 0 95 0 89 47 86 0 0 0 40 0 0 39 0 47 0 17 61 77 0 54 0 0 37 62 0 97 0 10 90 
84 0 44 29 65 0 12 0 74 81 45 30 97 94 0 22 0 5 0 0 0 51 0 70 0 0 91 38 69 34 0 86 52 12 0 0 19 
0 0 0 0 74 0 3 4 1 0 0 0 0 3 95 0 0 0 27 0 17 94 0 0 100 0 0 33 0 6 0 0 0 94 0 51 
0 0 16 0 32 76 92 58 0 55 36 72 55 0 0 0 66 35 31 0 0 0 0 0 0 2 0 0 37 2 0 0 0 0 0 
0 41 81 0 11 61 61 50 7 53 0 85 0 0 32 23 92 15 62 74 75 57 69 0 83 38 0 0 0 5 0 0 8 0 
13 57 0 0 47 0 0 57 86 58 0 0 79 85 47 58 47 96 0 23 85 84 44 34 0 34 0 77 57 0 0 0 0 
0 19 0 56 0 6 0 96 0 0 84 0 0 0 27 19 0 30 29 0 78 43 0 0 72 66 0 0 0 0 3 0 
29 0 58 0 7 41 42 0 44 0 58 85 95 23 0 0 0 0 0 0 80 44 1 25 79 0 0 0 0 0 0 
66 0 0 96 0 0 0 50 97 0 18 0 0 93 0 0 0 81 0 16 87 0 0 0 0 0 10 94 38 98 
17 56 79 88 87 23 50 0 39 29 96 98 85 7 0 82 68 82 0 0 0 51 0 20 0 27 0 0 61 
66 0 0 25 0 87 0 57 4 48 0 45 12 70 0 0 17 86 0 0 0 0 0 0 0 0 0 52 
16 77 46 0 23 0 0 0 0 38 0 70 0 43 0 47 0 0 0 0 83 74 16 84 60 0 0 
0 48 0 64 87 57 63 84 0 0 0 0 0 0 0 95 65 39 60 79 0 62 49 80 0 10 
0 30 84 0 23 0 78 90 0 67 22 0 0 0 0 0 0 0 0 0 0 46 0 46 0 
94 39 100 0 0 0 46 0 91 58 42 80 14 0 0 0 0 0 68 0 0 0 18 58 
65 0 51 0 0 97 0 78 39 82 92 48 0 0 0 0 100 0 87 41 0 6 16 
12 0 48 0 37 0 81 0 0 21 0 0 94 83 16 93 99 0 67 0 0 68 
2 0 0 0 0 1 13 74 75 58 0 30 24 44 96 72 0 0 77 0 0 
13 82 61 0 0 0 75 32 0 0 27 14 0 40 0 94 75 0 0 0 
57 60 0 0 73 0 0 0 39 36 0 40 0 43 0 0 23 0 2 
0 15 44 0 0 30 28 10 0 0 0 0 1 32 0 59 7 0 
94 57 0 28 57 71 0 33 11 25 67 36 0 0 0 30 0 
0 0 0 0 0 0 0 0 7 32 0 0 0 0 99 98 
83 0 0 53 0 0 50 0 0 28 82 38 33 0 0 
92 6 0 43 0 0 46 9 0 45 48 100 0 0 
72 0 0 0 0 40 81 0 0 78 99 55 42 
75 91 88 0 0 0 0 40 36 41 16 32 
14 0 0 0 20 0 0 0 0 40 0 
0 0 0 67 25 0 0 60 79 83 
14 6 0 0 68 13 24 0 50 
99 0 0 31 0 62 97 100 
0 0 0 51 73 0 0 
51 0 98 0 80 0 
0 47 2 0 51 
78 0 0 0 
0 0 78 
88 0 
61 

#i: 8
4 46 38 0 21 0 0 0 0 59 100 0 62 30 45 0 8 10 23 0 0 0 59 96 0 82 0 0 47 0 19 23 0 19 0 42 0 9 4 0 0 62 59 0 0 
29 0 0 86 0 0 0 59 0 48 0 45 60 98 0 74 0 0 0 2 0 0 0 0 0 62 40 0 0 84 0 0 0 0 96 54 0 85 77 88 78 0 84 0 
0 47 0 97 0 74 0 0 0 0 0 0 96 0 0 0 0 37 0 87 40 7 0 0 0 81 0 0 10 0 0 0 0 0 0 17 31 0 0 0 44 34 0 
48 0 17 0 0 0 17 67 0 0 62 0 38 23 0 25 0 0 62 4 73 8 0 0 0 0 0 64 0 6 80 0 0 6 59 79 0 0 33 63 0 0 
0 0 16 10 0 43 2 0 0 0 0 95 98 53 16 43 0 0 0 72 33 57 0 99 0 0 0 0 37 0 35 33 69 49 60 87 75 36 53 24 65 
69 18 0 0 71 3 15 0 0 0 4 0 0 0 0 92 0 91 0 70 0 0 0 80 9 0 0 0 0 71 16 0 0 59 85 30 46 0 54 0 
31 5 34 0 40 0 77 30 53 75 0 99 0 0 64 97 44 0 0 0 0 0 33 12 0 85 0 39 79 0 0 9 0 15 0 0 0 0 59 
95 0 58 8 0 66 81 37 77 0 74 70 0 59 0 0 12 78 0 17 44 32 27 0 0 0 97 58 0 55 0 0 0 2 0 0 0 0 
0 0 28 0 79 82 98 0 0 72 44 0 23 0 0 0 47 9 0 0 0 46 21 0 7 0 0 38 63 25 0 25 97 0 0 0 0 
15 0 44 38 0 0 0 37 0 33 0 0 83 5 9 42 92 0 1 48 3 35 17 0 90 0 86 0 0 32 73 57 84 73 0 0 
0 0 0 62 23 31 0 88 50 0 11 0 64 0 0 66 60 76 0 38 0 0 0 29 0 0 69 0 7 85 63 11 0 85 61 
0 4 15 41 97 0 19 75 0 0 0 0 99 75 81 50 64 84 70 29 99 0 0 0 58 0 91 49 61 57 0 0 0 0 
72 0 41 35 0 77 0 0 0 40 0 0 0 45 54 6 10 13 70 9 0 0 4 53 0 17 76 0 69 0 50 63 0 
0 56 38 0 93 78 0 0 0 99 0 28 53 0 0 0 0 96 0 65 0 97 28 0 9 0 0 45 0 0 0 60 
0 92 33 5 0 11 1 46 0 0 0 86 91 0 54 63 0 0 7 0 8 0 80 0 0 14 84 14 0 78 69 
0 0 45 36 21 0 0 0 0 0 64 67 54 0 92 0 97 0 66 0 0 0 0 7 0 0 0 0 71 0 
0 0 0 86 54 74 47 97 52 2 0 0 55 0 26 0 0 85 0 15 39 0 0 45 0 83 80 0 0 
67 97 0 0 0 74 25 0 0 0 0 0 0 0 94 36 22 0 0 48 0 76 0 0 0 0 0 18 
94 33 0 0 56 5 0 8 0 2 0 81 6 0 79 37 0 69 5 60 8 28 3 37 0 31 60 
0 87 93 68 0 16 78 0 25 0 0 0 0 15 0 0 44 0 73 40 60 25 0 56 0 19 
65 6 85 0 0 66 0 0 0 0 0 40 93 69 4 33 48 52 0 0 0 86 37 0 3 
0 0 0 14 91 63 16 0 16 0 0 53 0 72 49 33 88 20 0 76 0 82 0 44 
28 0 43 0 0 12 0 3 0 0 96 0 0 0 81 0 0 3 0 0 0 33 0 
0 64 0 0 56 48 0 0 75 0 61 14 24 0 91 50 0 3 0 0 6 0 
64 67 0 61 85 98 0 94 0 19 70 25 0 0 27 82 0 26 0 4 0 
30 47 61 0 0 0 0 47 62 65 48 0 6 81 56 67 57 0 42 40 
0 0 0 42 10 0 83 37 0 64 87 0 71 0 88 0 10 0 25 
0 0 0 87 1 0 59 96 71 92 0 3 38 0 31 79 0 0 
0 0 47 0 0 0 51 0 26 0 0 0 54 60 0 27 96 
46 83 0 60 0 38 8 61 68 52 0 0 0 0 8 0 
0 0 98 33 0 35 0 30 6 0 0 0 0 74 0 
91 0 0 0 0 0 78 33 0 23 0 0 15 0 
10 0 0 22 0 54 0 87 43 0 18 0 0 
0 95 93 0 0 0 0 49 62 56 10 0 
43 0 0 0 0 92 0 94 75 0 35 
0 23 41 0 91 0 0 0 0 0 
0 0 0 0 3 68 0 69 75 
0 60 51 0 0 11 2 42 
66 0 38 22 0 0 32 
0 0 0 0 0 88 
0 0 0 33 60 
0 22 27 0 
0 6 0 
0 0 
54 

#i: 9
0 34 47 41 47 86 90 31 55 41 0 0 0 0 19 0 65 15 20 62 94 0 0 63 18 0 41 36 29 0 0 51 0 0 18 87 28 75 65 39 87 22 20 0 
50 74 0 0 93 72 54 0 0 0 0 0 25 22 16 34 0 0 89 0 32 0 0 0 8 22 57 96 6 0 62 0 0 0 0 0 68 90 0 0 0 0 0 
0 24 83 19 0 0 0 92 0 0 0 42 48 50 0 42 44 58 0 0 35 41 84 20 16 95 22 31 0 58 24 0 0 26 0 0 71 0 87 0 32 97 
0 10 0 70 0 61 47 10 91 83 41 54 0 17 0 47 0 0 28 0 68 83 57 0 0 12 0 0 52 93 0 0 21 71 0 0 7 82 70 0 74 
9 75 0 91 67 95 5 0 26 27 0 0 37 0 27 0 74 45 6 19 85 0 82 30 93 0 0 75 0 0 58 88 0 0 0 0 44 14 24 0 
0 97 0 0 0 0 87 0 41 29 0 0 0 0 11 0 2 27 33 86 0 0 0 0 63 53 0 15 74 4 72 24 5 42 9 46 0 89 6 
0 22 48 15 0 23 0 93 0 0 0 0 0 0 0 8 17 0 0 2 37 0 0 24 0 0 0 1 0 0 0 0 0 0 0 87 36 0 
0 0 13 0 0 43 0 0 0 0 0 0 0 29 99 0 20 25 35 59 0 100 27 0 0 0 87 0 55 18 0 0 87 0 0 99 0 
58 96 0 37 49 0 29 0 0 26 0 89 35 38 78 39 0 96 0 0 0 76 0 0 0 25 0 56 27 0 0 87 76 0 36 2 
36 0 0 14 65 89 0 0 70 0 0 0 36 69 0 0 90 67 4 0 36 26 0 17 0 0 92 63 0 0 74 0 55 98 0 
32 51 0 0 0 21 0 0 74 0 70 0 85 0 0 62 0 78 0 0 53 0 5 67 96 72 84 0 0 0 63 43 10 0 
0 0 47 0 53 91 0 0 0 0 0 52 26 0 62 13 0 80 12 0 38 36 30 0 0 0 83 0 0 61 1 25 10 
0 0 69 94 0 70 0 0 59 62 0 0 81 30 4 0 53 0 0 28 85 0 0 0 0 96 0 0 71 38 0 0 
0 66 0 60 64 7 83 48 0 0 75 53 96 78 0 73 95 0 46 78 0 0 58 0 0 29 0 0 0 96 0 
0 28 83 91 45 0 0 0 78 36 74 0 30 0 0 83 18 36 0 24 71 30 91 15 0 15 0 71 36 0 
81 98 33 81 69 70 0 0 0 0 15 0 42 0 0 45 96 24 56 0 0 56 0 0 91 53 0 23 79 
73 0 0 0 0 47 30 0 29 9 0 30 81 3 100 0 86 23 80 0 0 22 0 0 0 9 4 74 
0 0 48 0 0 0 0 0 43 97 1 73 42 0 0 0 74 24 100 7 0 0 0 0 0 0 14 
0 37 0 0 30 0 7 29 0 75 79 61 79 80 25 0 0 75 0 100 0 0 0 18 0 0 
0 0 0 0 27 0 0 0 77 0 51 0 0 0 42 0 71 0 0 0 0 65 26 0 70 
0 0 0 0 0 89 0 0 0 0 0 0 0 0 0 0 88 27 0 0 0 24 82 0 
0 0 0 0 0 34 9 21 2 77 31 0 0 0 38 56 0 78 33 76 46 0 42 
0 70 0 0 88 0 47 25 2 0 42 0 18 34 65 30 54 0 0 67 0 0 
89 32 32 25 0 0 11 0 79 99 0 0 55 0 0 85 0 80 0 25 18 
30 0 75 51 70 23 0 0 0 0 0 0 0 0 0 0 49 0 26 6 
0 22 0 10 26 0 0 0 60 0 0 0 14 37 0 84 0 14 49 
72 47 0 30 0 0 90 0 55 0 16 0 6 0 70 0 0 0 
70 0 89 0 100 72 7 88 11 0 0 77 35 0 0 77 19 
41 58 61 0 0 100 30 0 0 44 61 86 65 0 0 16 
18 0 0 0 0 0 18 1 0 8 89 0 0 0 21 
0 0 0 0 0 37 0 57 96 40 95 56 0 0 
0 17 33 23 19 0 0 0 100 0 94 0 0 
15 0 0 19 0 0 0 0 0 15 28 100 
0 24 38 57 19 7 0 0 82 3 43 
0 24 0 46 76 78 59 0 88 11 
0 20 80 11 0 33 42 61 0 
39 0 0 18 18 0 47 0 
58 0 62 0 2 0 65 
27 0 39 79 0 0 
51 54 12 39 23 
0 0 76 82 
0 87 0 
12 0 
0 

#i: 10
35 0 0 0 31 0 33 88 10 94 0 0 25 72 0 94 0 78 31 83 22 0 46 0 51 0 39 0 0 0 0 0 16 0 96 0 0 0 0 0 82 0 0 
0 0 32 45 35 0 0 15 3 0 58 0 0 73 0 0 0 0 90 0 70 31 72 63 49 7 74 0 77 21 0 62 92 20 0 12 30 0 79 33 0 0 
0 65 0 40 0 0 66 0 100 0 0 0 9 0 45 66 0 21 28 19 45 0 50 0 0 77 91 5 24 0 16 67 0 39 2 0 0 0 0 52 88 
42 0 100 55 0 42 0 0 0 64 0 0 95 36 0 58 16 67 0 0 66 28 76 52 0 58 0 82 0 44 79 0 0 0 0 64 0 0 76 0 
91 0 0 100 0 0 0 55 0 0 31 0 70 21 0 0 65 0 4 11 0 4 0 38 0 34 0 52 0 0 70 28 0 0 64 3 0 0 88 
0 20 54 96 0 0 0 0 0 86 12 0 0 26 64 0 0 0 77 76 0 0 0 0 92 31 88 89 56 0 53 0 22 80 0 96 37 0 
35 26 49 0 39 27 0 78 0 86 0 0 19 15 44 0 15 32 83 21 0 0 52 34 0 0 46 37 0 0 61 0 0 0 49 0 0 
0 0 0 0 72 13 0 33 0 0 0 34 72 0 57 0 22 69 14 39 7 0 48 86 86 0 0 26 44 0 9 0 0 0 41 0 
93 0 9 82 67 0 0 43 100 0 0 0 89 8 0 0 0 0 56 0 63 0 25 4 0 23 31 90 0 93 78 60 0 89 88 
82 93 0 98 0 97 0 34 18 56 0 0 0 0 0 20 0 46 57 93 82 0 90 0 99 0 0 0 0 0 21 0 93 81 
84 15 0 66 0 0 0 6 0 0 0 42 92 0 0 0 0 47 25 68 0 91 77 7 0 0 76 29 24 0 0 0 0 
83 21 3 0 0 64 15 89 40 0 54 0 0 10 74 31 10 3 0 0 47 53 34 0 21 0 29 0 0 0 6 66 
0 54 2 0 36 37 2 20 15 45 41 0 43 0 60 0 0 40 0 0 0 0 50 0 0 0 77 80 0 49 40 
73 0 0 0 48 71 0 0 0 28 0 7 82 94 96 57 0 42 71 0 31 21 0 0 0 0 0 38 6 86 
17 0 81 31 7 50 40 73 0 0 2 18 0 65 0 0 75 85 0 39 62 0 78 29 0 0 54 74 18 
75 0 0 31 0 0 44 0 88 3 0 56 62 11 0 98 5 43 48 43 5 0 39 79 0 0 0 6 
80 25 97 26 75 0 62 0 9 0 24 0 0 0 0 41 77 69 98 53 0 0 0 1 0 19 76 
0 0 0 0 33 0 7 100 82 0 0 10 98 26 62 0 0 98 42 49 0 0 8 34 0 0 
99 50 0 98 0 0 86 93 3 25 25 25 0 0 11 0 58 0 26 27 42 38 46 84 36 
0 0 94 0 55 0 8 42 0 0 0 0 64 5 0 0 0 0 38 0 38 0 0 0 
0 0 35 52 0 0 0 0 0 0 22 81 0 0 0 0 46 65 33 36 0 0 61 
0 0 87 0 0 71 0 0 66 0 49 0 0 0 67 0 72 58 93 0 0 86 
0 0 33 8 0 86 81 0 0 0 0 93 0 0 34 97 13 44 1 0 89 
0 28 49 83 40 0 4 62 3 67 6 83 3 45 57 4 72 0 0 0 
5 42 0 9 0 61 96 0 0 0 0 0 3 58 0 78 0 92 0 
0 0 70 0 0 0 0 0 35 0 27 99 0 41 0 0 0 82 
0 38 69 71 29 0 90 39 66 0 0 46 0 2 11 0 61 
0 0 0 35 0 34 51 15 73 0 51 0 94 29 0 0 
56 95 0 30 0 0 0 0 0 0 88 49 0 0 7 
86 0 0 58 0 0 0 9 3 22 0 0 91 1 
0 0 78 0 0 0 45 0 0 0 0 0 29 
47 86 0 30 92 0 28 95 0 14 0 0 
74 0 0 0 94 33 92 0 0 48 30 
0 62 94 0 72 47 31 84 0 84 
0 49 0 0 3 69 0 0 0 
0 0 0 82 0 0 65 43 
35 87 7 35 85 0 0 
22 0 35 0 0 85 
0 51 0 85 0 
28 0 0 0 
0 6 35 
11 0 
53 

#i: 11
0 31 95 0 0 0 0 1 0 40 48 0 0 64 0 0 77 0 0 0 0 0 0 0 24 0 81 0 0 80 0 0 0 0 0 53 0 24 0 0 0 0 
94 56 0 92 78 0 43 69 0 0 0 53 68 43 0 0 9 38 0 0 80 0 0 47 27 73 89 0 0 9 17 0 45 0 21 0 0 0 0 0 0 
0 0 0 71 32 49 51 0 0 0 0 27 0 13 67 54 0 0 13 0 22 0 0 55 0 43 0 0 0 0 64 0 40 23 13 44 0 51 10 27 
0 42 88 0 46 0 0 0 93 0 60 73 0 83 73 0 0 0 0 0 87 59 84 55 0 0 0 3 0 43 54 0 0 3 0 0 17 0 0 
0 48 0 81 64 18 0 88 81 65 63 42 83 0 54 0 9 65 35 91 0 0 18 95 80 55 0 95 0 24 0 0 33 46 65 0 25 0 
82 0 53 0 0 53 0 0 0 57 0 0 97 0 0 0 0 59 77 88 28 0 90 0 70 44 28 41 0 21 0 83 0 0 0 50 32 
71 0 0 94 0 87 96 0 69 95 59 0 7 0 100 36 41 0 72 0 0 0 0 33 0 97 64 93 3 14 0 0 0 0 0 24 
0 0 0 19 0 61 14 0 0 15 46 77 7 23 19 30 0 0 0 48 0 0 0 0 32 87 0 97 0 0 9 0 0 0 0 
11 65 0 0 59 0 0 0 38 16 0 0 54 12 0 1 33 0 0 88 0 0 0 0 0 96 0 0 0 22 0 17 0 71 
26 60 55 0 0 0 94 0 100 65 0 14 75 0 0 41 0 53 97 76 93 51 18 15 14 54 61 0 0 86 33 0 0 
40 27 20 0 0 0 0 22 0 0 31 72 80 0 25 0 89 0 0 0 0 0 12 0 0 51 0 94 8 0 0 70 
11 0 0 0 21 0 22 0 8 29 46 0 0 50 61 2 0 0 56 7 6 0 19 73 0 0 0 8 65 0 0 
21 34 44 0 0 0 0 0 36 76 65 0 44 0 18 0 0 61 0 2 96 46 31 0 0 0 0 0 49 7 
84 63 92 89 0 0 0 32 0 0 68 84 99 10 0 20 0 0 0 0 47 0 20 38 0 0 90 91 0 
0 0 0 19 80 0 0 0 76 94 71 41 61 54 23 0 0 62 0 95 0 88 88 58 0 96 81 0 
37 17 50 40 0 0 88 75 0 11 0 0 8 0 51 0 0 0 0 0 58 0 0 14 97 23 0 
0 0 0 4 0 81 0 14 1 0 0 0 8 45 0 0 0 15 68 97 0 7 100 0 77 0 
0 0 54 62 76 0 97 39 99 65 29 0 0 59 0 0 0 0 71 56 57 0 32 65 0 
27 0 45 94 0 17 0 0 0 84 12 88 0 86 72 0 94 0 7 26 0 0 0 0 
0 0 9 0 14 0 0 83 66 0 0 0 80 0 16 0 0 20 17 77 34 8 62 
40 33 0 0 77 14 8 57 0 25 0 0 58 42 0 0 0 40 26 0 0 13 
0 0 31 55 5 0 0 0 1 0 18 0 0 0 0 0 59 0 0 0 56 
63 0 63 0 0 21 27 89 0 25 10 16 0 45 78 0 0 0 0 0 
0 0 18 63 31 87 78 39 0 0 0 0 0 0 0 0 0 0 0 
0 0 21 0 2 78 20 0 0 0 55 0 41 53 0 0 56 0 
0 0 73 98 0 0 72 0 67 17 69 20 0 41 0 0 32 
0 74 94 82 0 35 0 12 0 0 23 31 67 88 27 88 
0 0 29 23 71 0 0 0 87 23 77 81 27 80 0 
41 0 0 0 33 21 0 0 95 0 20 0 78 83 
0 0 0 59 54 30 0 0 94 93 79 45 0 
16 0 0 92 0 57 95 0 0 65 0 0 
6 83 77 0 21 0 88 66 47 0 63 
44 0 72 84 0 0 0 0 37 100 
68 38 39 42 0 0 0 88 44 
14 70 0 0 8 22 0 12 
0 51 8 31 82 0 22 
93 0 0 0 0 92 
0 0 46 73 0 
0 0 39 97 
64 47 24 
0 0 
51 

#i: 12
0 0 16 0 8 0 0 96 57 0 0 0 37 46 22 0 76 20 2 0 0 0 0 0 0 21 97 2 64 58 8 0 46 96 98 0 0 89 32 42 10 
0 2 8 13 79 17 16 42 0 42 11 0 0 20 0 0 0 0 63 97 2 21 80 0 40 29 26 70 47 21 0 18 54 43 67 0 0 0 0 0 
81 95 21 41 0 57 34 82 89 0 15 48 68 0 0 87 0 100 0 0 72 0 0 0 79 85 6 21 0 61 74 18 0 14 0 0 37 48 98 
0 0 84 20 80 93 0 0 0 0 0 60 82 37 76 91 0 0 38 24 0 28 98 6 0 0 6 37 94 0 69 61 0 94 0 81 45 95 
0 56 0 0 0 0 6 33 88 0 0 0 23 24 70 0 7 0 0 0 14 6 0 0 49 0 59 69 0 0 0 18 42 5 53 67 0 
50 0 0 19 33 27 0 24 51 0 0 0 0 86 0 0 0 0 0 79 13 29 34 23 90 56 0 0 0 5 62 70 0 95 0 0 
0 23 73 99 61 0 0 0 29 53 7 12 0 65 0 43 10 33 78 0 0 29 83 89 98 0 8 69 0 53 22 71 79 0 0 
0 13 4 23 35 0 0 0 0 74 37 0 0 0 0 19 34 77 0 76 13 12 64 88 52 68 0 19 60 0 0 51 36 0 
22 0 89 0 0 47 0 1 0 65 0 92 0 90 28 94 0 10 86 0 40 0 5 0 0 0 43 37 0 10 34 0 0 
0 0 91 0 32 0 0 0 6 0 0 0 66 0 0 2 0 0 43 71 0 63 0 8 0 16 25 0 10 0 0 0 
0 0 0 0 0 0 22 0 0 0 8 0 51 0 73 60 69 0 0 57 0 0 70 0 0 97 7 40 0 41 0 
0 0 74 0 44 0 0 0 0 24 0 53 0 0 0 0 58 0 39 0 0 0 0 82 0 47 0 41 40 0 
0 0 2 0 0 0 0 84 0 99 0 88 59 0 89 0 50 26 8 25 42 0 0 0 36 0 77 24 42 
55 100 0 0 25 0 0 9 0 0 61 0 97 0 0 0 4 56 26 0 0 57 0 72 94 64 0 6 
16 0 0 80 58 28 0 0 98 92 0 72 86 46 0 82 44 5 51 0 97 100 68 39 0 0 20 
75 99 60 96 88 0 30 49 0 88 0 90 0 68 0 80 48 21 0 36 19 0 0 32 0 0 
9 23 0 0 0 0 43 0 96 22 0 41 0 74 87 73 0 0 0 12 73 74 67 96 86 
0 0 32 26 0 0 0 26 0 50 70 79 0 0 0 0 0 0 0 52 0 0 30 21 
0 42 0 0 74 44 15 0 0 0 0 12 0 79 0 0 12 10 0 3 85 36 98 
0 0 88 0 0 0 0 0 0 0 0 0 0 0 0 0 30 0 58 43 81 79 
0 0 0 57 0 15 0 67 0 56 43 0 0 0 13 77 0 80 0 100 59 
0 0 0 3 0 85 0 14 0 84 65 24 44 0 0 0 30 0 0 0 
0 0 0 73 0 0 75 72 21 13 0 6 0 28 9 56 74 0 94 
0 45 68 0 0 0 0 19 0 0 35 78 76 0 0 0 0 0 
0 22 17 0 85 91 0 0 0 0 0 13 0 0 0 0 56 
0 0 64 80 0 0 92 0 0 0 56 0 64 0 80 71 
43 0 87 0 41 70 0 26 45 80 0 69 60 0 0 
25 0 53 34 69 76 66 0 52 0 58 19 0 0 
6 0 9 89 17 25 16 0 0 0 0 0 29 
73 0 37 0 2 0 0 21 36 0 0 0 
73 65 7 83 0 0 0 43 12 0 0 
0 0 0 46 15 0 0 34 2 0 
7 0 33 70 63 78 0 41 80 
96 95 74 90 0 85 58 100 
41 30 0 0 0 60 91 
0 76 94 64 39 0 
43 0 0 0 0 
89 10 97 21 
13 0 9 
31 0 
79 

#i: 13
0 0 0 0 47 3 0 79 0 95 91 39 0 0 0 0 95 60 0 0 79 98 0 0 16 0 0 9 25 0 82 80 0 0 28 0 59 0 0 0 
91 44 0 0 0 94 34 42 0 0 0 0 0 0 69 43 98 7 0 0 86 30 44 0 0 0 0 59 0 83 17 28 71 0 0 66 40 0 51 
30 0 0 0 99 0 0 35 42 35 50 82 65 0 1 0 0 45 0 26 71 84 8 0 89 61 0 36 0 87 0 0 0 15 85 0 0 0 
0 0 0 48 0 0 91 57 73 25 66 0 16 55 0 14 0 12 0 0 50 0 78 0 76 0 0 0 0 0 0 76 87 0 13 0 28 
6 0 1 55 0 0 0 25 51 39 0 0 0 0 61 0 0 36 0 0 47 0 0 0 0 25 62 0 0 0 48 0 0 37 0 98 
0 0 47 38 75 22 0 0 0 0 100 36 11 46 88 0 0 56 95 2 0 0 55 0 52 0 44 56 11 98 0 0 0 0 62 
43 0 0 16 0 0 59 0 41 0 0 0 16 15 0 0 0 0 0 74 0 0 0 78 0 0 0 0 0 0 0 0 0 33 
0 0 59 55 0 87 23 0 5 0 41 59 0 42 14 10 0 0 69 71 17 0 15 0 0 0 10 0 0 0 0 0 0 
0 0 96 0 0 0 24 0 27 0 45 70 68 0 79 81 99 99 0 0 0 0 40 0 0 0 0 0 0 93 0 0 
60 0 0 71 8 0 0 0 0 0 52 47 82 0 86 1 30 93 0 64 33 1 4 0 60 31 0 30 77 90 42 
0 70 29 78 0 0 78 0 0 92 89 0 10 0 0 0 0 9 53 0 0 0 70 86 0 60 0 0 0 10 
0 0 0 0 37 49 55 27 91 0 52 0 81 65 0 0 36 0 94 0 2 0 0 77 0 0 42 75 0 
0 44 0 0 7 34 46 18 0 0 0 54 0 0 0 0 64 0 11 0 55 42 11 0 79 0 66 0 
26 10 0 0 0 0 0 0 0 99 0 0 0 93 0 27 87 46 25 77 59 61 37 34 24 97 0 
0 15 7 6 0 0 22 43 0 0 69 74 0 0 44 64 0 100 15 0 0 61 0 11 35 81 
2 55 0 29 0 23 2 0 0 0 0 76 0 97 0 97 49 41 0 6 42 0 89 0 46 
0 25 0 0 0 0 31 77 0 22 0 51 0 7 17 0 20 40 34 74 43 71 44 63 
0 48 92 35 47 29 49 46 0 4 55 90 0 75 0 12 0 0 100 45 58 43 0 
31 40 6 0 67 83 59 0 16 0 0 0 98 0 5 0 19 0 0 96 87 1 
47 14 0 0 60 0 0 38 24 0 41 37 0 0 83 98 0 65 71 0 91 
98 83 29 48 0 77 0 0 0 0 0 0 80 0 0 0 25 62 0 0 
0 0 25 98 74 65 0 0 90 0 67 0 98 0 78 51 25 49 0 
4 0 6 0 15 62 0 87 0 0 0 8 48 21 54 50 73 17 
0 59 0 0 80 0 0 0 43 0 11 9 88 73 71 0 0 
0 100 0 95 0 0 47 64 7 0 55 0 0 0 0 0 
85 65 0 0 0 0 0 54 47 83 15 0 0 35 81 
86 3 21 73 7 0 0 75 19 0 0 0 7 96 
0 94 87 0 0 75 0 50 0 57 0 45 0 
81 21 83 0 0 46 42 64 0 25 0 0 
0 57 0 0 45 0 0 33 49 0 64 
0 99 0 0 0 0 8 28 0 45 
0 31 25 0 0 0 0 0 0 
0 0 0 23 0 0 87 89 
0 11 0 0 52 17 90 
0 0 0 0 40 0 
0 78 0 0 0 
94 60 39 34 
75 3 0 
47 0 
30 

#i: 14
36 98 53 0 0 0 0 14 95 6 0 55 0 0 0 22 0 97 0 0 98 97 70 100 81 0 0 0 0 0 78 0 58 41 0 1 11 0 28 
83 59 13 43 0 47 79 79 32 0 0 97 0 87 0 20 5 62 30 0 0 12 0 0 0 72 6 65 0 58 0 1 0 43 98 0 0 0 
0 0 0 26 0 50 47 3 0 95 0 76 47 58 64 0 0 62 0 0 79 42 2 0 16 0 0 11 0 0 0 89 0 81 0 86 55 
3 0 0 0 39 50 0 34 0 45 99 0 86 0 53 0 58 80 0 67 0 0 28 0 0 26 95 0 21 0 5 22 12 6 77 0 
9 59 0 50 75 27 100 4 32 84 34 75 35 36 28 34 66 0 0 0 0 0 0 85 0 38 0 0 34 0 56 37 0 4 54 
0 0 38 98 28 0 0 78 19 52 0 0 36 9 52 0 11 72 0 0 0 0 0 0 12 66 0 0 0 33 89 0 87 0 
0 0 93 0 53 50 0 71 47 50 39 0 0 0 66 38 0 0 92 0 0 86 0 74 5 34 0 0 0 0 97 2 11 
81 34 93 5 0 0 0 44 81 75 63 0 13 42 0 0 0 0 0 46 0 41 84 0 0 34 0 0 0 0 96 0 
64 0 92 0 0 54 0 0 0 0 0 59 11 0 54 11 0 0 0 0 0 0 0 0 0 24 0 0 94 0 0 
40 0 0 89 95 0 82 0 43 0 94 55 0 0 34 18 0 0 0 59 65 0 0 0 0 0 53 0 62 28 
7 81 0 57 29 0 13 14 0 0 93 0 3 0 0 0 0 0 98 73 0 0 61 0 0 47 0 0 0 
30 0 0 66 0 0 59 84 0 0 0 20 0 0 69 0 71 28 74 3 62 0 0 96 0 0 0 0 
47 0 0 17 20 34 41 0 0 0 0 73 0 11 0 0 39 0 0 0 0 0 42 98 69 39 0 
29 94 0 28 0 0 0 51 51 62 20 13 54 0 3 85 0 99 0 0 22 0 0 0 86 0 
52 8 0 79 78 68 66 0 31 96 86 0 42 0 0 0 83 52 54 36 0 8 63 11 4 
0 38 26 61 11 68 97 0 47 40 76 47 5 0 77 0 39 0 0 0 8 5 0 91 
30 0 88 0 87 0 84 0 87 0 67 5 45 12 4 0 89 0 81 88 0 87 0 
0 0 94 84 0 48 5 44 69 0 0 71 61 0 57 61 23 0 11 0 62 19 
0 93 14 0 0 60 0 0 0 0 53 37 0 98 67 0 67 0 73 0 57 
0 31 82 0 36 0 0 0 51 81 23 0 2 95 26 78 0 0 0 0 
7 0 61 0 0 60 0 14 0 32 18 0 79 0 68 43 98 0 61 
85 7 0 1 6 0 0 0 27 0 94 15 0 0 42 57 85 0 
64 34 0 62 0 79 0 0 0 0 0 75 14 47 0 0 0 
0 79 0 0 0 0 0 82 0 99 27 94 96 0 30 0 
81 0 0 0 0 0 1 0 0 0 0 0 18 47 0 
67 20 66 72 77 0 67 29 0 41 0 0 0 0 
0 0 69 6 0 0 0 56 0 2 0 93 0 
65 0 0 47 0 71 47 0 0 0 65 30 
0 0 84 44 0 0 0 19 0 0 17 
0 0 0 38 0 34 62 0 0 45 
81 0 84 0 0 39 70 4 0 
3 26 0 51 0 0 0 0 
0 0 0 0 0 0 0 
0 0 96 0 0 58 
19 0 94 81 86 
0 29 0 0 
0 27 12 
0 1 
0 

#i: 15
66 0 0 55 13 0 0 0 11 58 75 0 76 31 0 0 0 33 73 0 0 0 0 90 59 32 0 0 0 0 90 73 22 1 66 0 0 24 
0 80 3 0 95 59 47 0 0 0 31 0 75 86 0 0 51 0 0 56 91 13 9 0 59 96 0 27 0 50 28 0 0 52 23 31 69 
95 0 0 0 0 48 0 21 94 71 0 37 0 43 0 0 39 87 57 16 24 0 0 0 0 40 0 56 74 3 0 0 0 0 13 84 
0 0 0 41 0 27 0 90 0 0 0 0 40 0 37 25 20 0 15 0 0 0 0 57 0 0 52 0 0 48 60 74 0 90 0 
37 0 0 0 54 0 0 100 0 63 0 0 33 10 0 0 18 13 0 0 0 0 86 0 0 0 6 0 57 0 0 31 0 20 
0 71 26 0 43 33 78 0 42 3 23 68 100 35 0 98 25 0 26 50 95 56 20 0 0 0 0 0 0 24 0 0 50 
82 0 67 67 0 0 61 3 19 0 0 5 0 0 70 63 91 0 0 22 0 0 0 81 32 0 0 0 91 0 0 0 
26 11 0 0 11 0 0 0 0 0 58 40 0 42 27 90 0 32 2 52 0 0 69 54 97 0 34 0 0 0 0 
71 0 0 0 41 0 79 39 55 0 24 0 63 0 0 0 90 97 6 90 0 76 0 23 2 19 0 85 27 0 
80 0 0 0 0 0 0 0 0 45 50 0 0 51 0 56 0 81 0 63 28 0 79 0 0 95 0 27 82 
55 0 0 0 0 0 99 48 28 100 86 0 100 4 0 2 80 2 0 2 0 0 75 28 39 0 32 21 
43 72 19 0 0 12 0 73 0 69 0 0 37 6 7 0 0 6 49 0 93 0 38 0 0 0 94 
0 60 90 38 43 71 0 0 0 0 73 21 78 0 0 0 70 0 10 0 21 9 0 22 0 5 
0 39 0 42 0 92 0 47 0 0 0 0 46 33 73 0 30 0 80 34 16 91 65 0 72 
0 0 41 0 0 0 0 89 0 54 34 23 97 83 84 86 92 0 0 0 11 8 0 54 
41 0 74 0 88 0 26 0 78 62 57 90 0 0 82 27 0 23 8 36 90 0 0 
0 14 26 3 63 76 38 7 64 0 0 22 0 74 0 22 10 35 72 0 0 0 
17 35 0 55 0 0 0 53 0 15 0 0 100 0 0 0 0 25 55 0 0 
0 0 1 0 29 12 0 51 59 0 0 0 71 0 100 0 0 48 0 4 
76 0 0 0 0 0 0 0 0 0 59 0 0 0 0 0 0 47 77 
46 95 0 52 20 0 0 0 89 44 0 0 57 87 53 0 6 0 
9 14 0 13 0 27 0 15 33 0 76 0 79 25 8 54 21 
82 14 0 6 81 0 0 92 92 16 81 0 21 0 0 10 
0 0 0 56 0 42 0 7 0 0 31 0 26 66 82 
0 0 0 0 29 0 0 0 68 0 97 0 28 0 
84 0 0 0 71 38 36 72 0 87 90 55 43 
52 47 0 0 43 17 60 0 57 0 0 0 
36 82 0 0 70 35 71 0 17 11 0 
0 87 24 0 0 40 0 0 0 0 
58 57 0 0 0 0 0 83 0 
0 0 98 0 0 0 81 92 
0 12 99 0 0 13 0 
27 94 0 51 0 90 
0 0 27 0 17 
93 0 0 51 
7 95 11 
72 0 
0 

#i: 16
0 0 0 48 41 36 0 33 17 28 89 45 46 0 1 0 0 0 0 72 18 0 5 62 69 18 20 0 0 0 0 0 25 0 0 91 50 
0 80 0 0 91 0 0 0 0 83 0 0 0 62 73 0 0 0 62 40 0 79 98 0 0 0 65 37 0 0 53 0 67 69 44 66 
0 28 0 60 0 86 37 78 65 23 0 0 0 0 39 0 20 63 86 8 75 18 0 0 0 0 48 62 95 0 0 0 0 0 0 
79 19 0 0 0 0 10 64 4 0 47 0 66 34 0 52 0 0 76 0 23 0 64 0 66 0 24 0 69 65 0 30 0 0 
0 0 0 47 0 48 30 0 99 62 17 0 43 68 31 0 0 12 0 100 0 13 32 64 0 99 54 67 33 76 81 80 0 
94 0 29 91 0 49 0 0 91 0 0 0 0 0 0 74 81 16 47 0 47 0 91 75 70 0 0 74 0 0 47 84 
46 0 0 0 43 43 19 0 0 0 0 89 40 0 0 2 45 0 50 2 0 51 0 53 0 0 16 28 30 0 0 
0 0 0 0 0 44 0 0 0 0 82 0 80 0 0 56 93 0 73 32 53 0 0 0 64 0 0 65 55 94 
55 0 0 0 98 47 0 0 0 0 77 0 9 0 90 26 34 100 0 0 0 32 70 62 0 96 0 56 47 
26 0 86 0 0 0 0 64 0 0 95 0 11 0 2 7 0 99 0 0 0 97 0 0 83 1 5 93 
92 34 0 12 78 87 0 76 32 0 5 5 67 0 0 0 6 0 96 91 97 64 55 0 65 86 0 
0 81 37 0 0 0 0 59 52 74 43 0 0 0 52 0 0 0 91 6 0 0 0 10 0 94 
44 2 45 65 58 42 56 39 0 0 0 41 83 0 72 0 0 0 16 0 0 0 0 27 21 
0 69 0 29 0 0 0 7 2 34 68 53 58 0 0 27 35 62 97 69 0 93 28 0 
87 86 47 5 79 0 0 0 0 54 0 82 62 0 67 64 13 0 0 13 95 0 0 
68 0 0 8 0 89 23 100 80 0 0 0 0 15 90 40 0 41 0 0 6 98 
0 26 85 59 58 0 41 38 0 0 44 73 72 0 0 0 33 88 65 0 53 
21 0 0 76 94 0 0 0 0 0 42 91 47 0 0 0 44 0 0 0 
87 96 0 0 0 0 30 77 0 0 0 27 0 0 46 0 61 0 0 
0 0 0 0 0 40 74 84 74 0 0 66 64 58 0 86 0 8 
5 68 0 50 51 73 95 0 0 0 45 73 0 0 0 0 63 
21 0 0 90 0 0 0 0 45 33 0 36 54 18 95 0 
28 89 98 23 66 0 0 78 0 35 0 87 0 0 0 
45 0 3 36 67 0 0 0 25 0 0 75 81 0 
0 63 77 67 5 64 0 0 0 7 0 30 79 
71 55 39 82 72 0 97 0 0 17 98 0 
0 31 24 0 88 40 0 51 0 15 0 
50 37 0 69 23 0 59 0 0 0 
0 0 26 0 0 97 50 0 0 
68 0 0 63 0 0 49 0 
0 18 0 97 97 0 0 
43 0 53 0 0 0 
0 70 21 86 0 
0 0 0 41 
0 60 0 
84 0 
85 

#i: 17
47 0 83 0 0 0 89 0 0 6 13 0 0 58 95 0 0 52 0 83 17 57 0 0 51 36 21 0 0 0 0 0 53 95 63 73 
0 30 0 0 0 0 2 0 43 0 0 0 49 0 0 0 23 0 0 62 0 0 92 78 0 95 80 0 0 56 0 0 0 74 0 
0 0 0 39 90 26 0 0 19 84 23 13 80 0 0 48 46 22 0 26 6 0 27 47 0 0 89 59 67 55 16 0 66 0 
0 45 94 21 40 0 0 0 0 0 37 0 24 50 0 65 61 91 65 0 0 34 73 0 15 0 8 0 0 11 0 0 88 
96 67 26 0 75 0 50 32 49 49 63 0 0 0 0 73 0 0 71 0 0 0 81 0 77 0 33 30 4 67 0 80 
0 0 64 0 92 0 0 23 17 0 91 65 70 0 34 11 68 0 91 68 13 24 0 0 5 80 0 49 97 0 0 
90 63 0 0 9 22 0 0 0 43 10 87 0 0 0 0 74 0 96 0 0 0 0 0 0 13 43 22 0 0 
0 0 10 15 0 71 0 56 98 0 0 37 0 60 3 2 0 66 85 0 91 14 49 0 74 74 98 0 82 
6 7 0 0 33 0 79 0 0 0 78 0 74 17 0 0 34 0 0 0 0 16 45 0 65 90 0 69 
47 0 0 0 0 0 0 59 0 25 0 27 43 0 0 1 7 0 39 45 0 0 0 37 80 0 20 
2 4 0 0 8 1 46 0 11 86 0 0 0 0 0 0 80 0 0 0 30 72 0 0 0 0 
0 28 0 86 50 0 0 0 0 44 15 70 0 0 0 43 98 0 0 94 0 0 14 0 61 
0 0 0 0 0 43 0 13 0 0 0 0 72 0 98 41 0 14 0 58 0 64 65 32 
97 0 0 0 0 77 0 0 20 12 90 0 0 19 0 88 0 0 18 0 25 54 32 
50 0 0 32 0 0 35 4 0 0 0 0 0 98 21 0 0 0 22 68 34 14 
56 68 21 0 0 0 32 0 0 0 85 10 70 0 76 0 0 66 0 0 34 
0 24 0 0 0 79 0 0 19 0 0 4 0 0 0 24 96 29 0 0 
0 0 0 85 56 89 14 52 0 0 48 0 0 0 56 71 81 14 31 
0 1 0 0 0 21 0 0 54 57 0 21 0 58 98 43 65 0 
0 77 0 0 48 0 0 3 0 0 84 75 4 65 0 0 27 
22 0 61 0 0 48 29 79 42 0 48 0 0 87 98 25 
38 53 7 0 49 58 0 0 73 0 0 0 76 0 32 
0 49 81 0 0 80 0 71 0 0 0 0 87 72 
84 0 55 13 29 0 0 0 0 0 31 4 94 
38 90 0 0 0 0 0 51 0 0 0 0 
0 0 0 26 63 0 0 84 0 0 18 
0 0 71 0 0 0 0 0 11 0 
65 0 0 0 22 0 0 46 0 
0 67 70 87 0 0 0 34 
52 0 0 0 3 0 0 
57 0 41 18 61 61 
6 0 0 0 67 
49 0 69 46 
79 11 0 
0 0 
0 

#i: 18
0 18 0 91 69 0 30 0 11 48 49 60 0 0 0 23 47 10 39 95 0 16 0 0 0 98 0 61 48 59 0 71 44 0 0 
0 100 0 0 0 0 0 69 0 0 63 27 68 0 4 0 0 73 0 22 78 0 56 67 0 69 67 0 51 16 70 66 0 0 
98 77 0 62 0 0 0 0 0 0 29 0 67 94 45 43 0 0 0 75 41 0 0 0 61 73 0 0 92 0 66 0 39 
14 8 35 30 57 0 77 96 80 0 0 0 90 0 0 0 0 0 96 36 0 15 19 0 92 63 67 48 33 0 24 0 
0 86 93 36 74 0 53 34 73 0 86 0 29 0 0 0 0 0 0 23 0 0 21 88 72 0 22 0 89 0 0 
68 0 34 58 0 65 0 0 46 0 0 10 0 84 0 62 0 40 14 0 98 76 0 0 50 24 0 73 0 0 
0 13 1 0 0 26 0 0 0 39 22 0 80 0 90 93 1 1 19 96 0 53 67 59 0 0 48 17 81 
70 0 0 4 0 36 0 18 99 89 0 84 0 24 6 47 23 56 0 67 74 0 0 74 0 0 80 0 
31 0 65 0 0 56 82 0 56 52 0 0 93 26 0 0 0 67 84 0 0 0 5 0 30 62 0 
47 0 9 0 0 78 23 0 80 0 0 69 69 65 58 0 20 0 0 65 0 0 0 0 0 62 
0 0 0 5 0 34 39 39 0 56 24 26 57 0 0 0 15 0 0 35 56 27 11 0 52 
15 0 38 19 54 41 0 45 0 0 0 38 21 0 13 90 0 28 30 36 40 0 0 62 
0 0 11 63 0 17 17 0 0 0 52 0 10 37 33 48 0 0 0 76 91 65 56 
0 0 0 9 0 0 93 20 35 12 54 8 48 71 74 54 36 30 99 25 0 15 
59 78 0 0 2 0 0 0 5 0 25 53 0 0 77 0 76 84 0 66 0 
47 0 18 0 63 52 0 0 0 0 0 82 27 25 0 88 30 0 0 0 
0 33 0 89 66 0 0 82 0 0 0 0 25 0 57 0 89 58 0 
0 37 0 52 0 0 62 0 0 56 19 2 58 0 92 16 0 34 
26 0 12 88 0 20 0 73 0 81 0 0 0 0 0 83 0 
54 73 67 0 30 27 0 24 0 24 0 0 0 87 0 0 
0 0 86 0 0 0 0 17 0 37 38 0 18 65 0 
0 0 0 41 0 0 0 88 0 0 0 88 0 0 
0 60 37 43 0 0 0 0 0 0 41 77 63 
0 10 0 31 0 27 99 94 12 31 42 0 
0 34 64 0 19 36 49 71 0 81 30 
78 50 76 0 0 0 80 0 70 0 
0 31 50 0 0 50 0 63 57 
0 0 58 78 50 95 88 0 
0 94 50 0 0 0 27 
52 0 0 0 0 0 
23 0 0 22 45 
61 0 0 0 
3 0 0 
75 68 
0 

#i: 19
0 0 48 0 9 36 6 0 0 94 0 0 63 0 0 0 45 0 0 0 10 88 41 0 53 95 0 0 0 0 0 0 0 12 
0 59 0 0 0 0 74 0 3 54 92 72 0 47 69 98 4 52 0 21 0 9 0 39 98 0 28 48 85 0 95 86 0 
85 0 0 12 23 0 0 19 3 82 0 28 73 67 0 63 0 0 29 11 0 12 26 0 45 33 15 0 0 0 93 97 
92 0 88 33 0 0 0 0 67 71 0 19 0 46 90 0 36 69 0 35 0 23 86 42 0 0 66 50 0 0 0 
51 0 7 0 0 0 21 3 0 68 0 52 0 0 0 0 46 90 0 0 0 0 0 0 90 0 0 30 66 0 
0 71 21 95 95 68 0 2 99 0 0 0 0 0 0 12 0 0 91 0 21 85 63 34 0 0 43 71 40 
31 0 0 46 0 86 0 0 12 0 0 0 0 0 65 0 0 0 0 56 0 86 93 0 31 0 0 67 
0 0 31 0 0 73 35 0 0 44 0 0 0 0 16 0 97 0 0 65 0 57 86 73 0 83 95 
0 0 34 8 0 0 0 12 0 0 0 12 36 83 0 0 0 26 0 3 0 0 75 65 0 54 
0 28 27 50 34 0 0 0 13 0 0 0 0 0 0 3 4 0 84 90 5 92 75 74 0 
0 0 36 0 0 0 0 0 44 0 0 70 94 0 0 0 14 0 0 0 0 24 0 0 
0 78 27 55 0 70 38 33 88 0 0 0 57 38 12 0 0 4 0 33 0 4 32 
0 10 0 0 93 75 0 44 34 20 0 0 10 0 0 0 0 74 20 0 83 0 
0 0 99 0 84 76 0 0 0 0 27 0 0 0 0 44 35 30 77 66 72 
0 71 49 42 0 9 0 83 0 12 50 54 0 78 9 64 0 0 0 0 
68 0 0 67 57 100 0 90 0 35 5 0 0 0 11 92 60 0 84 
15 66 0 76 17 8 0 0 0 0 0 98 0 90 72 85 0 0 
0 39 0 0 76 71 0 23 0 0 0 0 0 38 0 75 79 
84 0 0 0 0 0 60 0 0 27 10 29 82 38 0 0 
8 12 0 77 46 0 0 0 31 0 94 75 0 0 0 
65 0 0 0 0 80 40 18 21 0 25 38 0 0 
0 0 20 21 82 65 0 0 0 0 43 65 14 
0 0 0 0 0 61 0 0 3 79 57 6 
0 23 26 0 69 18 94 94 0 0 36 
0 0 0 0 0 54 0 0 0 60 
70 31 0 95 44 99 0 13 0 
0 54 3 89 0 0 8 0 
7 54 57 0 82 87 0 
0 0 0 12 30 0 
45 52 0 73 0 
0 74 76 0 
0 0 11 
60 17 
0 

#i: 20
0 18 65 0 0 0 0 63 0 60 0 0 0 44 13 0 59 54 80 0 25 0 0 0 62 34 24 13 44 63 89 0 46 
0 0 0 98 98 0 0 0 0 0 0 0 52 0 0 0 0 50 61 0 99 58 65 0 0 65 0 27 0 0 0 84 
0 10 0 0 29 0 98 86 0 0 47 51 26 0 73 0 0 0 0 0 66 65 0 0 0 87 0 0 0 0 0 
0 66 0 76 85 68 8 0 0 45 0 48 49 26 27 0 65 20 0 4 0 0 0 86 0 53 56 53 36 28 
13 9 0 0 0 0 0 99 0 0 94 0 34 0 87 0 0 0 73 0 94 2 0 12 0 57 18 15 15 
0 0 90 11 15 57 28 0 0 0 0 55 0 0 0 20 0 21 0 0 0 6 9 86 48 0 54 0 
14 0 70 96 29 0 66 0 6 72 0 0 0 68 90 0 24 0 0 0 0 0 0 91 3 0 0 
0 39 53 0 0 0 78 16 37 55 0 0 6 0 0 0 17 0 63 0 0 100 0 0 47 50 
0 68 94 50 65 35 0 9 0 0 49 93 63 50 66 90 0 0 5 0 0 12 6 2 0 
41 0 78 0 83 38 0 0 0 0 84 46 43 36 0 57 34 44 0 0 53 59 68 0 
0 78 0 90 28 0 6 66 55 0 38 0 15 0 0 0 97 67 0 86 0 95 100 
0 51 37 23 60 12 0 0 0 16 0 95 11 0 59 82 0 0 0 0 50 0 
0 0 100 32 0 73 0 0 99 0 0 33 41 34 0 0 89 61 37 48 2 
59 0 90 0 0 0 83 0 76 97 8 0 69 40 42 0 0 0 0 24 
0 43 22 0 28 0 12 15 0 0 0 0 73 0 89 58 0 65 0 
63 0 23 53 0 11 0 0 54 0 0 0 53 0 0 42 68 0 
0 6 0 32 62 53 61 7 0 0 32 0 0 61 66 27 65 
47 96 23 0 0 70 80 99 0 0 0 0 0 0 0 0 
0 0 25 0 3 86 50 0 48 45 0 89 76 59 7 
33 0 0 90 0 0 0 0 27 37 95 0 92 0 
24 96 0 47 0 57 0 9 13 0 8 21 54 
0 65 61 0 3 95 0 28 18 0 44 0 
96 8 0 0 77 0 0 2 0 0 0 
0 92 67 37 0 0 64 38 0 0 
65 0 43 0 0 0 65 20 0 
32 0 0 100 0 29 36 17 
0 47 0 54 15 73 91 
85 0 0 0 0 0 
0 37 79 24 0 
0 70 0 9 
100 6 78 
6 67 
0 

#i: 21
0 0 88 0 30 0 71 96 0 16 0 9 38 56 56 80 0 89 81 60 34 87 0 0 27 0 22 79 0 0 0 98 
0 0 0 21 30 25 45 26 0 0 0 0 51 0 0 0 0 77 47 0 0 8 91 11 0 0 23 96 21 0 78 
30 60 6 96 0 0 37 0 25 99 0 0 0 0 0 35 84 65 23 0 0 77 23 99 0 0 0 0 0 0 
0 29 97 87 58 31 0 0 0 77 0 83 0 51 0 0 37 41 20 0 0 0 0 89 81 0 0 26 11 
0 16 0 97 28 0 0 58 0 41 54 70 0 0 0 48 0 98 94 0 93 38 88 0 3 64 0 98 
0 80 0 62 5 0 0 0 38 61 26 0 0 42 76 0 48 0 36 20 0 76 0 0 0 0 0 
0 0 21 0 68 71 7 0 0 55 0 0 66 0 0 0 43 73 93 34 0 0 0 0 34 0 
0 0 11 79 34 0 44 0 60 13 0 0 22 59 0 0 0 0 0 46 0 79 0 68 0 
0 0 0 90 0 20 88 29 16 3 0 0 35 61 0 59 0 0 20 54 0 0 92 31 
30 0 0 3 0 0 90 50 0 7 77 3 52 10 65 0 0 0 56 44 10 31 87 
5 37 0 0 16 88 0 0 45 86 0 44 0 98 0 0 23 0 95 30 62 50 
50 34 46 49 0 11 0 0 0 76 32 71 43 0 4 51 0 97 0 83 85 
0 0 0 0 0 0 0 0 0 0 35 0 0 0 82 0 0 54 0 0 
0 65 49 0 47 0 0 0 0 56 49 0 76 93 0 0 40 0 11 
68 9 0 0 70 0 94 54 38 0 0 70 0 0 0 0 0 0 
0 0 0 57 0 31 0 0 96 0 0 98 29 0 93 0 73 
33 21 100 0 84 0 100 17 0 0 71 0 0 73 0 0 
0 26 61 0 0 52 0 0 33 0 0 0 0 40 52 
13 66 51 76 0 70 0 16 0 0 0 96 0 0 
0 66 0 65 0 0 0 0 0 0 0 77 74 
0 41 0 8 47 0 36 0 43 32 0 5 
0 0 0 62 89 0 0 0 62 47 0 
0 51 0 16 73 0 7 9 54 0 
99 98 0 0 43 15 2 0 4 
0 0 74 98 0 0 0 6 
0 46 13 0 0 0 99 
24 37 8 0 0 50 
84 0 0 0 0 
0 0 0 29 
27 0 0 
71 0 
0 

#i: 22
27 0 0 13 0 0 7 72 46 0 0 0 45 20 74 66 65 47 0 0 18 0 0 0 3 0 0 0 0 3 0 
86 0 0 53 1 0 64 29 32 19 31 13 0 0 47 0 0 80 0 36 0 0 0 0 0 0 0 12 76 0 
77 0 0 0 51 90 0 0 0 0 0 86 92 0 50 69 29 55 0 43 0 0 0 0 0 0 65 21 0 
0 90 100 41 0 0 19 62 0 0 21 0 0 76 0 72 0 45 39 0 54 88 15 57 0 0 61 0 
0 0 0 95 0 97 92 11 76 0 0 27 98 18 0 31 0 0 49 60 27 0 40 29 59 0 0 
100 0 15 0 0 0 35 43 0 43 0 0 0 76 11 46 0 0 0 25 0 31 0 34 0 58 
20 0 38 0 0 68 0 83 0 0 0 0 0 0 54 0 33 28 0 0 0 0 16 23 79 
0 90 0 0 6 0 52 64 67 57 0 43 0 0 43 56 2 0 0 0 69 0 79 12 
88 66 0 80 89 0 13 0 77 72 0 32 60 6 74 0 95 66 84 2 0 0 12 
76 34 0 0 0 68 2 0 20 0 0 0 0 0 53 52 18 0 8 0 0 5 
36 0 44 6 28 0 58 20 78 20 100 75 69 53 0 90 0 56 76 58 92 
67 8 0 100 90 70 11 0 55 44 1 12 0 14 54 34 46 16 63 81 
0 0 0 57 43 0 91 0 3 0 0 65 6 0 0 0 0 0 0 
25 36 0 13 0 100 100 0 78 64 0 69 0 0 66 66 29 64 
84 12 1 0 56 36 51 80 0 78 0 5 0 0 48 0 53 
0 55 0 0 0 91 0 0 39 79 32 0 70 38 22 41 
96 0 0 0 31 0 29 92 0 0 67 0 0 62 9 
20 0 96 0 67 0 0 61 0 78 0 0 0 6 
67 78 0 33 0 0 0 45 19 0 84 13 52 
16 0 0 0 0 0 28 0 87 8 0 0 
0 0 35 42 52 0 70 100 57 89 0 
25 41 67 64 2 78 0 44 39 75 
0 0 0 0 84 9 0 0 0 
31 0 3 0 0 34 92 0 
16 0 0 87 0 93 72 
0 81 0 0 78 3 
84 77 0 28 88 
0 82 35 15 
0 7 0 
0 0 
39 

#i: 23
22 0 40 7 31 0 0 0 2 0 25 2 24 89 0 20 29 0 19 0 0 12 80 95 0 90 0 4 34 70 
44 0 0 70 0 0 0 82 81 0 47 14 95 40 69 0 0 15 61 5 0 17 0 26 0 0 6 0 0 
30 0 7 30 78 0 98 0 0 88 100 0 0 2 0 0 87 54 63 68 57 33 0 94 97 0 88 47 
0 49 0 52 89 0 0 0 0 52 74 100 0 0 92 49 0 0 0 0 0 19 0 32 0 0 40 
85 0 98 0 70 0 0 46 91 56 66 85 0 71 0 72 4 0 41 0 8 0 0 57 0 0 
0 0 50 0 0 0 70 0 0 84 0 0 0 0 43 17 0 0 0 75 94 0 4 75 90 
0 0 85 0 0 44 0 0 0 0 5 0 0 75 26 5 35 0 0 0 0 0 95 29 
58 21 0 0 0 92 1 0 0 0 20 25 55 0 54 95 27 0 73 0 34 0 0 
0 89 61 0 92 0 0 0 0 0 0 97 0 27 0 42 0 0 0 0 0 74 
0 77 0 1 86 0 42 0 29 0 0 2 86 0 0 89 0 0 0 26 19 
64 0 89 18 83 0 0 63 0 0 85 77 86 32 0 51 0 0 59 3 
0 50 72 69 82 0 0 81 17 68 88 0 0 0 0 0 17 0 60 
0 0 94 0 0 41 77 10 0 13 0 49 0 25 0 44 0 37 
28 0 0 0 0 7 0 0 67 0 61 0 0 5 0 0 0 
50 23 75 0 3 0 63 52 0 0 0 67 0 42 0 6 
61 45 0 11 0 54 76 43 0 63 0 0 1 45 7 
0 20 0 46 0 61 42 0 89 0 94 60 0 61 
48 82 65 0 0 25 24 0 0 89 36 0 0 
61 60 0 0 92 35 0 18 63 62 0 91 
0 41 18 0 73 0 75 35 68 4 97 
68 70 0 0 0 0 67 38 0 0 
93 0 0 0 67 27 27 0 0 
11 0 92 53 0 0 24 26 
0 0 0 0 0 36 18 
24 0 0 0 0 0 
0 0 0 0 0 
0 68 0 0 
46 0 0 
90 96 
88 

#i: 24
0 34 0 23 25 46 0 11 0 68 22 0 93 0 0 97 84 0 39 30 0 0 76 0 0 91 79 32 69 
93 0 10 88 0 18 26 0 0 30 87 33 0 63 87 8 76 100 24 0 0 50 98 92 9 90 0 85 
0 0 0 0 25 58 0 0 0 83 24 0 0 0 0 59 0 65 0 91 73 0 85 14 0 0 0 
42 58 0 0 0 22 0 0 0 53 0 0 0 45 0 46 0 14 0 0 24 0 0 6 67 0 
0 0 29 12 48 0 0 72 97 0 93 42 0 0 0 37 84 0 88 69 0 0 0 69 33 
0 0 0 0 63 0 91 96 60 10 0 10 0 92 0 12 0 46 44 69 85 68 0 0 
0 0 0 74 0 0 0 85 16 0 0 76 0 88 0 0 0 0 44 0 0 26 93 
0 25 74 29 0 0 33 4 67 0 0 8 0 0 0 0 0 0 1 0 35 0 
46 87 0 0 0 3 0 0 49 44 61 0 92 0 0 0 0 0 0 0 62 
0 0 0 0 7 0 0 56 0 90 61 1 0 82 0 0 87 0 89 0 
0 0 0 38 0 0 0 13 38 0 19 54 0 0 35 0 46 0 67 
2 0 16 69 0 29 90 0 0 18 88 0 0 0 0 77 100 0 
8 28 0 0 76 0 73 5 0 54 0 0 37 0 65 0 5 
0 0 79 50 94 0 92 49 57 0 0 47 0 0 0 0 
0 0 0 0 0 0 0 0 0 25 0 14 12 72 0 
0 0 3 98 38 0 21 31 0 7 75 21 63 83 
66 86 62 0 0 0 68 21 0 0 100 0 56 
62 0 0 34 96 52 2 7 100 0 50 24 
64 0 65 0 0 90 44 0 7 15 0 
66 0 24 50 31 33 64 0 0 0 
0 0 89 59 0 0 100 56 0 
7 66 0 18 31 0 5 99 
0 0 0 0 0 0 0 
0 0 0 85 62 0 
86 0 85 23 74 
85 3 59 0 
92 27 0 
26 0 
0 

#i: 25
67 3 8 21 0 60 0 0 2 92 0 41 65 0 0 54 0 37 62 0 24 0 0 1 44 40 0 68 
72 0 0 0 19 56 0 0 0 13 20 0 0 2 13 0 71 0 0 66 0 46 0 0 0 42 26 
37 0 0 21 58 32 0 0 0 0 0 30 47 0 99 30 0 0 1 61 3 0 50 81 0 0 
58 0 0 84 0 0 0 0 92 0 7 43 0 0 0 70 0 30 0 29 0 0 0 19 0 
0 0 0 50 23 0 92 40 0 0 0 100 0 0 96 0 0 68 51 0 72 77 0 0 
0 7 0 0 99 77 0 0 0 0 17 0 23 40 99 0 47 31 43 0 0 30 0 
0 79 0 50 0 0 81 67 0 0 50 49 8 30 0 0 5 0 92 0 83 0 
89 0 0 52 36 4 0 0 0 0 100 12 0 12 0 48 77 68 68 53 0 
0 0 0 0 0 16 17 0 0 0 0 0 0 0 0 35 83 98 48 33 
59 0 0 0 0 47 38 16 62 0 0 0 0 41 81 0 0 52 74 
0 0 0 0 0 79 0 73 20 0 0 0 75 43 100 91 0 0 
0 0 90 0 63 0 0 0 100 52 0 21 84 0 0 4 8 
8 0 0 8 12 0 85 34 40 89 0 30 42 0 52 0 
69 12 0 94 74 0 74 56 0 69 68 41 0 41 0 
0 9 78 0 20 0 46 73 0 91 99 31 0 92 
0 57 0 78 0 96 28 0 62 0 0 42 0 
39 31 0 44 65 0 2 0 0 0 80 12 
0 67 0 8 79 66 0 0 35 63 0 
59 0 0 0 88 0 82 10 28 0 
0 0 72 27 45 72 0 0 68 
44 96 83 0 0 0 19 0 
0 0 80 63 0 44 43 
0 99 73 0 0 7 
34 0 0 42 0 
2 87 38 0 
0 0 0 
0 1 
0 

#i: 26
95 0 17 14 63 0 0 21 0 0 0 0 0 0 0 0 52 23 70 12 0 41 82 30 0 24 39 
61 44 61 0 5 0 0 56 52 59 0 0 0 0 70 0 0 0 45 0 95 23 100 0 36 0 
26 0 0 98 0 92 0 0 0 69 0 91 58 95 100 19 37 0 0 12 0 0 0 31 52 
0 40 96 38 97 0 0 28 0 47 0 0 100 0 71 49 0 81 0 0 16 0 0 0 
0 94 0 0 46 7 76 0 60 42 54 0 0 0 86 0 34 0 0 95 50 63 26 
0 0 20 52 11 53 97 0 0 0 100 0 0 0 41 0 48 48 84 76 19 0 
0 0 73 75 0 100 56 0 91 30 0 23 75 0 0 0 0 0 0 95 85 
94 0 52 0 0 69 28 0 3 0 0 0 76 0 35 0 0 0 38 0 
0 0 39 0 0 60 0 36 0 3 90 58 0 44 0 40 60 22 0 
0 0 80 0 0 0 0 43 34 56 35 39 0 0 0 61 0 33 
69 0 0 92 0 0 49 46 0 11 89 94 0 0 0 65 96 
95 0 0 0 0 0 0 0 34 8 0 0 0 0 93 0 
71 0 68 41 0 0 47 21 99 0 0 11 0 0 70 
0 65 0 0 0 5 28 0 79 0 0 14 0 71 
0 64 0 0 0 80 52 0 0 87 0 0 97 
80 0 4 0 61 24 49 89 0 0 0 65 
0 71 83 0 0 0 58 28 0 86 0 
0 79 5 30 19 23 0 0 0 62 
0 34 0 0 0 10 61 29 0 
12 30 0 95 0 52 100 72 
98 57 0 0 0 40 92 
22 0 0 0 0 0 
0 0 0 15 42 
16 51 31 0 
43 78 28 
24 0 
0 

#i: 27
82 67 42 64 5 0 42 84 88 54 0 0 3 0 48 0 7 0 0 0 92 0 0 94 97 81 
43 51 58 67 0 0 0 4 31 62 24 0 0 0 89 0 0 14 25 69 0 39 0 98 0 
55 0 0 0 0 56 0 0 79 65 0 5 97 15 23 29 0 90 0 0 83 45 41 40 
70 32 29 0 68 25 66 0 96 17 61 47 95 0 0 0 0 0 4 28 0 7 67 
25 0 0 31 6 1 0 8 59 0 21 85 74 0 0 51 0 0 100 1 48 0 
57 0 88 0 16 0 94 0 0 90 0 0 7 63 15 0 68 0 59 22 0 
0 89 30 0 45 0 0 0 0 0 75 0 48 0 58 50 21 0 0 0 
52 33 23 0 5 0 0 3 22 67 77 31 0 8 9 96 65 0 0 
57 40 0 21 25 0 4 0 0 80 32 0 0 0 27 0 0 0 
0 31 10 47 25 12 85 0 95 0 33 4 82 88 88 7 0 
0 31 0 0 36 90 0 0 0 0 90 20 0 0 0 90 
21 0 7 28 0 31 48 87 3 0 82 28 17 0 99 
76 0 0 28 65 0 55 1 0 0 0 0 37 0 
0 0 44 39 0 41 0 71 0 0 0 87 0 
32 0 0 14 12 20 0 13 0 37 58 0 
0 92 0 0 61 42 0 0 11 0 39 
38 68 5 0 14 6 0 0 79 0 
0 0 0 47 0 0 0 0 92 
35 0 0 0 6 8 38 20 
58 0 0 0 0 0 0 
87 0 0 0 94 57 
0 0 0 0 0 
0 0 59 0 
0 0 32 
0 40 
0 

#i: 28
30 18 59 0 30 46 0 15 0 85 65 0 33 0 53 0 0 0 44 58 0 0 25 0 47 
0 0 0 0 0 26 33 0 13 0 0 0 22 98 0 22 15 85 6 80 68 0 0 0 
0 99 61 0 43 83 20 0 0 68 46 40 0 69 71 82 38 0 70 0 17 0 22 
93 0 0 0 14 75 0 0 84 76 0 47 10 0 64 24 0 0 0 13 72 0 
75 0 0 0 0 0 0 5 31 26 73 73 0 0 0 0 46 0 6 0 40 
0 0 0 40 98 90 15 0 25 39 75 89 0 37 8 28 0 0 11 55 
93 0 0 92 44 0 49 98 0 0 0 0 0 0 17 0 0 11 31 
0 0 8 0 77 0 0 0 7 86 0 0 55 0 27 0 0 42 
0 23 46 92 0 13 0 0 60 0 0 0 0 82 29 0 0 
0 0 0 46 0 0 55 0 0 91 0 85 0 46 0 0 
56 0 11 0 0 0 22 0 34 0 0 88 50 74 0 
34 0 93 0 1 2 0 95 71 0 0 39 93 0 
56 100 23 95 0 0 62 5 0 8 8 61 0 
29 70 0 0 0 9 88 2 57 13 12 39 
16 76 0 0 0 37 0 17 0 0 0 
16 26 32 96 57 0 0 0 0 16 
0 0 37 62 0 14 70 0 85 
0 0 0 0 26 64 97 0 
90 0 0 0 0 0 38 
17 0 64 0 100 92 
71 78 0 0 0 
0 0 40 0 
74 84 8 
21 0 
95 

#i: 29
6 0 76 28 0 0 71 0 24 0 94 0 97 98 36 24 86 99 0 47 0 0 38 0 
0 0 99 0 0 0 0 66 55 0 0 29 39 57 14 0 0 54 76 35 53 85 34 
0 0 96 0 0 0 20 80 20 46 0 0 69 0 0 97 70 0 0 0 25 96 
1 0 76 87 0 0 0 49 0 70 32 0 79 84 0 28 0 18 0 0 0 
7 82 29 0 50 0 0 13 66 79 0 88 0 27 73 64 0 82 76 35 
45 0 80 4 0 30 0 0 0 2 4 7 81 96 72 52 0 14 0 
24 0 52 37 0 92 0 25 25 27 51 0 0 38 0 16 0 0 
37 0 57 0 0 0 0 0 91 7 75 0 43 14 30 88 0 
0 57 0 35 87 0 34 0 0 0 0 93 0 0 15 0 
0 97 0 21 0 91 0 77 0 27 0 10 0 99 0 
55 0 0 0 20 59 98 66 15 0 79 0 0 0 
36 97 42 56 0 0 40 0 0 0 0 0 21 
0 0 0 0 0 14 0 70 0 0 0 0 
78 0 0 60 46 83 60 11 0 0 0 
0 85 60 3 0 56 0 29 54 0 
0 82 94 0 0 0 0 0 0 
0 0 0 0 0 0 0 0 
37 15 0 82 0 0 0 
0 85 57 7 0 65 
46 84 8 7 0 
0 0 45 0 
36 3 0 
0 0 
39 

#i: 30
48 98 3 29 0 56 0 0 55 62 0 25 0 15 65 0 0 0 92 50 0 72 0 
0 79 0 0 63 0 88 0 0 0 0 84 0 0 73 77 46 0 0 77 11 0 
0 0 6 62 63 57 0 12 0 35 5 0 30 0 46 42 0 0 0 44 0 
0 0 0 67 15 0 43 0 86 0 0 0 51 0 0 0 0 14 0 28 
0 0 0 91 58 52 0 0 30 0 30 0 19 75 0 42 0 0 47 
0 0 72 0 0 80 69 0 0 1 0 24 86 0 90 0 0 0 
95 0 0 0 90 1 0 99 43 68 74 0 0 81 0 0 0 
0 0 68 7 79 0 83 87 50 0 0 0 0 0 79 78 
19 98 0 2 0 47 0 27 35 7 0 6 36 0 0 
76 0 0 23 0 79 0 0 0 2 12 58 18 0 
0 67 63 0 0 70 55 56 0 0 0 69 0 
56 0 0 0 0 82 0 58 24 79 46 0 
42 0 94 0 40 0 20 37 0 0 0 
14 0 98 24 79 0 89 0 92 0 
0 0 0 0 34 0 0 19 0 
0 0 0 0 0 0 0 36 
0 60 38 0 0 0 0 
0 32 0 0 0 0 
40 16 0 83 0 
41 0 20 9 
0 0 26 
20 0 
0 

#i: 31
76 50 0 92 0 0 89 0 40 2 95 32 33 0 11 69 0 0 0 0 6 92 
86 0 21 0 0 57 0 19 45 0 0 66 0 25 0 41 34 0 66 38 0 
33 61 15 0 0 0 0 0 0 0 4 67 11 34 0 0 0 47 57 27 
0 97 29 0 10 68 0 43 14 67 91 0 0 0 43 0 0 54 0 
0 66 0 70 0 18 5 0 82 73 67 65 0 13 0 0 0 0 
0 94 92 15 0 0 59 65 57 69 69 0 0 17 0 0 0 
0 69 78 0 0 0 0 98 66 56 0 0 0 25 0 31 
72 81 0 0 0 44 0 19 79 94 0 41 3 22 37 
70 34 0 0 50 16 79 47 64 13 39 0 0 41 
84 0 37 66 0 0 0 18 42 0 0 0 0 
0 17 60 0 0 43 31 4 21 87 0 94 
22 0 89 2 0 15 13 0 61 63 31 
60 0 0 98 66 5 0 15 0 83 
35 0 25 2 13 0 0 38 85 
0 0 22 0 88 30 71 100 
9 0 69 43 0 0 0 
10 50 67 17 0 0 
42 59 0 49 94 
7 0 83 0 
37 0 0 
0 22 
54 

#i: 32
0 0 0 0 0 0 0 0 0 31 0 0 0 93 0 0 0 51 0 0 0 
0 0 88 0 0 30 21 62 0 36 69 0 0 0 0 0 22 80 67 0 
54 5 81 6 85 0 40 80 0 0 17 47 61 18 74 0 67 0 0 
0 91 0 63 99 0 60 0 21 48 1 0 99 0 0 87 0 89 
70 0 0 0 0 0 71 5 62 59 0 0 0 7 0 41 97 
0 0 0 72 0 0 0 54 73 53 82 0 0 1 0 50 
0 0 43 0 0 2 0 57 97 0 87 79 0 0 0 
0 0 0 0 0 15 44 0 0 0 53 0 29 0 
0 0 90 0 17 24 10 0 0 0 83 0 0 
0 0 0 0 0 6 41 0 0 48 49 0 
67 15 31 0 0 6 1 0 77 11 0 
0 0 63 86 0 0 0 72 27 0 
30 90 0 0 0 0 0 0 42 
25 0 0 54 0 50 0 72 
87 41 95 0 73 87 0 
41 0 0 16 0 0 
0 0 78 49 99 
21 72 80 73 
0 0 0 
0 0 
0 

#i: 33
78 66 99 18 0 38 0 0 0 0 93 20 0 97 97 18 0 34 0 0 
0 28 27 53 25 0 76 0 87 52 0 72 100 50 0 0 0 16 0 
74 0 0 0 72 0 61 0 0 37 7 49 50 0 89 2 0 0 
0 94 22 0 0 16 23 0 18 64 0 48 0 62 0 0 4 
17 0 67 0 0 0 66 81 0 57 90 56 83 0 37 0 
0 0 0 0 80 64 14 100 0 0 0 0 72 83 52 
0 7 0 0 0 0 0 8 47 33 11 0 90 0 
0 89 0 65 0 0 20 0 76 0 0 0 99 
0 0 0 0 0 15 60 92 77 20 4 78 
0 0 11 37 14 0 87 20 0 67 34 
22 97 53 0 8 100 0 0 0 26 
92 0 0 0 0 0 0 0 95 
0 0 0 0 0 87 8 0 
0 0 0 3 0 0 59 
0 0 99 0 93 0 
40 87 0 41 90 
70 2 15 3 
16 5 0 
3 96 
59 

#i: 34
0 0 0 0 0 0 16 0 35 0 32 0 0 85 28 39 0 0 66 
91 84 70 0 0 56 0 7 18 51 78 0 57 0 94 57 56 96 
0 0 0 75 64 0 0 0 0 0 0 0 34 88 0 51 25 
0 12 0 0 87 0 62 95 0 0 0 71 0 33 4 0 
0 7 0 89 10 0 75 0 0 62 41 0 92 0 12 
0 75 35 0 0 39 74 36 0 18 0 0 0 96 
26 74 55 0 42 70 90 22 12 0 5 0 66 
65 0 22 74 0 0 92 83 0 61 47 13 
0 63 60 0 0 0 48 36 16 87 9 
0 0 46 9 14 51 78 11 0 0 
62 91 0 0 0 0 75 0 0 
58 0 0 0 0 0 11 61 
73 0 0 0 87 0 7 
12 79 25 0 8 76 
43 93 0 0 72 
9 46 0 0 
0 0 74 
44 58 
56 

#i: 35
45 0 0 0 16 14 0 28 78 100 0 0 25 27 0 0 8 0 
78 51 0 87 0 17 0 92 0 0 0 0 0 0 0 0 0 
0 0 45 0 0 0 6 0 0 90 40 0 14 0 0 0 
0 0 57 89 95 5 42 16 0 0 41 0 92 21 78 
73 22 71 0 0 67 0 0 13 66 77 89 98 0 
90 2 12 0 0 78 51 0 0 0 41 66 39 
0 0 0 17 0 0 21 20 87 0 0 53 
30 35 61 0 34 14 12 0 0 78 0 
27 0 0 59 95 0 0 56 0 83 
0 0 56 0 0 0 76 36 72 
80 85 0 0 39 0 48 64 
0 0 0 20 0 45 0 
0 89 0 0 0 82 
61 0 0 0 0 
15 53 97 0 
100 0 81 
0 13 
0 

#i: 36
0 56 0 44 70 0 35 0 76 0 1 0 0 0 69 15 0 
0 62 0 0 0 0 23 0 9 0 74 96 0 0 0 0 
90 0 69 12 0 18 0 75 39 22 89 4 0 0 0 
52 0 13 27 14 38 0 0 0 0 0 69 94 0 
28 73 72 0 74 56 0 0 0 39 0 74 0 
67 0 0 51 0 51 78 1 0 55 0 0 
0 79 0 0 0 7 28 58 0 0 0 
0 82 88 27 0 89 23 0 0 28 
7 80 0 0 39 68 0 0 0 
8 0 0 51 0 70 19 5 
100 11 0 0 78 98 92 
0 47 0 5 86 0 
95 80 0 12 27 
0 39 24 48 
31 0 73 
0 0 
0 

#i: 37
11 66 27 0 92 0 0 0 100 21 0 0 24 0 0 51 
90 11 97 0 0 97 0 88 90 87 3 49 0 0 0 
87 16 0 0 62 0 0 97 0 0 30 0 0 0 
36 30 0 88 0 0 52 9 93 0 0 0 0 
0 0 0 7 0 0 0 61 83 0 32 0 
23 70 0 81 26 0 7 36 31 90 0 
0 0 0 27 80 0 0 0 0 68 
27 65 38 0 57 0 26 0 12 
79 0 0 91 0 0 45 38 
48 0 0 0 93 0 0 
83 86 0 0 0 99 
0 0 0 0 0 
46 0 23 0 
33 0 14 
0 10 
1 

#i: 38
5 94 32 0 69 64 82 0 0 0 62 0 45 0 60 
58 87 0 36 50 91 0 0 0 67 64 6 57 54 
70 57 11 53 0 0 75 0 0 86 29 13 0 
38 0 56 0 0 0 0 0 81 89 55 68 
0 0 37 0 44 41 0 28 0 23 0 
0 0 64 0 55 0 0 0 13 0 
30 26 0 0 36 39 1 0 17 
51 14 0 0 0 27 0 54 
63 50 0 11 0 0 0 
0 95 0 0 0 63 
67 0 0 57 89 
0 9 0 0 
0 15 15 
82 66 
96 

#i: 39
45 3 0 0 69 82 0 0 68 15 63 0 32 41 
0 0 0 0 0 34 51 69 2 15 97 0 0 
36 92 29 0 0 0 0 0 94 0 0 76 
0 0 0 39 9 0 33 0 0 78 0 
66 73 0 0 0 87 54 0 83 0 
84 44 40 60 50 48 0 79 0 
17 15 44 74 0 0 28 50 
71 15 0 74 94 0 0 
70 80 90 32 24 0 
93 53 59 17 36 
87 0 0 0 
68 88 0 
55 0 
37 

#i: 40
0 0 0 29 0 0 95 91 76 0 7 51 0 
0 0 0 0 35 0 6 30 0 0 0 0 
3 0 89 66 45 0 89 54 0 57 0 
0 46 52 0 87 77 80 52 50 54 
5 0 41 0 0 28 55 0 93 
0 0 54 92 15 0 18 56 
1 56 0 14 0 0 38 
0 34 0 0 53 0 
38 35 0 0 12 
0 0 47 88 
0 0 0 
75 8 
72 

#i: 41
17 36 0 68 47 57 35 83 44 25 0 61 
0 24 0 90 0 0 0 34 87 0 0 
10 31 0 0 80 97 0 0 86 0 
12 64 11 0 0 0 42 0 65 
72 0 0 0 77 85 0 21 
2 41 0 2 0 16 0 
36 49 0 0 0 91 
0 4 0 0 27 
0 0 40 74 
0 0 0 
0 0 
0 

#i: 42
65 0 69 58 0 0 0 80 88 0 0 
24 0 83 0 43 50 0 2 0 0 
7 0 15 79 0 75 0 13 0 
0 10 0 87 41 95 87 74 
27 17 4 0 0 0 6 
0 86 0 0 4 0 
0 14 95 0 14 
51 0 88 53 
47 17 98 
0 9 
0 

#i: 43
0 0 0 0 0 3 61 10 61 10 
0 90 3 0 89 0 0 9 0 
51 0 0 6 55 13 82 37 
41 70 0 0 0 95 0 
0 36 37 0 0 73 
0 81 76 43 0 
0 0 68 9 
0 17 71 
0 65 
0 

#i: 44
12 0 99 0 86 0 0 0 38 
2 0 30 0 16 29 0 64 
0 0 12 21 43 0 35 
0 73 0 54 74 26 
86 0 0 0 0 
0 0 0 0 
16 0 79 
38 98 
28 

#i: 45
0 0 78 0 0 47 0 0 
63 65 48 32 0 0 27 
0 28 0 41 46 34 
0 29 43 32 0 
0 37 0 0 
0 62 0 
90 0 
0 

#i: 46
94 99 0 3 32 0 0 
0 13 0 0 0 0 
0 88 39 27 77 
25 11 14 50 
0 0 0 
0 0 
0 

#i: 47
0 19 100 58 40 66 
0 0 32 0 0 
89 80 31 56 
59 3 0 
39 0 
0 

#i: 48
39 39 95 0 0 
0 20 57 77 
12 9 86 
0 0 
2 

#i: 49
46 42 55 0 
0 39 0 
84 29 
83 

#i: 50
0 0 0 
55 0 
0 

#i: 51
0 0 
0 

#i: 52
96 

#i: 53

#i: 54

ckp-55-0.5.txt