#number of items n
55

#knapsack capacity b
1003

#constraint coefficients a
46 10 24 47 43 34 19 2 43 24 16 28 8 35 44 33 31 21 41 42 4 35 48 5 9 11 3 41 2 35 22 5 49 45 38 17 37 44 25 21 38 26 12 14 5 28 5 31 1 7 38 41 44 36 18 

#linear coefficients c
9 21 20 4 54 43 39 7 7 42 26 87 25 80 40 10 31 34 3 67 18 15 10 52 38 23 23 51 55 64 64 77 96 55 43 24 63 34 61 94 20 49 19 8 87 99 76 39 62 55 47 35 25 49 11 

#quadratic coefficients C: i < j
68 85 40 57 70 31 73 65 27 84 56 31 24 21 10 17 22 91 62 8 85 80 10 44 69 74 52 70 87 72 12 70 28 24 48 77 47 78 99 27 80 57 72 84 71 47 25 59 84 82 11 62 29 3 
85 1 44 38 17 88 86 39 26 58 79 43 19 47 86 95 28 39 72 85 23 98 37 82 75 10 12 53 19 89 59 57 51 44 43 25 98 30 93 29 36 97 26 47 91 31 56 12 45 44 14 83 97 
11 15 74 89 50 22 75 68 67 32 52 50 12 99 55 49 33 76 63 2 32 90 53 79 53 41 19 80 87 53 38 52 40 8 54 79 46 49 17 92 29 12 62 58 14 13 4 81 80 83 48 25 
62 89 83 23 21 9 23 61 99 99 70 48 55 100 91 98 13 47 77 49 31 38 68 38 84 67 17 1 51 81 100 62 82 62 78 80 12 64 25 83 12 2 39 10 23 61 68 78 80 46 82 
90 63 6 8 43 71 51 32 43 9 36 10 74 90 93 35 52 93 17 6 30 86 32 87 7 63 21 17 95 8 35 2 67 43 66 32 49 23 53 36 48 94 17 73 80 3 14 21 76 88 
46 100 5 93 100 47 7 63 95 42 90 7 41 9 10 43 45 61 17 38 20 69 36 70 66 38 26 45 24 51 34 44 81 2 52 11 42 42 22 96 70 86 2 44 18 70 9 9 58 
25 33 66 66 72 37 93 79 87 68 28 16 58 17 43 37 20 38 82 8 72 60 59 78 82 5 88 91 77 37 89 5 30 71 92 65 59 41 37 38 87 28 93 29 80 18 10 26 
36 28 39 63 69 44 79 55 82 61 80 56 32 62 61 20 71 48 82 34 81 54 97 23 50 32 100 63 76 7 12 91 61 31 79 16 36 17 23 27 92 76 94 68 84 67 24 
63 24 18 75 89 28 89 93 72 48 13 58 23 47 8 87 11 67 10 85 96 75 19 76 23 41 5 51 69 88 17 47 30 97 67 36 74 18 58 36 5 93 5 46 76 42 
55 90 89 100 87 5 6 93 60 9 89 60 29 51 10 75 49 25 27 46 94 87 1 16 53 17 86 1 36 75 99 75 55 57 94 34 44 27 20 77 43 67 48 1 47 
71 37 41 38 30 62 92 81 1 10 88 82 60 58 89 25 81 11 7 16 63 39 51 53 29 37 62 36 12 68 27 71 34 49 37 64 60 51 18 70 63 35 76 95 
100 51 64 93 10 85 5 83 14 67 52 2 64 15 71 18 2 80 90 75 86 67 97 2 22 2 50 78 76 47 3 24 30 12 26 99 99 58 22 58 85 50 50 
83 2 4 54 30 38 59 50 92 70 57 100 2 46 76 52 34 19 70 10 69 100 22 80 27 65 42 34 8 4 17 91 6 2 77 11 93 81 83 43 77 81 
43 10 17 15 76 68 92 65 44 74 94 70 17 45 27 55 35 28 74 67 95 37 51 1 69 67 30 78 89 99 54 42 77 80 12 19 3 32 73 21 37 
83 18 68 46 85 53 62 7 8 5 57 64 96 7 86 17 100 2 50 83 35 61 32 9 40 65 54 90 27 98 40 12 97 35 63 30 97 96 82 57 
96 74 37 31 17 67 10 89 76 43 25 86 38 69 90 81 26 69 36 24 19 48 68 85 19 34 29 80 71 19 11 54 84 4 29 32 57 2 26 
69 65 82 75 18 22 73 70 40 37 34 98 32 76 82 39 52 25 2 70 55 8 98 76 97 68 91 71 80 42 74 92 98 56 72 10 62 52 
37 40 56 22 64 4 91 60 53 26 77 82 44 60 62 21 94 90 55 6 76 26 43 24 93 39 78 85 53 44 11 54 73 43 85 67 54 
20 96 23 50 55 8 23 44 90 86 92 40 17 18 12 79 7 7 40 92 73 83 53 93 29 77 67 29 5 4 74 22 34 19 24 91 
64 62 48 36 52 37 28 5 18 13 7 89 43 40 80 62 16 75 26 36 77 40 100 6 88 73 35 69 55 13 98 37 78 46 23 
78 88 30 34 36 35 89 2 60 46 45 48 42 24 10 16 98 67 78 33 60 98 91 42 96 75 49 54 32 24 57 8 13 97 
51 47 3 51 69 51 56 80 32 57 93 50 99 45 44 7 53 68 43 48 59 29 64 12 17 18 89 67 85 21 62 68 23 
73 99 28 74 64 24 91 1 58 9 34 83 99 65 72 77 93 12 61 11 62 72 9 76 50 6 53 76 38 62 95 94 
43 44 89 9 32 41 52 7 8 49 89 100 78 32 58 56 64 89 75 15 52 96 35 83 78 28 71 8 11 24 83 
66 74 57 15 61 42 1 2 3 90 33 65 17 17 53 41 52 64 44 75 77 36 43 88 74 84 29 41 69 10 
69 9 50 92 49 32 4 33 22 5 65 70 40 5 35 74 68 1 94 8 61 97 82 34 84 55 64 55 85 
74 80 9 70 46 21 28 17 49 92 62 7 87 60 10 4 47 49 9 39 49 52 50 20 16 67 60 67 
55 95 76 96 64 81 4 25 56 69 78 72 49 63 41 4 56 71 17 65 88 43 74 99 21 48 16 
65 10 63 36 43 81 9 79 82 97 70 43 14 39 39 22 43 49 3 92 55 36 52 8 64 39 
33 36 7 38 81 10 54 47 55 32 100 22 52 83 98 87 14 50 54 60 76 28 77 13 25 
91 56 62 36 43 53 77 23 66 75 30 57 15 70 4 23 60 40 40 56 27 51 51 50 
2 50 12 7 91 8 58 60 5 69 91 39 52 18 13 37 52 42 38 17 23 93 57 
16 100 35 47 69 35 90 61 23 61 40 9 1 27 92 29 68 87 48 75 18 2 
12 34 36 60 25 67 45 76 42 54 59 70 96 76 53 73 67 69 33 14 93 
54 65 4 33 39 79 83 59 15 9 54 49 48 93 40 91 74 39 96 21 
68 98 14 22 71 2 37 67 73 100 9 29 22 49 5 47 35 11 5 
71 60 81 45 17 85 39 28 45 86 34 33 97 16 46 71 52 47 
7 70 2 24 7 67 34 78 20 84 3 10 11 50 100 57 12 
16 92 20 47 21 17 96 90 57 47 75 42 95 17 39 15 
40 97 72 32 84 91 54 38 65 6 62 98 19 32 32 
21 51 14 100 94 68 91 23 32 48 37 54 90 42 
12 4 74 44 92 16 38 67 27 79 33 40 10 
25 69 89 95 99 100 51 92 75 70 63 63 
51 45 69 63 47 77 34 57 80 30 27 
9 22 61 96 100 82 87 96 32 27 
21 36 6 22 18 55 5 96 68 
86 52 61 53 45 43 75 12 
81 22 19 1 21 46 11 
88 20 100 52 39 1 
53 18 95 43 88 
34 60 16 11 
30 1 8 
79 64 
79 

#cubic coefficients D: i < j < k
#i: 0
49 97 46 69 25 81 18 43 41 38 18 32 29 71 21 10 50 82 62 30 50 24 94 24 46 46 39 42 80 83 36 18 19 84 42 32 92 43 64 55 75 49 9 51 49 31 95 35 43 65 42 13 98 
32 90 26 66 46 31 47 3 34 27 85 19 88 50 55 50 1 8 21 34 100 41 67 59 92 95 100 26 54 53 3 97 43 95 5 55 100 5 6 42 69 10 36 77 26 25 81 19 2 28 64 83 
49 25 56 31 23 91 24 66 49 71 24 95 63 55 67 74 31 80 65 10 89 13 84 11 59 57 65 98 8 84 67 17 30 71 93 42 93 21 57 51 60 76 65 81 29 87 4 97 30 86 77 
2 59 19 35 11 67 35 21 52 21 47 86 91 52 57 55 23 57 94 60 19 30 45 70 78 89 44 9 12 87 94 79 99 79 94 1 34 6 50 77 87 35 98 65 16 86 96 78 44 29 
80 46 54 97 11 5 94 91 83 9 56 43 56 78 10 7 72 87 91 89 82 71 15 57 52 82 71 18 54 69 10 70 15 78 77 24 78 6 67 44 21 48 52 9 74 34 87 73 37 
78 52 61 68 91 78 30 86 68 51 28 75 96 89 49 44 31 56 49 4 73 43 90 44 83 85 17 44 13 47 88 56 30 55 16 7 4 92 63 99 58 2 49 91 51 79 61 6 
70 37 94 78 64 53 73 4 4 83 6 64 28 68 93 53 95 40 71 35 11 43 79 3 91 81 70 3 92 47 42 22 71 81 44 56 12 56 23 92 61 25 71 4 31 76 89 
32 5 14 49 67 31 78 52 65 80 38 23 56 19 96 42 57 61 62 77 60 32 100 98 20 69 90 78 75 83 36 58 65 86 9 77 58 78 5 8 9 69 100 91 12 6 
12 43 94 39 58 35 28 47 63 36 60 58 42 35 73 17 72 10 99 27 41 2 33 86 60 72 93 17 9 29 5 29 30 68 59 18 61 3 54 6 61 80 39 10 88 
62 79 43 49 43 16 79 63 8 71 21 23 39 36 92 97 31 17 12 81 54 93 84 2 49 27 95 99 74 34 59 61 6 56 68 88 80 72 3 80 63 94 57 64 
53 63 17 89 93 66 98 73 13 65 74 70 35 12 29 58 52 40 29 75 42 49 70 18 33 86 20 85 22 19 57 85 43 14 12 45 100 30 95 85 93 19 54 
68 8 26 52 56 29 70 62 16 91 46 24 21 70 13 3 47 48 85 78 99 1 97 67 88 29 30 44 91 44 85 3 61 75 40 25 20 59 48 40 24 38 
36 56 66 83 24 78 29 89 12 38 16 92 46 11 96 86 70 47 58 69 39 14 96 81 30 19 13 92 49 89 76 79 75 35 80 95 60 59 88 27 74 
24 18 99 20 60 57 68 18 52 93 28 64 75 97 51 90 54 35 23 89 10 73 59 33 3 70 42 7 39 14 5 4 79 10 52 14 90 42 68 89 
18 3 1 27 50 71 93 69 40 62 16 7 17 5 99 86 76 88 34 86 32 70 93 2 15 27 84 12 56 64 49 100 90 12 78 64 66 81 24 
39 23 6 76 27 70 86 35 64 82 36 18 37 48 91 82 9 6 71 32 49 9 77 84 55 63 81 66 35 96 57 52 39 14 83 85 23 30 
65 2 4 47 41 64 32 63 92 87 79 28 58 2 8 41 6 58 14 1 6 98 50 62 84 94 92 71 8 71 22 79 67 23 89 48 36 
77 20 52 99 40 25 90 2 71 78 72 98 10 18 13 19 40 1 89 42 92 62 40 79 90 36 7 77 98 12 36 71 97 61 84 9 
93 15 75 46 33 95 77 100 67 56 3 87 68 47 40 45 65 34 32 45 65 75 59 13 73 86 84 67 27 100 77 10 36 59 26 
75 6 89 3 60 33 95 15 1 71 52 37 27 67 9 93 46 5 77 64 58 63 59 12 19 33 70 45 64 13 85 76 11 56 
65 21 50 83 85 92 49 51 33 78 31 84 81 98 7 61 77 69 23 72 29 14 11 33 61 83 96 42 2 6 16 80 78 
20 98 40 36 44 12 14 72 26 97 40 76 44 38 61 39 89 87 55 94 22 30 81 97 47 64 15 96 34 42 6 15 
92 93 27 33 68 5 85 42 30 7 78 48 82 15 59 25 47 92 37 11 12 69 43 26 84 22 56 99 49 2 97 
73 62 17 8 46 15 85 85 87 40 10 81 74 88 1 56 20 96 36 44 81 96 46 27 64 25 84 71 29 14 
42 18 92 64 79 38 77 34 58 93 11 83 83 93 7 5 92 12 60 3 3 50 63 36 80 78 93 63 18 
25 20 82 19 93 35 96 1 63 21 24 85 44 62 4 61 36 21 27 18 29 42 97 88 55 2 66 85 
57 47 95 68 1 90 22 95 79 20 91 58 45 18 3 11 58 76 32 33 25 40 90 63 3 88 37 
89 37 49 61 69 90 40 28 95 16 66 73 6 24 53 27 70 61 67 60 89 88 36 89 57 55 
75 31 9 38 100 36 18 58 45 56 53 96 6 75 81 98 51 3 52 55 7 86 87 26 27 
66 87 68 100 47 24 93 40 22 24 39 75 52 68 67 91 40 88 31 30 2 70 52 53 
85 38 3 43 24 23 23 86 29 100 3 95 8 52 96 86 85 14 13 70 82 50 57 
91 52 11 78 20 60 71 20 31 62 72 5 50 98 64 37 86 87 1 70 2 80 
54 6 60 73 86 27 89 85 82 24 43 43 86 70 82 51 95 14 64 66 6 
61 58 82 93 99 10 34 69 84 79 4 11 11 51 100 51 58 7 26 47 
43 3 98 64 44 81 35 38 53 34 54 21 97 11 46 10 28 27 15 
68 41 18 79 90 18 87 82 43 15 30 95 72 70 49 95 6 13 
3 63 72 27 89 18 39 23 5 76 33 19 50 92 22 3 28 
98 91 14 18 89 85 95 54 82 61 50 50 34 50 15 97 
50 5 34 69 55 32 16 59 61 58 46 43 30 43 70 
71 7 26 72 29 74 84 76 58 40 93 51 31 93 
98 53 80 51 94 9 91 63 33 75 96 4 67 
1 15 58 25 66 8 98 51 89 33 58 28 
93 7 44 75 45 82 58 41 27 13 68 
19 95 17 69 34 38 80 95 30 70 
45 23 92 76 11 14 37 70 61 
39 99 97 12 64 75 98 49 
3 21 11 69 67 21 40 
51 50 40 14 77 100 
85 73 63 70 76 
54 61 28 66 
71 94 31 
53 95 
58 

#i: 1
76 39 20 5 32 23 45 50 6 99 76 93 39 71 16 73 92 50 13 66 12 38 39 5 81 79 72 67 1 38 13 77 59 46 33 28 79 23 15 88 58 88 11 32 43 89 14 41 59 6 9 7 
31 97 60 63 19 90 17 65 51 49 43 85 27 19 58 42 76 40 97 39 37 82 62 55 87 74 37 75 97 53 13 38 96 52 40 91 30 49 40 88 67 50 64 23 11 98 84 75 79 46 75 
87 77 30 97 94 97 35 64 31 74 34 16 35 96 53 33 58 100 35 18 36 15 74 85 28 20 36 87 7 49 42 95 25 21 62 53 78 64 38 36 94 30 88 30 42 61 85 2 42 63 
56 28 95 1 41 72 95 41 5 18 20 41 62 9 96 69 60 79 7 46 71 52 31 39 1 57 30 33 21 35 58 21 26 81 51 56 26 42 71 5 52 23 80 91 89 49 55 88 99 
26 77 40 54 33 23 94 54 35 100 73 92 70 22 51 63 1 45 14 3 20 87 83 65 30 16 45 65 74 5 53 97 29 71 96 10 54 35 48 88 40 78 99 83 34 64 65 59 
2 91 99 35 22 90 56 30 81 82 75 48 33 71 7 41 36 39 23 85 34 13 74 46 6 56 44 44 71 39 93 57 94 19 16 63 17 86 55 32 56 70 96 90 81 39 71 
27 27 52 69 85 85 51 17 66 54 90 60 41 87 32 60 34 84 7 35 95 64 97 10 2 30 70 29 8 94 91 10 24 4 33 70 49 27 4 9 42 58 39 89 83 47 
31 11 42 3 74 67 69 25 76 27 7 95 34 95 27 27 37 91 9 63 43 63 80 84 6 19 66 85 8 19 17 69 68 9 23 7 45 3 5 69 45 41 73 98 72 
80 66 16 3 98 58 91 90 93 58 63 34 1 55 89 64 48 82 87 82 53 75 68 52 26 92 27 94 47 17 31 94 74 95 73 33 47 55 12 69 40 86 19 57 
92 89 24 15 83 46 34 40 5 91 17 46 26 66 42 33 46 86 70 4 95 27 97 86 32 40 92 23 20 16 78 28 42 26 57 71 81 97 31 98 35 74 94 
71 54 38 96 7 33 12 57 55 57 97 26 77 51 41 92 45 86 75 22 46 68 33 63 60 73 16 3 60 71 34 83 5 47 28 31 33 12 35 53 66 59 
39 57 78 13 4 100 18 97 71 83 90 84 31 86 97 3 16 11 37 36 17 88 72 52 67 55 31 61 16 50 54 37 16 48 64 20 47 72 51 98 50 
45 50 64 53 63 66 59 54 55 24 38 19 14 53 5 10 59 14 100 82 48 32 74 24 44 40 13 57 37 33 5 75 28 89 61 86 29 12 2 25 
46 3 23 87 23 6 47 3 55 93 82 71 72 79 74 87 35 51 83 75 72 29 28 43 68 84 55 61 4 53 84 11 31 43 16 64 60 85 98 
95 56 21 6 32 74 50 17 83 19 91 75 61 80 97 56 100 76 51 57 90 19 90 80 41 2 73 52 36 41 5 29 77 67 34 72 30 5 
77 40 95 42 18 1 16 52 70 71 26 53 92 20 83 75 10 7 47 38 4 31 67 8 2 69 25 98 66 65 4 93 20 26 43 89 34 
74 36 55 78 51 84 8 81 3 61 89 52 10 100 48 2 14 72 59 86 16 73 18 91 62 88 86 65 35 23 29 67 13 53 42 23 
62 97 2 31 79 14 58 94 78 4 28 75 25 90 87 2 29 33 2 69 38 48 45 75 72 50 69 6 47 27 23 24 82 75 17 
80 38 49 9 89 98 83 81 92 86 8 17 13 47 79 33 67 47 61 68 38 95 54 43 55 25 57 95 23 89 33 92 67 84 
73 15 78 99 52 17 84 89 95 17 57 35 45 12 7 80 38 82 34 70 14 32 30 53 95 93 99 86 56 53 47 55 65 
90 67 88 23 84 98 2 74 60 84 9 77 36 68 5 77 53 31 73 16 54 21 98 18 94 50 15 62 17 42 67 56 
100 50 13 67 4 96 44 65 22 60 13 75 23 9 3 69 95 54 30 33 6 48 25 76 68 100 44 18 68 25 17 
80 83 66 51 68 25 24 64 19 37 27 34 53 55 45 7 93 51 72 70 65 77 91 3 38 77 74 10 65 42 
19 48 26 50 46 9 89 88 60 86 43 75 39 62 27 86 96 7 99 70 78 85 72 86 23 51 58 40 69 
78 57 37 50 35 88 8 19 87 92 36 66 23 21 39 77 10 75 82 86 49 38 22 11 6 8 87 46 
33 60 73 63 78 60 4 33 98 91 9 5 69 33 98 29 51 4 90 5 93 51 13 73 20 59 86 
38 74 28 49 47 88 67 18 22 56 22 54 69 62 85 99 83 84 4 77 33 11 53 12 99 99 
23 62 47 37 82 33 96 69 90 5 70 87 91 45 95 37 13 2 15 5 5 17 10 22 54 
54 25 79 37 100 42 12 67 69 78 13 71 25 70 29 8 15 2 58 36 26 41 74 96 
51 85 49 58 24 91 63 25 32 11 85 56 87 56 18 28 90 80 32 33 29 99 31 
22 42 67 31 8 39 27 81 95 6 24 62 95 49 47 38 63 41 77 85 2 14 
32 21 31 84 24 48 94 32 82 12 40 57 87 19 62 48 79 76 3 11 70 
23 12 17 87 15 14 79 40 67 70 99 51 96 50 6 93 69 72 50 22 
72 37 34 56 4 17 8 29 29 41 67 14 45 61 51 18 41 35 25 
34 41 52 23 27 24 34 15 42 20 69 95 80 85 40 36 9 39 
73 90 70 89 18 23 83 93 83 58 20 64 24 46 8 97 95 
44 93 65 42 3 43 62 22 34 7 19 39 18 23 63 71 
31 45 74 66 92 20 33 27 62 6 9 29 12 54 54 
12 32 2 79 76 84 74 96 51 24 90 38 36 91 
13 36 94 10 2 90 10 74 31 27 57 64 15 
65 20 82 88 17 44 50 19 44 57 35 45 
90 37 22 78 73 57 85 87 63 31 36 
85 46 49 35 1 47 45 74 95 72 
45 44 48 74 84 44 39 49 86 
43 37 49 98 60 33 24 57 
75 8 90 71 65 5 69 
53 79 41 52 34 96 
8 39 88 19 64 
18 91 69 29 
93 12 31 
2 51 
89 

#i: 2
7 98 92 25 60 21 43 17 4 28 26 23 14 90 3 79 58 97 19 51 42 3 78 92 9 70 44 86 89 64 78 48 92 20 9 23 81 48 25 78 5 96 29 44 90 43 26 97 80 57 77 
12 15 9 83 22 91 38 73 61 9 12 90 1 33 88 41 10 92 59 43 96 36 76 70 10 33 39 97 62 74 12 80 43 34 4 61 25 83 50 45 29 64 21 27 31 92 88 45 54 99 
1 34 69 86 13 48 50 97 80 51 73 74 40 46 93 13 35 45 46 51 88 68 95 1 33 70 70 31 63 1 8 96 8 50 6 89 75 88 39 98 28 37 82 76 84 86 27 74 52 
97 53 34 36 74 58 76 4 40 53 42 15 99 39 72 83 76 33 70 87 43 20 71 23 65 60 18 91 26 2 36 58 31 65 35 25 64 16 35 82 39 48 33 63 41 69 19 16 
59 96 11 60 3 72 17 78 45 39 27 8 42 15 16 81 37 87 82 80 93 60 29 36 73 19 19 80 64 52 85 57 46 52 87 65 13 52 29 10 16 45 99 68 35 83 13 
8 61 13 94 25 19 80 85 42 42 66 56 94 67 55 8 82 71 92 56 2 66 78 28 95 83 88 5 97 98 79 19 18 51 50 12 32 64 73 96 48 6 19 25 75 73 
56 97 95 49 81 96 23 4 73 52 99 52 6 31 63 69 80 82 22 23 8 68 65 10 7 53 80 31 65 51 39 85 93 63 47 69 29 31 93 2 17 75 94 24 14 
61 99 28 4 34 3 23 88 68 52 63 37 84 74 56 60 59 26 42 46 32 30 30 39 86 22 80 1 12 48 11 42 39 100 28 6 85 73 44 22 18 22 25 47 
99 40 55 14 99 79 39 45 65 67 35 18 43 69 51 20 58 8 14 96 45 34 14 6 24 8 93 27 56 1 60 59 1 100 68 13 85 44 100 77 87 44 51 
1 87 81 58 76 11 23 52 2 57 89 36 39 75 28 12 78 74 81 86 71 77 11 71 12 2 89 15 9 8 39 35 78 79 59 20 41 86 56 31 92 41 
65 31 35 25 17 35 19 4 66 55 34 43 54 12 80 14 25 85 39 97 75 52 90 55 89 11 15 47 19 50 13 27 96 100 8 86 39 15 29 23 27 
5 33 57 35 71 8 7 21 42 45 94 67 68 77 70 93 39 93 65 15 74 77 56 32 38 27 15 70 6 79 29 67 22 86 91 93 34 33 60 76 
70 20 23 60 51 43 57 22 43 76 63 56 20 24 25 43 32 85 10 35 98 36 54 82 90 40 1 96 87 78 16 88 67 15 7 91 100 15 38 
63 88 89 16 31 38 74 56 52 52 80 66 26 97 33 95 73 72 5 24 95 77 47 70 98 42 6 92 77 5 55 90 74 39 27 82 52 60 
12 88 70 63 34 31 67 2 33 91 67 38 70 65 53 84 90 43 15 55 11 90 19 46 17 74 85 22 96 24 88 51 64 26 37 13 78 
12 17 78 16 29 11 13 36 38 54 76 53 18 27 37 31 31 85 40 15 27 88 77 15 66 14 79 49 27 51 100 63 35 20 26 76 
33 98 61 20 31 63 93 39 3 91 27 87 53 10 99 38 56 86 56 38 99 56 6 7 17 88 54 56 35 64 30 46 81 99 35 
44 50 58 42 12 69 28 23 24 94 44 31 16 32 66 38 53 100 55 30 91 68 80 94 94 89 69 68 93 92 92 44 100 61 
16 52 77 17 95 55 78 84 61 42 82 79 89 29 52 60 17 6 95 76 56 28 34 78 98 86 33 87 34 66 79 45 73 
88 91 7 16 22 61 13 58 92 61 85 23 23 46 26 74 89 43 58 67 53 35 2 91 51 36 11 10 88 93 59 1 
69 42 11 93 57 59 71 75 20 10 58 10 16 30 65 40 37 69 79 27 77 60 77 28 42 34 78 97 67 72 31 
56 51 32 35 36 21 37 39 65 48 50 87 46 61 76 72 27 52 46 89 88 70 14 71 45 86 26 27 89 57 
1 36 99 80 62 78 81 91 40 69 21 64 10 95 9 21 14 84 1 23 89 62 54 93 87 3 16 71 7 
66 31 99 67 69 62 39 15 28 71 6 47 59 39 79 13 87 44 26 35 50 44 17 78 96 52 2 58 
36 96 65 39 19 45 21 50 94 18 77 71 98 12 49 100 90 9 71 28 32 48 17 42 43 74 52 
37 46 16 75 50 54 10 51 37 48 54 43 46 97 89 60 57 62 28 29 72 82 67 42 81 97 
61 71 51 35 75 83 82 27 82 57 39 73 75 57 54 57 25 93 14 44 1 85 48 91 8 
4 8 47 55 98 18 23 49 59 14 60 86 2 3 14 33 83 85 15 27 79 20 43 48 
68 10 21 47 53 14 31 2 54 6 73 68 22 76 93 27 45 48 44 77 92 8 43 
80 49 24 17 86 57 38 90 69 42 96 96 84 78 41 76 16 43 83 98 60 91 
21 22 47 39 98 96 70 7 88 61 47 7 80 82 58 51 72 64 99 60 30 
89 2 54 91 87 44 45 13 7 91 15 97 100 44 65 56 78 54 72 99 
70 90 34 18 5 38 49 48 87 72 14 63 54 39 52 52 14 94 31 
48 35 41 53 5 11 94 91 97 65 89 21 50 36 45 48 7 40 
81 91 54 42 90 5 13 14 97 26 66 8 85 81 67 9 16 
2 16 67 14 3 67 56 84 37 50 98 65 83 4 89 8 
12 28 2 69 82 62 16 60 94 30 66 26 88 75 83 
64 63 44 69 59 66 37 94 82 58 83 6 1 64 
49 52 89 93 77 98 4 41 73 93 94 34 94 
52 55 65 21 24 32 93 97 27 13 3 7 
89 8 39 53 12 13 84 76 73 16 73 
40 84 78 76 90 29 59 70 28 33 
30 45 60 78 75 17 90 62 43 
38 19 85 94 22 32 79 12 
79 98 51 73 90 64 57 
32 82 96 85 26 29 
80 37 36 94 14 
51 58 16 81 
47 91 1 
26 9 
32 

#i: 3
66 59 22 62 37 2 75 48 60 39 47 58 9 41 39 38 4 64 63 58 19 47 11 66 51 47 67 23 63 38 24 76 16 94 17 58 2 84 15 67 96 63 24 32 72 78 14 85 52 49 
64 54 74 77 73 59 42 22 94 6 4 97 3 61 68 57 55 21 1 85 19 96 67 48 43 59 60 58 44 93 97 88 23 69 43 63 41 54 81 24 99 40 62 58 28 95 61 60 13 
6 61 2 71 56 67 76 26 10 85 7 94 11 93 74 14 59 42 56 64 50 93 29 58 8 86 47 3 78 76 21 34 97 98 35 55 77 62 67 24 95 92 80 47 12 63 92 60 
92 57 58 7 40 34 80 47 1 79 27 10 95 72 53 83 24 53 34 78 77 78 100 39 56 93 57 22 20 7 2 49 78 20 3 48 36 62 59 48 73 74 30 15 66 87 30 
64 93 81 90 90 85 83 69 34 59 18 59 96 68 50 54 85 41 42 8 68 53 17 53 64 99 79 72 97 70 67 98 31 24 82 2 23 100 51 80 84 6 91 3 85 76 
74 53 8 56 88 68 19 34 15 95 76 99 55 8 74 89 63 44 91 7 56 3 80 70 53 23 25 16 58 89 24 39 72 72 70 20 69 14 22 28 61 97 83 8 79 
9 16 6 85 18 93 34 31 57 38 73 38 78 26 92 73 19 41 64 24 69 18 88 42 79 38 43 13 80 77 97 52 36 78 98 46 87 71 22 39 97 25 87 51 
33 63 13 6 26 7 98 23 31 19 100 4 5 65 66 99 93 13 59 88 41 91 31 22 78 4 89 4 78 72 38 37 68 91 37 47 5 4 79 17 11 40 32 
68 77 42 3 72 10 74 97 38 76 87 26 52 17 20 20 50 60 76 13 25 98 24 60 19 11 76 71 36 97 93 20 55 93 29 42 16 53 82 3 69 32 
11 53 43 95 60 97 22 65 64 75 66 94 55 20 44 82 14 35 35 18 67 31 56 15 2 45 30 52 32 98 6 79 97 44 95 80 53 32 37 15 5 
3 38 54 15 47 38 85 99 66 69 57 96 62 54 93 68 68 17 41 65 30 30 78 44 30 84 19 71 86 31 3 72 23 3 88 64 56 43 60 93 
28 40 81 65 92 54 88 46 96 85 12 54 8 74 30 54 85 28 51 16 60 46 61 21 73 3 19 11 52 91 99 84 67 37 15 1 28 77 51 
89 6 90 78 48 18 55 14 18 80 35 37 46 52 84 17 32 25 51 4 19 10 68 7 17 62 8 22 69 25 88 4 99 48 48 2 99 12 
11 93 51 5 44 72 17 18 17 72 4 45 63 18 20 37 46 48 50 56 35 25 14 96 40 20 93 34 57 41 67 1 97 73 28 61 62 
62 7 10 33 86 24 32 50 51 75 92 39 71 71 79 86 60 14 19 54 70 22 99 96 7 39 98 4 8 53 99 72 39 34 10 21 
25 68 8 23 80 91 45 78 18 34 91 19 71 89 28 58 47 61 74 25 77 75 100 89 91 54 62 57 85 94 13 51 5 23 80 
48 7 60 87 51 84 95 17 25 39 59 61 38 60 99 92 51 57 75 48 34 26 71 96 59 1 87 91 61 49 84 33 53 74 
44 37 51 80 31 87 27 28 52 45 31 57 85 94 20 6 27 2 49 68 60 76 22 75 68 69 45 5 41 98 14 46 84 
71 90 43 8 77 74 94 21 56 71 6 55 35 48 24 15 64 44 17 84 22 54 57 34 83 22 66 59 28 23 17 8 
3 37 11 16 30 14 63 49 90 79 91 94 91 56 48 57 20 68 65 27 83 20 80 24 60 75 77 84 74 7 8 
90 28 35 22 29 84 94 92 73 79 13 2 63 10 86 29 4 30 73 34 92 96 54 3 46 34 65 87 42 52 
97 100 22 99 31 76 32 48 34 57 35 63 78 65 45 19 74 42 46 65 3 30 8 79 53 12 98 41 97 
36 69 42 22 13 37 59 48 64 53 71 98 18 67 91 23 88 18 15 72 99 32 82 10 18 11 16 79 
42 56 71 49 79 74 45 81 64 26 9 94 53 79 60 29 2 54 75 41 100 79 37 11 86 79 85 
69 44 87 51 42 2 5 16 28 18 83 81 98 62 90 74 54 6 85 95 29 33 10 64 31 51 
65 47 62 64 99 69 16 49 71 13 47 38 32 95 46 79 39 68 35 58 94 52 82 33 73 
77 22 84 51 66 25 98 79 36 55 9 75 95 16 83 95 89 76 36 15 54 46 100 96 
18 22 26 3 3 23 62 96 84 58 12 70 31 31 24 69 23 67 64 58 70 88 14 
46 42 59 12 11 54 35 64 100 58 30 69 8 93 15 91 96 8 81 82 51 8 
51 18 87 25 45 8 73 54 89 3 17 20 89 63 63 23 12 65 18 46 45 
72 8 92 89 31 73 16 20 47 58 66 13 33 52 83 18 97 28 88 14 
67 8 97 92 26 11 36 56 22 16 70 24 63 40 44 76 69 12 89 
77 42 41 63 93 81 73 87 11 57 63 49 64 29 15 93 13 58 
25 83 31 66 92 69 9 83 28 73 86 61 99 20 90 3 57 
93 86 45 83 7 55 83 80 60 59 7 84 81 55 93 57 
56 70 1 41 23 85 51 85 56 55 1 7 10 79 29 
25 83 89 30 13 54 19 29 10 9 13 8 98 97 
70 86 98 66 50 52 28 21 28 57 81 66 35 
8 12 38 84 81 68 18 46 26 20 94 48 
30 49 39 57 48 66 95 44 11 6 52 
71 89 75 86 21 60 55 65 34 45 
36 33 26 6 17 47 30 59 45 
82 23 35 23 32 28 59 68 
46 50 43 14 47 30 17 
37 88 91 11 95 58 
41 67 31 37 65 
26 8 1 25 
75 54 46 
62 97 
66 

#i: 4
64 1 20 22 57 44 56 96 51 2 58 40 91 23 67 93 7 79 7 98 44 12 22 51 56 6 9 70 73 38 34 76 74 20 17 11 48 91 57 22 20 41 80 35 1 75 9 80 84 
30 71 10 72 78 73 100 92 3 60 78 76 47 23 23 40 40 98 13 19 56 39 41 69 19 37 29 63 18 37 80 18 88 73 45 43 33 66 78 5 48 9 31 90 4 89 65 85 
9 21 1 37 64 59 34 21 73 34 100 44 98 99 41 4 84 29 49 66 55 23 100 95 97 57 89 91 91 77 36 32 40 84 26 95 66 96 71 82 28 70 63 80 65 25 6 
3 24 35 38 80 86 29 65 55 13 56 20 56 25 32 23 51 86 91 73 44 4 29 39 35 92 44 40 84 89 81 82 99 56 90 68 15 37 53 46 99 73 7 74 92 31 
77 61 72 59 72 54 63 62 72 67 13 60 6 11 22 10 43 3 14 18 6 17 81 85 4 65 31 78 41 63 50 64 77 51 92 60 77 25 35 81 67 100 17 34 15 
70 67 1 31 93 4 82 8 28 7 71 27 25 38 57 77 57 99 72 53 36 89 57 57 100 57 89 80 19 89 51 75 3 78 63 98 15 19 28 70 19 85 91 81 
80 20 95 36 27 49 10 26 75 36 28 64 38 39 17 17 90 8 20 85 46 83 43 60 28 44 97 68 85 83 16 48 34 38 84 61 20 37 53 48 38 46 20 
1 82 13 98 61 72 62 69 45 26 76 89 26 52 68 31 71 57 18 96 99 54 20 100 29 82 84 54 44 60 91 21 27 48 29 80 9 64 23 3 38 54 
72 10 61 50 10 59 47 17 76 19 98 56 9 32 39 5 61 81 99 92 90 28 72 68 19 17 38 43 87 65 45 43 69 26 53 97 95 27 91 13 85 
78 77 76 94 27 46 46 71 38 79 52 44 49 66 55 53 29 91 58 29 74 39 77 21 33 72 59 79 75 55 48 8 4 27 75 16 37 36 14 8 
7 20 36 92 43 37 21 70 80 53 40 16 83 25 28 77 90 14 3 31 67 75 35 34 33 20 100 89 52 43 71 1 43 12 81 21 42 50 90 
64 90 16 43 30 35 34 19 4 70 28 24 28 32 78 6 22 58 44 32 20 46 99 26 18 90 1 41 100 19 48 49 26 85 90 41 63 56 
64 59 93 6 97 84 100 42 70 99 25 93 15 97 32 24 92 84 9 80 43 26 96 88 50 49 89 60 57 65 96 34 49 59 65 69 3 
30 79 22 14 25 59 88 58 16 50 5 2 1 53 18 89 31 80 57 49 60 21 15 56 3 80 37 89 78 27 44 18 10 34 73 52 
54 83 83 37 5 1 95 18 55 5 25 59 62 83 35 53 13 7 55 10 30 66 49 92 38 1 37 54 82 12 32 63 33 49 2 
89 95 19 84 60 64 38 75 48 45 53 98 60 6 30 50 8 65 59 92 7 30 90 24 84 70 74 82 45 15 17 87 66 66 
75 28 68 81 18 34 5 96 65 12 61 37 22 35 77 99 67 56 100 97 42 35 82 80 32 52 98 29 34 17 2 89 73 
33 75 17 81 18 28 33 92 8 36 49 5 81 29 4 19 53 78 70 52 82 9 16 29 55 5 55 41 91 67 82 45 
2 27 71 81 14 28 53 24 33 87 44 69 71 96 77 67 51 4 8 67 80 10 80 14 22 79 24 8 81 14 74 
59 83 28 26 98 60 5 59 73 90 77 42 60 46 56 12 10 3 79 25 74 59 91 78 79 6 13 42 22 60 
31 1 62 23 62 78 25 68 37 78 24 30 22 3 77 68 82 49 40 86 11 84 96 87 22 68 56 90 39 
43 68 20 35 71 13 32 40 9 33 55 9 83 13 79 97 21 75 79 37 12 5 60 48 24 65 84 79 
16 36 100 62 72 2 48 14 90 65 47 78 56 67 23 88 16 46 2 26 11 75 78 51 2 15 5 
92 59 37 4 89 20 30 13 18 5 33 76 33 68 75 20 72 93 34 19 89 28 13 70 43 48 
63 74 55 40 81 46 71 17 20 46 53 29 19 46 26 66 97 76 98 3 87 29 99 19 37 
1 72 55 66 82 39 67 60 61 48 65 94 95 59 91 6 87 94 58 88 99 56 1 81 
54 12 96 52 60 100 38 7 12 76 93 23 41 8 95 44 96 64 65 60 5 8 21 
77 49 98 78 53 94 15 81 54 50 81 54 19 86 5 71 66 50 56 41 94 8 
34 4 10 96 65 94 8 78 13 97 27 66 90 91 9 31 15 26 17 18 100 
86 83 97 43 64 38 14 57 52 85 54 85 71 70 18 61 85 96 96 16 
48 8 96 15 7 87 70 9 98 49 5 94 24 20 25 1 34 27 53 
2 50 79 71 38 99 24 59 22 90 51 99 27 86 51 37 24 6 
20 25 46 42 96 73 73 5 34 70 33 52 55 21 77 70 96 
83 81 11 30 37 65 3 72 91 50 20 53 61 39 20 30 
77 69 73 54 50 68 33 37 87 32 28 61 58 22 17 
92 16 55 23 96 68 57 38 34 32 14 71 84 89 
99 97 22 76 50 78 92 77 88 50 80 90 21 
18 98 16 3 7 9 24 23 63 75 4 83 
34 19 22 7 66 60 68 92 43 52 78 
32 55 6 21 95 3 30 50 1 75 
71 29 43 73 65 76 82 52 77 
55 25 32 27 74 72 86 8 
46 45 32 59 78 42 38 
25 71 6 99 45 24 
85 29 13 37 74 
44 77 24 70 
66 51 28 
18 59 
55 

#i: 5
21 72 65 43 66 23 47 95 84 12 46 20 29 22 18 55 91 74 37 67 93 16 25 90 55 4 6 21 89 3 74 72 37 66 5 89 31 37 25 83 18 7 8 88 92 31 57 73 
44 65 64 80 20 71 48 42 42 19 83 46 39 72 76 93 84 22 61 3 94 31 20 84 80 80 71 43 43 7 90 91 37 27 29 25 45 32 23 10 35 8 52 37 76 98 57 
46 82 25 51 91 80 49 22 61 6 40 96 4 32 74 36 28 63 94 27 65 13 21 12 66 49 30 93 58 75 8 25 12 55 100 92 92 35 93 37 44 51 90 84 86 57 
12 15 100 97 65 69 69 74 6 28 47 100 18 44 52 73 82 57 51 74 6 42 59 64 30 83 84 36 2 11 61 20 80 78 81 44 36 61 76 42 26 25 83 62 13 
61 42 54 30 92 31 15 77 87 90 18 28 36 94 52 87 45 9 57 93 92 40 82 48 29 98 75 52 72 4 91 39 70 25 28 3 10 33 61 48 64 38 81 54 
19 36 90 95 3 65 52 1 38 60 96 21 68 53 4 37 61 8 91 54 10 28 17 66 92 10 34 22 68 25 91 24 8 43 24 25 60 11 80 73 27 4 50 
76 19 84 33 86 16 14 20 23 51 88 61 93 47 20 19 81 97 2 20 32 16 53 63 51 10 61 72 61 53 81 54 94 41 52 73 52 55 14 63 18 35 
31 21 40 13 19 100 47 28 88 87 84 67 26 81 74 72 79 87 65 5 95 26 57 76 11 20 39 24 69 77 28 17 33 53 100 39 94 38 58 67 71 
6 34 2 17 93 5 35 56 88 73 68 9 96 31 60 92 48 99 78 9 45 83 25 61 69 55 92 2 19 8 89 43 88 17 32 87 46 8 5 56 
37 48 59 60 80 52 49 1 40 71 2 2 95 74 76 32 31 57 19 83 57 84 77 77 16 42 7 81 4 12 43 55 71 93 59 21 3 71 29 
79 90 93 48 12 67 90 66 45 51 40 27 89 48 41 57 59 4 50 66 63 60 1 92 17 41 50 26 69 98 99 3 5 99 91 38 3 92 
75 77 86 39 26 58 15 17 67 33 51 86 76 79 60 38 35 99 60 56 59 98 31 99 67 77 75 7 6 67 90 99 33 32 44 63 52 
85 35 72 7 85 74 18 96 21 17 49 57 4 5 93 72 88 89 25 12 95 91 23 77 58 53 30 42 57 98 84 82 32 60 87 37 
50 63 1 37 48 63 14 22 89 56 34 31 96 7 4 82 14 71 6 62 48 87 8 62 76 30 53 34 1 44 36 79 89 38 62 
2 41 9 94 8 49 4 68 58 10 84 38 86 43 53 79 25 33 79 35 57 39 10 38 54 4 43 73 54 83 23 50 97 7 
71 8 4 14 79 56 72 49 7 70 5 17 52 57 22 88 14 2 57 96 93 99 13 47 17 50 17 31 88 1 37 55 25 
13 55 37 95 19 83 65 66 71 58 17 42 77 93 41 64 45 36 82 68 13 70 49 94 4 87 36 43 19 86 71 50 
95 72 41 16 70 77 26 33 18 55 67 91 27 91 26 30 80 88 79 19 59 87 42 72 57 83 18 67 87 11 74 
20 54 43 31 1 2 86 68 100 99 13 80 93 80 78 82 18 53 95 1 1 17 23 82 86 64 75 21 20 71 
76 92 25 48 43 2 35 83 9 4 23 29 53 32 41 7 57 47 70 87 90 3 53 3 7 92 30 12 83 
88 23 30 98 98 9 28 98 65 78 16 45 40 88 69 74 5 77 50 85 55 48 18 20 87 92 77 9 
55 98 8 93 28 35 69 44 80 72 76 57 79 19 49 15 72 65 99 42 8 91 91 53 41 88 89 
43 5 54 99 22 1 96 63 38 3 38 78 59 9 73 8 38 64 55 98 15 43 19 83 16 94 
88 88 41 16 2 69 13 100 80 45 98 72 83 8 93 100 91 19 59 34 3 25 71 28 24 
56 88 13 52 21 69 74 13 22 69 11 52 23 67 76 86 91 1 61 21 37 78 82 56 
47 95 57 1 82 3 61 71 29 13 52 95 40 28 27 74 8 43 44 55 9 5 35 
54 88 25 46 75 85 68 13 35 98 20 73 39 34 65 27 58 84 26 11 24 74 
21 92 86 95 50 91 10 26 57 79 85 99 74 90 5 89 92 19 45 5 47 
38 23 98 29 98 32 47 38 35 52 100 76 19 65 50 84 70 5 48 55 
34 78 13 64 13 72 92 32 6 28 73 42 47 69 51 46 91 88 95 
82 42 100 15 87 73 46 91 58 81 13 35 23 54 88 5 98 66 
12 94 57 35 59 9 66 92 83 97 29 15 100 25 78 60 95 
23 100 88 95 27 80 37 2 50 15 67 89 64 67 56 28 
93 34 27 52 73 9 67 36 10 56 18 5 56 61 60 
83 26 27 94 27 3 80 27 64 7 64 23 34 44 
6 33 100 34 96 85 45 83 26 86 61 45 45 
66 48 39 85 9 36 68 74 79 40 69 78 
38 66 64 89 90 52 89 62 73 62 96 
60 82 92 58 50 41 21 96 34 32 
54 86 6 25 87 14 26 22 92 
22 94 70 57 10 49 10 17 
26 12 41 20 61 62 12 
20 48 76 72 92 71 
65 46 62 26 74 
75 87 65 34 
58 71 56 
95 77 
80 

#i: 6
29 34 1 37 53 87 51 47 72 19 60 27 24 35 25 72 20 73 99 13 71 3 4 26 94 42 11 14 49 41 42 52 94 34 71 74 19 22 24 77 45 96 90 6 98 74 71 
44 27 49 36 65 8 64 51 88 5 29 15 6 97 73 69 25 14 98 45 89 58 71 27 64 2 7 84 55 45 52 99 51 45 63 84 81 19 7 20 60 51 50 88 31 87 
82 24 17 78 78 15 55 47 86 52 64 6 79 44 45 62 79 83 2 91 14 41 25 13 43 31 51 69 11 88 42 31 14 95 85 32 41 57 87 15 14 60 12 19 76 
7 55 20 10 65 56 17 66 10 26 53 23 40 61 24 26 17 38 63 27 35 67 87 31 88 22 88 1 80 1 90 8 45 46 6 81 27 17 100 96 16 89 27 53 
50 53 2 62 50 18 2 63 92 2 27 66 93 44 38 40 34 21 93 44 11 1 76 48 43 88 26 49 37 60 52 65 33 67 28 40 68 8 52 91 46 33 82 
11 30 36 28 73 54 79 45 1 54 78 20 6 92 97 48 7 73 11 16 80 33 13 66 41 48 78 7 58 75 92 13 65 62 38 71 82 67 21 48 100 40 
40 34 10 96 73 95 45 8 31 12 54 62 89 20 96 63 45 41 13 66 30 73 6 86 95 99 75 44 3 69 35 47 30 82 35 74 31 7 84 61 86 
8 92 87 59 80 3 94 67 81 70 74 93 17 87 90 81 48 44 50 43 22 45 69 22 32 19 4 83 61 11 38 66 9 49 10 78 97 35 98 58 
23 17 25 54 57 84 51 70 30 84 65 51 39 23 40 1 57 6 65 24 81 81 33 94 32 46 94 32 74 71 45 98 91 18 49 19 20 99 19 
43 28 21 78 5 92 53 46 52 26 86 59 43 83 81 82 63 16 19 57 19 91 22 73 57 71 29 20 44 29 66 12 37 74 96 90 58 2 
46 75 91 3 26 66 42 87 25 11 64 38 60 14 2 4 18 29 1 1 63 61 90 39 3 6 51 91 95 13 77 88 13 70 20 1 81 
12 58 1 83 93 45 100 85 12 47 39 58 64 19 79 75 72 48 47 91 43 94 93 45 12 42 57 40 35 17 68 11 64 52 4 15 
98 34 29 10 16 81 49 52 92 31 8 63 8 32 46 65 47 46 29 25 51 36 92 10 20 59 44 51 13 45 26 56 53 16 99 
26 52 46 12 53 66 80 76 8 18 95 94 44 31 31 57 25 63 35 12 29 75 73 86 64 11 58 63 3 57 90 88 13 82 
70 57 90 34 80 60 63 51 14 14 25 5 53 70 74 10 12 63 57 5 36 93 26 28 72 8 26 80 20 49 12 36 96 
18 21 59 84 91 95 44 85 46 49 23 71 8 63 53 82 9 50 54 36 67 61 94 11 14 84 25 43 56 3 22 25 
91 34 58 19 66 64 79 18 19 45 5 9 81 83 93 39 49 81 63 48 98 73 72 17 26 67 17 4 99 30 15 
12 20 77 40 63 41 26 28 11 7 76 29 46 10 71 100 31 53 50 86 88 87 57 29 2 87 34 75 51 16 
9 97 17 17 61 52 23 51 67 92 92 25 5 34 46 2 98 35 64 32 80 19 89 70 44 3 38 80 56 
83 53 78 22 15 38 70 20 99 8 93 72 76 17 15 93 93 22 44 78 9 87 75 2 27 6 52 15 
95 7 30 76 97 99 61 9 68 75 5 74 67 16 56 50 14 21 53 19 95 59 69 68 1 55 100 
64 88 30 11 7 16 35 62 6 82 16 61 86 14 41 37 74 53 2 6 34 35 18 98 75 21 
36 96 93 39 13 85 15 19 23 24 61 66 77 13 74 100 43 96 41 34 86 30 57 47 31 
18 24 65 70 60 13 22 43 55 64 64 90 100 16 18 67 89 45 4 61 79 16 70 16 
61 28 59 47 7 91 13 49 86 83 73 64 72 73 47 55 2 48 82 52 64 59 62 
64 68 73 50 38 59 73 46 24 63 87 46 49 46 99 42 26 98 96 18 2 30 
53 61 70 16 29 60 41 82 61 70 36 31 78 87 53 58 42 98 100 99 68 
44 33 97 85 40 65 57 58 79 45 72 51 27 32 61 81 42 60 38 98 
41 87 33 33 13 46 40 93 49 30 60 27 20 70 27 99 92 35 41 
13 62 31 70 38 2 96 4 46 47 4 94 35 38 71 55 75 95 
88 58 69 21 5 76 91 78 19 84 41 76 58 40 28 36 12 
67 42 42 8 10 58 26 93 40 47 61 51 75 98 43 73 
97 75 90 7 32 25 32 57 30 11 59 94 1 69 69 
51 19 72 44 99 90 54 47 36 1 73 3 15 16 
74 49 98 64 98 4 4 38 96 17 70 70 15 
6 57 24 33 90 61 88 36 11 76 14 70 
2 76 43 80 64 81 22 27 98 77 72 
39 69 39 52 22 90 60 40 40 21 
70 40 20 90 28 87 1 72 64 
27 86 22 11 40 95 63 66 
58 15 21 37 27 25 43 
94 7 19 65 24 98 
25 23 21 25 81 
5 67 52 40 
92 21 82 
36 21 
99 

#i: 7
65 8 85 54 74 97 9 98 34 68 75 74 8 26 29 84 9 53 9 43 99 48 57 19 90 39 77 45 53 17 2 23 74 95 93 44 45 31 83 49 87 61 100 43 69 73 
74 28 79 21 23 57 76 25 15 58 73 39 4 62 100 26 12 13 99 91 17 5 74 58 50 17 83 69 7 32 28 39 83 56 59 69 8 52 57 83 16 57 53 30 81 
37 76 17 24 11 99 76 80 41 47 29 7 89 5 58 43 50 52 76 69 85 38 88 45 96 2 20 4 43 31 57 45 23 69 31 57 26 60 65 5 68 69 20 69 
25 94 62 81 58 74 11 27 65 80 50 24 65 52 84 20 31 42 12 8 89 26 13 78 30 66 4 60 89 93 50 57 32 94 8 60 45 83 17 91 76 70 32 
74 17 83 15 95 40 11 60 1 53 48 17 100 45 60 59 58 99 26 14 58 27 34 84 45 14 43 68 32 79 42 26 49 38 29 4 50 42 46 75 31 59 
67 43 9 91 76 59 84 80 23 3 76 35 24 16 11 32 100 83 87 25 67 87 90 63 98 69 92 22 62 54 29 86 76 32 67 38 94 84 45 7 3 
88 22 14 10 11 55 27 84 85 89 9 43 49 55 71 61 23 37 38 100 88 40 47 63 35 70 54 48 68 86 27 1 24 15 72 13 46 76 87 16 
38 54 30 89 95 47 9 60 31 15 79 60 51 55 45 82 46 15 64 30 48 46 9 62 53 92 69 32 2 62 100 34 67 81 23 48 51 35 63 
28 36 76 32 43 25 61 12 30 87 73 1 26 60 15 88 76 83 92 83 57 88 8 8 29 29 75 72 91 45 82 9 50 25 7 17 31 50 
51 24 58 55 29 29 57 93 81 13 52 97 8 99 2 39 87 2 29 40 60 30 8 88 91 55 15 88 60 43 66 73 59 20 52 96 100 
21 71 39 69 60 74 26 58 80 64 10 53 61 59 58 77 50 18 3 4 98 86 91 46 93 21 69 11 20 50 17 39 34 11 4 42 
79 71 58 64 87 76 51 45 89 22 94 9 8 58 58 18 31 61 50 47 3 80 84 17 1 29 84 63 35 28 83 26 100 89 79 
25 23 13 56 98 23 76 9 6 87 14 80 30 65 29 36 50 69 13 11 6 54 67 52 9 75 80 15 47 15 44 26 31 27 
85 81 42 81 44 39 27 76 37 12 92 65 46 92 3 30 27 87 47 89 95 1 38 6 14 22 49 10 44 70 87 47 78 
76 28 63 84 83 66 39 45 68 46 48 50 93 75 42 94 93 46 91 30 67 9 65 7 11 32 93 67 22 8 68 74 
59 45 100 87 37 60 75 53 58 76 74 30 91 2 42 67 9 5 85 7 49 32 8 6 31 10 77 35 7 42 26 
62 70 77 69 65 93 66 64 51 86 77 77 88 56 56 66 33 84 53 73 35 63 13 20 6 54 37 55 33 74 
72 61 44 100 75 20 69 1 31 46 59 74 9 85 80 38 11 42 14 59 23 4 73 27 79 56 82 72 43 
14 61 36 8 68 69 30 96 12 4 69 52 23 97 92 86 82 43 37 3 3 12 57 99 74 45 6 99 
28 86 9 32 69 87 41 48 83 63 70 35 100 66 95 3 92 27 52 38 82 66 61 48 19 46 73 
52 59 38 65 86 8 87 7 64 37 64 93 11 41 53 27 48 14 73 34 47 34 25 62 95 52 
73 7 72 50 53 7 66 71 46 46 38 73 50 52 32 15 65 53 19 97 44 77 51 18 96 
5 49 19 33 96 87 33 80 35 87 72 90 88 21 55 24 54 82 100 28 31 26 8 55 
3 25 33 58 92 29 73 90 65 4 83 7 50 57 13 52 61 84 61 40 91 88 6 
56 42 12 82 28 24 98 23 60 8 40 2 16 73 44 55 83 36 46 4 32 79 
3 91 29 39 10 21 7 84 81 79 63 66 50 13 3 50 31 62 17 66 87 
79 54 80 4 76 17 17 31 99 12 91 51 37 28 56 44 47 80 41 32 
49 81 42 29 42 93 32 66 52 49 61 50 6 97 78 83 18 26 41 
13 76 68 22 10 91 43 91 92 23 80 24 86 82 92 33 23 20 
73 18 18 65 25 95 18 63 46 53 100 51 96 36 39 81 49 
83 80 1 74 97 84 99 64 37 16 17 80 80 87 7 76 
47 53 32 94 26 79 71 47 85 8 20 77 55 42 51 
3 80 6 83 34 40 64 57 95 74 29 41 62 33 
34 100 67 37 76 2 36 32 7 55 26 18 50 
88 59 71 96 66 66 6 61 38 86 47 50 
79 86 96 80 38 40 75 12 55 1 84 
21 47 85 91 37 55 24 52 94 75 
87 32 47 80 1 16 95 60 99 
4 81 57 100 71 42 27 25 
2 46 11 74 33 48 70 
38 50 36 62 25 89 
20 74 62 68 18 
56 54 60 57 
49 57 86 
61 27 
1 

#i: 8
22 58 41 6 34 83 27 97 91 2 70 24 33 59 37 26 54 63 11 80 76 96 68 78 55 22 100 47 25 33 45 81 16 95 15 22 53 14 94 95 66 38 93 7 53 
73 47 81 53 28 79 19 45 41 2 43 64 94 38 20 51 80 49 17 87 87 59 42 44 60 59 1 57 95 67 52 10 78 92 48 84 13 18 28 69 82 8 90 97 
4 64 91 18 42 2 52 26 25 54 60 12 40 69 29 61 62 77 45 58 44 13 28 14 1 73 95 53 63 91 80 82 84 15 65 46 60 65 60 70 28 25 68 
71 12 74 15 81 80 66 85 80 82 48 21 54 29 29 4 50 76 74 33 75 83 51 90 16 82 92 50 68 76 47 30 98 87 96 46 38 100 21 85 36 58 
91 20 98 38 77 17 29 97 84 7 78 33 19 33 7 43 3 50 97 90 60 91 15 53 33 28 47 11 82 33 67 77 74 85 86 74 58 10 42 96 9 
85 61 65 75 1 54 90 33 40 6 12 93 18 66 35 36 21 41 8 83 9 6 84 58 51 32 38 19 20 31 24 73 4 5 45 92 55 97 55 21 
96 58 34 84 2 67 30 79 6 32 48 56 11 83 86 67 95 31 23 5 48 53 66 11 99 60 79 66 55 98 18 25 71 46 63 23 4 32 52 
60 69 56 73 72 68 85 92 16 35 51 42 66 11 99 66 95 47 74 47 8 12 5 51 21 79 70 25 20 21 12 7 52 94 31 38 75 7 
33 46 78 1 19 67 13 54 23 79 26 77 17 76 93 22 24 68 78 11 6 43 15 10 32 92 77 27 65 89 89 3 41 20 56 20 30 
17 60 9 50 71 30 27 85 46 94 62 82 12 73 14 77 4 13 48 68 87 18 79 32 59 23 96 93 12 1 24 13 66 100 20 55 
69 79 93 74 53 10 63 21 18 73 43 98 98 23 55 25 97 87 85 35 48 95 99 17 93 65 45 70 71 28 75 68 93 86 28 
26 63 24 35 91 87 59 65 67 50 9 91 64 17 69 95 65 7 47 57 97 42 36 86 43 30 17 16 79 7 72 51 16 11 
43 29 95 13 83 36 60 2 45 47 16 51 87 10 46 90 89 32 81 8 33 98 54 86 60 25 81 94 96 90 62 39 3 
52 99 52 37 32 41 27 80 7 43 14 42 59 9 48 74 86 44 90 39 70 15 3 71 92 38 58 49 37 70 65 23 
88 23 57 48 66 55 59 82 52 50 63 75 82 23 69 10 60 91 67 10 62 47 60 46 10 83 7 81 86 92 40 
9 54 31 87 36 36 45 64 74 17 22 74 83 54 1 17 84 35 99 48 26 74 30 70 63 83 23 63 88 2 
42 25 10 84 63 71 77 66 57 21 26 57 52 65 88 14 97 99 87 4 49 18 47 24 24 58 20 46 37 
10 83 24 37 7 29 10 3 8 78 44 51 33 84 11 61 46 76 39 51 44 2 86 49 74 23 38 58 
22 3 16 63 66 98 70 65 12 100 81 89 80 11 69 42 84 38 29 59 7 1 53 91 44 10 44 
15 44 76 28 10 36 7 90 63 64 100 78 64 66 52 20 98 85 50 52 52 56 73 54 45 5 
17 58 20 98 15 8 5 44 27 83 78 85 49 55 55 36 69 10 41 1 12 21 8 2 15 
42 39 64 34 83 13 80 31 60 11 10 21 86 15 1 93 73 81 73 54 15 84 21 65 
47 28 52 21 72 22 6 73 22 95 35 45 92 48 73 29 20 52 89 86 62 14 60 
76 17 1 51 62 48 79 87 37 16 79 55 72 4 81 23 60 90 14 77 25 85 
63 94 17 50 39 47 2 39 44 7 33 73 94 98 2 52 52 66 88 2 95 
94 56 38 34 47 71 95 32 65 7 21 72 70 8 68 8 66 30 66 15 
49 66 85 41 17 52 66 59 28 47 65 80 89 57 77 11 94 16 49 
37 99 74 27 4 27 91 85 78 93 91 17 76 35 53 22 58 78 
28 12 90 27 42 65 40 46 9 90 73 44 34 75 89 18 23 
34 12 31 3 7 27 53 11 24 5 64 95 98 46 31 78 
45 62 85 90 75 81 92 50 17 94 60 36 53 17 47 
20 22 98 83 11 12 44 39 86 14 40 67 52 71 
18 68 81 37 10 49 60 84 76 50 64 70 59 
4 37 71 54 54 93 83 58 6 86 27 45 
26 95 74 30 37 27 1 55 97 42 97 
50 43 58 61 21 35 98 47 51 59 
20 48 76 55 77 8 39 5 19 
86 73 70 60 64 36 100 6 
35 22 58 7 90 74 21 
22 34 88 15 77 54 
29 54 18 92 87 
37 82 89 40 
42 79 68 
27 91 
62 

#i: 9
85 97 55 89 99 71 86 79 96 71 51 79 15 48 9 52 91 22 71 7 87 27 97 51 24 4 21 35 89 89 79 97 41 78 20 21 16 56 61 15 98 85 52 84 
25 16 84 14 57 96 62 36 15 77 96 89 45 67 22 67 81 61 22 33 93 19 79 76 11 83 64 9 14 24 86 72 23 61 50 32 36 6 87 81 59 46 74 
56 47 32 84 1 3 74 57 98 65 87 24 18 93 36 54 55 66 59 17 73 48 60 98 11 13 69 96 28 93 35 46 26 88 52 65 56 65 83 9 6 6 
93 72 47 10 94 37 68 16 5 77 21 3 38 19 22 20 63 79 4 56 46 85 85 17 29 44 31 37 77 49 18 79 32 6 41 57 99 23 76 89 16 
76 91 94 100 15 56 48 51 60 73 91 57 96 99 92 27 60 15 82 12 11 91 45 29 90 32 83 14 80 76 26 76 5 28 56 89 34 99 61 53 
43 39 97 77 94 77 97 47 51 86 74 35 23 56 26 64 37 2 94 3 54 21 84 15 88 50 98 79 10 63 43 36 20 70 94 66 70 27 32 
73 14 67 96 51 68 77 19 99 19 79 46 60 39 51 36 4 34 53 29 16 83 53 72 79 16 8 10 82 57 6 83 87 74 43 52 79 44 
58 33 62 70 25 94 10 37 21 88 87 61 56 37 22 72 40 99 38 68 74 91 16 57 40 56 88 97 67 47 87 63 20 48 33 13 28 
36 59 54 98 68 8 18 77 47 8 68 12 75 22 86 89 28 72 85 85 89 6 47 65 81 83 13 7 81 12 17 75 5 27 68 93 
70 34 98 10 16 53 77 2 75 51 98 49 31 52 88 47 58 39 80 37 37 23 52 81 74 87 93 26 66 19 98 41 29 2 69 
74 96 12 8 44 61 77 43 98 45 96 2 75 56 29 5 55 70 58 59 41 91 29 93 3 50 63 6 55 76 40 35 74 10 
13 45 11 90 78 36 90 7 69 65 49 48 46 43 71 59 61 21 80 16 49 3 27 59 49 5 45 76 86 97 30 62 73 
16 73 51 47 6 72 61 8 51 83 50 18 54 95 11 71 74 77 27 58 55 82 80 36 43 30 64 31 77 20 58 44 
40 28 48 25 97 34 82 55 53 48 89 78 55 93 81 30 58 76 50 31 85 68 32 4 77 16 17 80 79 75 35 
12 78 34 88 98 92 71 80 6 8 83 16 15 9 49 46 94 87 14 88 100 31 6 23 39 22 37 36 75 93 
93 22 11 75 12 29 46 64 37 32 8 80 69 54 22 62 92 15 44 49 59 84 40 80 52 72 32 9 21 
63 90 11 57 86 10 86 37 76 53 55 55 5 19 51 59 22 14 38 81 59 92 40 52 31 35 15 30 
62 23 92 7 33 87 61 55 78 36 6 7 74 62 2 76 92 98 64 9 4 42 73 57 68 8 43 
45 77 55 31 69 17 36 11 9 53 93 80 5 8 28 9 85 29 92 88 68 46 77 38 92 29 
2 62 94 12 27 86 38 35 80 52 54 82 46 71 56 63 20 44 45 32 18 43 70 34 14 
95 69 22 39 40 31 38 13 38 24 74 51 49 24 28 1 16 73 91 22 99 52 19 98 
2 69 22 79 33 62 98 47 59 5 57 10 36 11 63 39 46 76 8 72 20 59 82 
80 39 85 81 61 57 38 26 56 11 18 83 11 52 65 52 21 78 61 3 100 84 
80 94 38 18 22 67 41 8 87 100 25 57 48 16 16 19 7 14 12 60 74 
86 59 76 36 89 37 23 62 25 83 44 58 58 71 81 66 93 84 62 30 
63 93 50 93 99 94 67 40 97 68 79 59 48 63 9 10 50 89 99 
48 11 32 53 98 19 91 47 18 86 54 100 9 41 89 79 60 47 
6 78 19 96 64 13 40 14 67 18 55 35 92 94 86 26 1 
73 61 79 79 17 66 98 58 89 11 81 23 86 89 57 52 
42 74 49 1 70 39 68 25 74 55 26 70 52 9 57 
28 23 47 90 37 35 22 75 6 45 35 46 17 74 
97 93 4 68 14 25 18 85 10 53 100 85 80 
24 35 71 43 89 98 17 100 86 20 39 25 
53 30 60 62 55 81 3 8 78 49 76 
85 87 51 47 50 50 71 38 91 12 
6 4 67 85 65 74 38 4 78 
34 6 40 59 74 92 37 63 
34 42 90 30 88 67 94 
76 65 70 29 54 23 
7 72 26 54 66 
86 15 60 60 
83 36 51 
10 9 
29 

#i: 10
49 65 53 14 45 30 37 82 47 71 43 78 63 16 22 90 79 25 90 36 8 37 89 40 60 28 4 4 26 31 17 42 92 87 5 10 46 56 84 54 74 11 13 
96 95 37 87 28 51 24 74 69 83 17 61 94 45 86 25 78 51 21 16 59 43 45 92 56 39 80 94 6 26 35 3 14 5 97 66 86 42 19 17 18 23 
33 29 62 98 51 62 77 19 87 61 38 72 68 2 3 99 97 7 53 57 32 64 93 12 43 72 100 99 38 85 25 15 48 76 64 6 27 32 70 38 17 
82 77 78 68 32 46 79 53 83 28 7 79 99 52 31 99 27 56 31 93 2 53 23 46 100 9 30 21 33 44 13 98 34 100 99 5 96 87 100 41 
7 42 53 9 73 70 73 14 50 29 85 37 43 15 47 29 88 99 96 30 63 85 16 73 56 26 70 44 46 79 67 5 57 61 9 58 14 94 48 
92 4 57 31 79 99 99 97 5 57 36 92 29 37 92 97 54 76 16 25 61 3 19 69 3 71 1 36 72 52 60 81 75 39 54 77 98 23 
40 14 36 9 70 15 96 39 52 77 79 8 79 86 65 86 61 15 73 9 67 71 27 94 52 77 17 19 50 68 70 23 69 44 67 65 66 
49 98 51 24 86 88 54 38 59 75 37 73 91 63 31 75 50 72 22 13 55 12 18 65 35 15 17 65 59 53 30 97 93 100 50 57 
42 29 77 100 54 90 75 97 65 46 26 91 14 98 32 46 22 90 30 70 63 95 88 2 54 16 90 59 48 97 79 64 79 58 41 
88 34 91 63 5 2 27 6 71 14 84 24 17 76 91 83 71 14 23 79 25 41 70 38 16 63 51 84 33 89 51 40 92 38 
15 5 46 94 41 74 69 84 46 93 33 98 89 84 23 3 48 73 40 81 96 83 53 35 48 41 75 75 18 14 17 79 63 
3 82 40 100 40 93 49 75 27 8 40 16 60 45 83 66 37 39 76 96 11 42 58 18 88 31 85 10 48 53 36 98 
25 47 60 78 53 10 4 70 96 8 71 63 4 41 54 70 98 88 87 51 38 27 87 71 20 78 66 16 51 74 66 
89 15 61 77 25 80 55 69 26 34 9 89 20 54 13 70 77 44 58 5 14 39 85 36 71 38 33 20 48 87 
91 70 60 30 47 5 85 54 13 65 32 76 89 84 14 32 33 24 85 60 9 45 10 89 88 97 9 82 72 
88 5 94 38 31 95 13 52 4 60 51 40 6 69 20 26 91 58 21 90 90 24 87 20 93 29 4 56 
66 80 82 59 57 4 34 87 31 93 88 50 68 2 65 30 70 25 60 2 84 32 1 89 10 82 7 
74 32 42 63 11 49 58 8 23 59 17 33 16 81 73 49 14 34 53 30 76 79 65 72 86 91 
83 68 61 93 75 12 22 13 68 49 50 100 18 43 9 93 17 5 57 65 1 5 51 40 29 
23 55 2 47 26 47 5 53 41 37 32 67 45 14 71 5 32 25 73 63 98 34 65 27 
93 46 85 53 29 86 42 7 22 28 58 34 81 18 81 71 7 72 98 97 77 91 30 
26 70 92 88 32 16 98 68 76 53 67 45 11 93 74 95 65 98 63 45 67 69 
48 79 95 62 98 68 61 21 48 88 64 87 96 88 36 57 91 38 34 31 40 
63 54 44 56 42 88 88 19 57 70 56 69 67 76 17 96 42 68 97 55 
21 5 66 4 44 87 77 52 51 91 1 17 13 19 61 11 60 27 43 
53 41 55 27 1 12 65 68 100 60 100 94 98 81 2 48 78 71 
44 16 98 81 58 54 1 87 25 24 27 30 28 44 12 28 2 
99 39 49 85 98 42 39 69 48 28 43 27 65 44 20 7 
86 48 24 81 98 12 57 38 100 92 27 5 64 19 97 
54 56 33 89 81 96 88 95 90 99 1 29 83 74 
72 18 12 33 98 48 61 36 50 2 91 8 48 
22 65 96 84 71 7 47 56 95 43 17 60 
27 9 72 66 84 59 95 26 71 7 92 
44 67 52 76 47 95 69 23 3 69 
62 72 84 77 27 30 1 26 3 
25 60 13 17 33 47 31 12 
21 16 6 44 77 14 89 
10 44 49 17 5 91 
91 51 32 97 6 
59 84 97 73 
67 71 59 
1 64 
67 

#i: 11
18 79 42 6 6 51 8 90 9 34 33 72 98 87 36 55 74 86 68 76 57 46 99 71 94 41 7 48 27 5 84 77 80 34 40 35 56 41 42 25 3 24 
29 67 100 14 49 42 63 87 31 67 29 1 48 100 62 78 31 56 15 4 74 83 38 80 12 29 86 14 93 12 3 18 91 15 15 85 43 85 2 83 57 
90 1 41 84 27 99 40 49 18 65 25 97 76 76 14 87 48 12 82 49 4 81 81 36 15 20 73 88 61 33 15 80 3 91 91 1 39 95 65 61 
56 12 31 34 61 42 87 34 66 98 90 49 94 21 33 69 93 16 8 49 80 80 30 97 79 92 99 83 89 28 7 19 43 29 37 2 48 28 94 
48 31 74 8 38 22 46 81 12 56 17 54 47 48 69 39 81 12 67 81 73 10 45 27 46 64 37 84 40 84 48 1 45 9 96 24 94 87 
6 35 59 71 97 18 29 20 44 85 22 78 66 9 9 54 97 85 12 72 33 68 75 5 92 22 7 83 76 19 1 79 53 33 55 41 12 
5 53 89 97 76 64 12 59 12 14 13 96 80 26 44 76 95 44 4 90 81 8 60 54 16 74 93 6 53 1 96 90 71 24 32 48 
20 8 96 41 72 30 7 90 99 99 39 31 54 9 14 66 19 23 35 65 80 83 85 35 49 20 74 31 16 56 43 100 64 82 83 
18 31 72 44 69 58 80 90 65 16 58 73 65 49 18 32 13 64 94 58 31 9 53 26 67 41 66 22 85 30 14 48 62 35 
88 43 21 25 98 30 52 67 46 25 55 72 83 45 45 31 34 2 79 71 28 78 26 41 62 13 27 26 71 68 18 25 34 
34 5 70 86 96 88 60 60 13 72 39 65 73 19 87 30 22 42 17 23 59 94 46 77 89 49 65 12 20 38 23 73 
96 96 84 98 87 72 59 98 50 37 1 23 49 8 53 50 40 29 26 98 67 10 31 76 31 22 14 24 42 79 67 
93 26 56 89 10 21 27 37 65 96 32 34 59 32 63 70 51 86 71 67 72 91 41 67 100 71 78 98 60 38 
9 21 24 13 15 85 31 69 81 53 10 9 62 21 16 91 9 38 68 79 13 64 68 19 31 3 95 44 20 
56 25 40 27 33 20 52 16 37 15 66 6 83 75 88 96 20 30 18 53 10 61 31 72 80 49 5 61 
85 51 54 81 25 72 81 27 55 30 61 21 16 29 63 44 15 9 91 39 90 67 37 98 45 82 70 
73 19 15 61 71 31 82 24 55 90 80 29 58 35 21 40 29 15 52 95 4 76 41 13 42 41 
27 43 87 61 90 7 100 3 32 18 64 96 82 18 56 19 97 67 32 11 83 60 35 97 12 
22 69 38 57 1 5 90 26 16 51 88 57 7 81 8 96 3 77 1 23 37 65 67 90 
59 72 37 15 75 34 32 81 82 29 70 76 24 23 96 98 27 58 67 62 75 51 44 
38 14 78 52 35 56 94 20 67 35 70 43 91 82 88 77 100 47 100 69 88 9 
17 37 67 48 53 47 4 35 13 40 87 18 4 19 96 16 26 89 92 10 85 
65 47 63 56 2 41 54 76 68 67 39 22 92 11 54 7 50 36 29 36 
62 19 22 85 91 60 87 47 19 19 8 89 71 26 4 23 73 65 2 
24 39 14 40 83 28 90 67 68 100 8 13 59 23 89 79 59 72 
80 66 32 8 11 24 78 54 54 25 81 27 92 58 57 60 87 
73 19 3 83 85 97 67 20 44 1 92 74 21 42 61 2 
29 79 21 72 32 9 100 82 55 66 12 42 14 63 48 
69 16 78 49 43 38 68 93 53 85 54 82 24 61 
89 28 99 21 99 14 98 5 61 37 41 96 70 
87 85 3 86 94 89 11 7 93 97 71 7 
15 75 31 79 32 2 50 91 19 9 42 
4 35 93 28 59 11 65 51 41 11 
42 8 73 27 33 100 88 49 82 
49 91 63 69 40 72 21 97 
6 91 71 67 18 32 15 
94 13 38 28 64 50 
13 91 33 9 66 
83 85 71 80 
4 59 26 
46 65 
28 

#i: 12
40 42 23 22 76 53 8 9 78 75 55 65 8 85 19 73 65 32 8 8 58 43 53 52 13 34 92 19 17 24 76 8 81 13 85 45 74 83 49 21 20 
23 40 73 29 80 18 10 82 6 78 97 38 12 91 96 47 61 4 31 70 85 4 96 30 67 27 61 52 9 47 52 32 58 41 47 4 72 81 44 9 
62 39 55 93 57 43 55 80 25 88 82 86 83 86 12 48 3 29 1 8 20 38 44 16 96 50 28 8 20 60 84 23 90 43 31 3 41 60 38 
6 56 27 10 3 37 23 99 23 27 63 16 18 29 48 63 72 60 73 27 66 27 55 16 94 99 11 3 70 7 12 96 62 5 71 7 20 72 
98 40 99 81 65 27 63 75 34 40 54 56 7 63 36 42 90 80 44 100 39 13 55 11 5 64 89 79 48 74 74 68 39 98 39 9 71 
42 33 26 72 63 73 16 53 65 27 83 77 53 40 57 88 40 84 26 10 75 32 22 92 47 25 29 90 41 24 21 50 26 98 5 32 
11 65 1 78 50 55 68 4 96 54 74 47 83 96 21 59 53 100 50 19 20 76 57 59 64 53 4 33 80 90 87 3 38 88 52 
24 82 82 13 87 17 67 66 82 89 70 22 53 80 32 1 75 34 71 29 90 38 94 97 15 66 26 66 25 64 74 62 69 54 
86 88 87 46 6 83 22 63 49 49 35 60 37 20 28 86 28 33 39 83 82 87 58 74 43 64 78 99 91 48 49 28 43 
92 12 55 49 3 10 89 91 70 18 97 70 19 93 12 44 76 66 23 2 19 57 53 29 43 44 55 91 96 85 65 40 
10 58 92 40 12 63 74 55 43 54 37 11 32 39 37 46 92 85 64 93 55 43 40 21 22 87 12 52 16 8 97 
95 84 12 15 33 48 84 99 49 69 44 83 100 53 32 36 64 95 71 71 82 39 62 13 30 91 58 40 6 97 
93 70 71 47 95 87 20 24 21 42 38 96 51 8 11 15 72 37 89 61 77 24 67 32 76 98 16 36 49 
58 85 100 18 51 16 35 1 57 75 99 94 71 64 92 36 96 75 41 41 52 13 44 15 100 67 72 63 
85 63 72 79 58 70 10 96 56 68 61 72 35 63 7 100 1 48 62 82 14 15 36 18 82 2 52 
52 73 83 77 70 25 84 49 28 52 19 8 80 91 46 39 9 77 93 43 6 78 84 91 84 18 
47 95 56 49 51 48 18 65 12 75 12 79 22 88 4 20 99 35 33 69 71 23 10 17 85 
56 35 16 92 14 53 27 83 92 86 24 46 22 21 2 36 34 69 87 50 96 51 15 100 
94 18 44 4 80 25 38 53 79 66 57 34 17 2 99 37 48 96 94 84 97 34 54 
1 13 17 5 91 15 10 9 45 85 44 76 40 80 54 2 42 5 6 6 43 79 
38 42 51 78 29 58 46 91 37 19 2 100 57 92 48 15 72 66 98 68 79 
89 19 67 23 59 78 23 44 44 98 24 74 40 29 67 25 88 84 81 36 
60 12 14 26 20 50 57 97 99 29 27 30 60 99 60 53 25 40 29 
21 98 71 73 5 17 29 60 80 34 89 40 10 2 82 13 90 45 
22 7 69 48 14 31 27 96 51 81 98 26 37 60 83 33 6 
2 13 80 51 37 71 56 49 12 11 40 98 75 12 76 4 
11 9 31 85 26 30 8 91 63 12 22 72 96 18 1 
56 42 19 88 76 26 44 4 70 80 53 37 65 99 
78 13 32 50 41 86 31 98 68 63 7 83 49 
90 68 99 1 57 53 19 76 38 27 3 24 
81 35 49 9 36 69 57 92 16 20 48 
40 25 70 74 19 13 64 21 38 55 
45 27 88 98 1 22 51 76 85 
24 93 4 24 73 29 20 85 
14 44 23 90 5 16 48 
62 24 26 54 91 1 
91 79 13 74 87 
46 13 43 39 
3 2 3 
37 56 
12 

#i: 13
73 70 58 19 48 25 24 17 82 26 18 57 71 52 91 84 97 94 95 48 40 48 59 91 51 82 62 91 83 100 94 76 77 44 52 55 3 23 71 51 
71 60 27 91 6 62 73 8 24 15 17 19 75 57 31 92 94 81 35 16 83 47 29 42 63 60 77 99 28 77 58 97 6 70 100 25 95 75 100 
95 29 21 52 69 12 78 4 87 67 99 75 44 47 90 48 98 88 20 95 98 48 86 11 36 40 90 60 63 22 97 8 64 39 35 17 79 43 
31 8 11 17 24 37 35 33 28 56 18 36 32 41 14 71 69 48 74 49 11 16 75 53 84 52 30 54 5 35 35 41 57 24 88 46 31 
34 93 69 77 74 78 67 90 26 55 33 25 60 43 22 16 17 71 15 53 93 41 92 87 11 47 66 24 68 9 98 25 33 72 27 59 
8 91 61 29 85 26 3 11 21 20 95 66 59 14 59 71 33 3 41 80 88 21 57 69 4 20 16 87 63 8 85 55 18 54 6 
34 36 93 90 11 26 17 46 46 40 30 68 61 98 35 100 56 68 100 11 66 8 91 2 63 23 52 98 70 43 82 68 62 2 
16 1 92 68 45 6 73 93 91 10 82 29 15 29 60 64 72 53 98 100 16 14 28 66 36 26 76 98 97 78 60 13 69 
33 96 47 85 1 30 7 33 22 41 45 59 20 76 36 13 30 77 50 91 4 89 27 45 13 75 32 61 75 41 36 76 
97 19 12 42 3 54 31 88 43 47 28 35 38 62 55 46 96 98 15 6 6 22 38 57 82 24 25 20 30 53 38 
7 59 59 25 33 86 91 69 12 24 24 28 71 19 92 78 99 74 90 91 58 55 63 18 1 3 27 98 54 87 
85 95 8 32 13 11 4 85 6 95 44 86 91 46 66 61 49 31 35 38 17 82 15 48 73 69 9 32 48 
46 51 71 30 36 90 86 97 93 80 16 10 11 80 73 7 78 54 41 66 95 97 52 8 79 7 52 73 
60 5 88 18 25 81 15 34 11 4 99 19 42 66 12 22 12 33 30 41 66 7 16 81 87 21 42 
36 20 33 16 21 62 8 22 4 77 29 20 82 89 45 86 21 14 93 71 71 45 47 61 32 74 
33 43 34 48 17 7 54 32 9 37 25 20 56 29 35 91 77 40 86 52 54 3 100 37 89 
9 81 100 17 41 18 38 90 61 6 16 81 85 28 10 95 55 29 90 10 78 71 26 16 
84 21 97 47 85 42 54 46 61 25 85 11 98 72 19 12 60 43 20 78 12 73 60 
2 62 6 69 71 20 97 51 41 5 86 83 38 54 35 49 54 15 78 15 73 3 
52 37 46 62 50 96 22 74 10 75 44 73 84 90 38 51 27 33 61 8 32 
86 32 100 32 64 63 10 56 56 46 38 95 60 35 56 1 55 38 12 94 
63 4 92 42 79 96 10 64 47 17 62 7 54 17 73 82 79 61 16 
11 88 34 74 57 97 15 66 15 11 28 17 64 98 72 47 100 53 
88 33 49 61 22 70 17 37 78 25 71 28 29 2 23 100 92 
58 14 61 54 64 31 96 77 26 90 6 71 78 38 27 100 
16 91 75 71 53 51 63 66 13 35 40 50 79 8 28 
42 72 65 28 46 89 23 35 54 1 78 38 35 61 
93 98 76 88 33 52 11 47 4 47 62 55 96 
91 56 77 60 57 74 29 22 100 38 52 11 
69 34 61 91 17 4 12 94 47 55 55 
100 46 29 48 20 19 1 9 19 15 
92 8 17 87 14 40 17 17 58 
48 39 36 91 77 95 36 90 
95 26 66 83 80 46 95 
91 50 50 65 79 74 
41 1 86 21 86 
99 80 24 34 
71 88 25 
100 17 
12 

#i: 14
8 11 38 58 90 9 35 20 39 34 63 51 24 66 39 27 88 63 14 56 51 48 15 20 77 60 49 53 37 5 51 23 26 72 20 16 57 62 52 
36 13 77 89 33 28 27 30 65 28 64 62 82 78 71 2 7 31 71 29 33 37 7 48 81 40 30 85 99 41 3 28 59 13 53 56 100 67 
29 29 13 49 67 28 80 32 37 60 57 51 93 26 33 99 38 2 52 19 53 84 93 98 97 90 82 37 22 29 29 14 20 42 92 66 100 
60 27 89 72 15 30 22 90 88 26 32 64 35 27 81 99 97 66 54 3 24 17 68 34 38 17 1 20 83 72 42 67 63 85 43 55 
19 79 83 22 100 66 33 57 51 73 55 33 53 62 86 26 80 49 4 83 65 13 84 47 48 56 51 6 79 42 78 92 2 100 54 
74 25 95 33 45 57 82 42 7 36 43 28 33 62 20 66 43 30 21 75 51 21 87 34 75 89 50 80 70 97 68 61 40 3 
59 14 79 91 30 46 1 53 76 79 41 65 39 48 79 69 44 14 8 66 93 100 39 70 91 18 17 15 91 10 26 92 19 
66 39 62 5 20 29 64 74 65 32 52 31 63 83 8 26 96 61 28 78 53 17 32 88 35 47 55 78 87 5 94 91 
66 52 87 76 50 89 81 61 62 99 26 61 23 37 66 87 91 29 99 85 51 54 33 28 11 54 98 50 5 40 9 
42 74 53 20 85 91 48 83 53 19 52 40 58 86 82 98 90 100 61 64 6 21 55 96 85 73 73 46 49 38 
7 71 47 52 22 65 74 89 50 40 18 18 47 3 8 2 83 19 68 33 60 88 41 59 4 55 16 25 48 
26 66 50 39 49 80 6 73 59 56 49 60 94 34 91 40 36 16 59 26 71 38 39 62 16 79 35 91 
94 66 1 19 55 70 56 33 45 74 78 63 15 31 18 33 83 4 11 100 49 30 52 13 19 89 9 
69 40 27 17 94 52 27 84 44 100 26 22 46 13 51 90 97 98 45 83 99 35 30 100 2 54 
100 50 96 83 39 39 93 58 98 75 98 66 23 50 64 85 75 17 78 53 66 47 23 71 83 
32 45 87 67 50 10 15 44 19 35 36 43 88 25 71 22 60 11 94 26 21 3 99 71 
49 43 81 68 5 9 70 83 34 56 37 73 89 78 73 75 77 43 17 49 3 36 98 
74 18 13 46 12 84 65 67 83 8 67 4 96 47 19 10 74 8 36 18 48 9 
45 75 26 29 13 86 9 59 65 63 48 28 66 66 72 24 88 98 86 38 35 
44 62 31 40 39 74 2 26 78 60 51 46 26 11 54 43 12 56 88 38 
89 8 2 82 16 94 2 73 67 50 36 69 14 57 6 11 84 79 99 
70 88 92 69 54 67 84 23 35 29 49 79 70 37 50 26 77 36 
53 51 20 3 92 65 83 72 88 25 9 98 66 13 81 99 22 
90 53 15 25 24 48 79 60 44 21 25 78 22 95 45 59 
90 50 1 35 74 100 17 70 37 8 20 74 59 58 95 
6 28 32 87 47 91 56 25 80 57 15 20 18 66 
16 59 87 81 93 50 48 36 95 51 96 1 64 
96 84 44 52 51 41 1 2 6 36 55 37 
12 27 70 88 92 10 40 57 8 43 96 
37 85 45 33 95 2 27 53 95 58 
49 38 85 5 19 60 81 59 69 
72 96 26 26 66 9 81 89 
94 74 53 89 28 20 64 
24 69 44 26 50 90 
68 75 34 53 16 
87 76 27 51 
16 86 60 
65 36 
26 

#i: 15
85 6 21 13 99 36 37 75 67 85 13 7 37 75 54 23 61 76 56 83 91 76 51 91 64 11 20 46 13 34 83 76 42 41 22 100 22 42 
52 70 48 81 8 75 15 74 86 99 54 72 81 2 89 30 20 28 67 15 52 11 10 27 42 58 12 89 23 44 96 58 46 67 68 57 97 
29 25 56 19 17 30 72 16 28 94 65 38 70 5 75 56 11 90 70 71 73 36 84 30 88 15 37 46 11 8 82 80 42 65 73 49 
58 70 32 81 22 26 57 24 74 94 84 37 52 42 25 9 74 84 89 26 40 86 13 28 34 76 28 60 32 50 84 49 55 53 90 
10 77 79 14 73 15 42 72 68 23 19 38 86 50 3 41 70 3 84 39 30 49 89 10 29 58 11 43 84 45 43 15 18 54 
26 51 61 94 37 24 27 91 84 36 28 57 70 37 70 23 60 29 78 33 77 74 47 100 44 44 26 67 99 28 11 24 9 
78 34 82 18 24 4 32 80 81 43 7 69 5 97 40 42 62 58 84 80 62 91 90 42 37 74 8 69 39 75 28 50 
1 87 97 83 37 99 56 37 1 7 22 88 47 97 44 16 55 11 100 36 1 42 40 48 77 64 98 46 67 61 16 
97 97 8 73 24 66 80 61 42 97 91 66 92 47 15 51 86 97 17 36 15 63 86 20 74 30 96 12 44 69 
16 39 26 44 53 11 11 53 42 76 44 78 20 79 71 45 56 26 29 53 100 1 47 61 41 77 99 26 51 
12 57 46 33 18 95 51 56 83 68 70 54 49 82 39 90 58 86 21 95 8 38 74 23 79 28 92 6 
60 1 20 25 49 45 13 75 37 9 34 14 62 88 39 55 85 100 29 95 71 12 37 79 73 91 46 
54 99 33 34 39 97 25 21 89 34 11 83 10 79 11 37 84 17 25 70 4 12 78 12 75 78 
16 58 12 93 78 100 88 33 57 63 75 99 45 52 61 23 15 70 1 53 34 60 2 75 99 
42 4 53 97 47 10 49 55 75 1 13 56 35 56 34 49 13 19 35 92 42 70 46 35 
9 89 47 30 53 67 74 92 77 41 90 46 62 96 35 76 30 15 32 70 28 42 52 
20 17 98 35 93 70 80 3 39 91 9 97 65 6 92 14 57 2 42 18 78 99 
86 96 1 33 84 43 45 22 29 82 49 50 20 96 46 49 80 89 24 36 12 
56 79 68 56 87 38 59 93 59 30 82 31 59 80 48 95 40 23 4 8 
55 61 87 58 27 82 74 24 52 59 56 42 27 57 83 19 17 52 49 
82 59 2 40 55 3 55 27 29 77 86 86 89 19 34 36 92 93 
61 89 50 70 80 35 87 57 88 60 16 68 37 29 8 48 25 
2 87 16 96 43 74 53 33 25 31 63 49 40 96 31 26 
75 66 5 56 67 78 100 73 69 18 49 53 22 22 87 
51 56 37 96 89 69 47 33 72 35 73 58 22 91 
33 32 48 18 4 64 31 76 19 44 23 88 82 
51 50 72 6 11 53 84 2 80 11 70 59 
86 64 23 52 3 77 98 31 19 46 29 
89 57 72 7 4 6 82 42 44 80 
91 7 54 56 68 87 73 87 93 
79 36 91 5 32 17 74 58 
39 66 84 27 45 6 50 
70 81 100 7 98 84 
57 65 90 89 14 
99 8 25 19 
26 82 18 
79 86 
84 

#i: 16
49 86 17 46 58 63 6 24 44 98 19 49 18 9 20 58 37 15 11 50 86 69 6 92 23 22 29 69 33 97 32 91 39 57 34 27 2 
2 90 68 84 30 77 14 59 93 57 100 80 22 54 42 24 55 97 83 81 19 39 19 78 72 17 94 9 59 75 29 89 87 48 46 4 
94 23 73 26 83 54 25 29 5 81 76 46 63 100 18 20 83 46 76 8 33 89 82 62 58 74 18 58 33 24 83 97 89 60 87 
85 62 59 43 54 44 65 53 93 33 18 23 79 88 33 67 53 16 63 81 57 32 28 7 87 6 11 32 32 32 87 88 17 70 
25 3 77 28 70 98 2 18 67 14 95 43 46 90 14 58 71 33 68 90 72 17 77 34 88 99 36 97 35 25 64 70 77 
19 88 87 50 47 22 35 52 14 75 4 96 8 1 31 79 23 32 29 76 21 26 78 77 70 53 11 18 50 15 10 23 
38 5 58 47 61 30 44 8 93 93 26 38 77 46 6 7 37 79 80 72 48 78 65 66 47 44 29 78 72 78 69 
25 26 46 37 2 32 44 14 60 46 83 99 47 81 12 85 39 86 21 68 67 13 58 61 43 74 26 75 90 12 
82 81 29 4 61 92 69 85 2 73 55 66 81 40 27 71 61 70 58 17 28 52 83 81 28 75 12 62 52 
24 70 37 10 88 91 77 30 98 80 18 3 8 51 7 77 36 95 30 9 33 77 78 65 77 33 57 99 
9 53 2 12 28 55 33 85 47 77 7 26 10 49 48 51 49 5 87 12 22 92 2 36 9 42 74 
53 18 45 25 97 57 5 40 58 89 21 23 65 84 16 9 21 95 83 1 35 91 92 25 63 35 
91 71 43 29 54 100 53 20 83 42 12 43 61 26 84 83 47 32 98 61 37 16 86 46 95 
64 82 6 53 100 33 2 29 39 57 81 19 28 85 47 80 58 55 55 18 49 55 39 98 
35 7 81 20 94 61 85 53 49 65 51 85 38 16 9 11 96 32 91 11 17 2 81 
87 86 9 7 28 1 12 19 11 87 50 97 57 73 78 45 16 8 7 17 35 23 
49 28 96 2 6 67 97 85 37 34 47 94 4 51 1 84 53 67 82 49 47 
17 100 59 34 91 20 73 77 8 66 28 5 73 79 75 37 64 56 13 30 
82 13 9 18 24 51 46 1 73 66 51 80 77 21 82 4 49 41 89 
67 91 52 23 14 98 40 15 24 34 15 22 100 77 91 50 84 64 
29 89 25 19 70 41 80 16 79 80 91 37 78 13 74 56 89 
22 57 12 50 30 68 79 75 69 15 59 80 85 56 44 96 
67 48 63 83 35 99 65 86 43 70 62 34 85 50 17 
92 92 14 74 22 6 76 87 62 4 39 90 23 31 
94 65 13 68 69 30 70 36 10 84 43 29 60 
11 66 14 97 100 87 82 18 22 47 30 94 
29 57 4 60 32 63 80 29 7 55 19 
12 32 71 73 23 98 64 1 36 73 
83 7 63 100 67 12 61 96 92 
76 56 10 7 88 67 6 73 
41 94 68 58 55 14 91 
84 23 84 92 2 66 
20 9 2 3 63 
62 59 7 83 
80 40 29 
19 99 
40 

#i: 17
88 79 31 30 97 54 79 47 79 78 40 86 89 90 27 42 39 91 52 61 79 1 91 27 87 26 68 11 61 38 9 59 68 8 23 84 
21 60 81 54 43 49 37 22 94 17 65 36 66 80 67 34 42 9 87 1 85 1 39 69 56 20 45 80 68 15 62 93 60 84 42 
27 9 23 8 65 91 19 29 97 53 88 67 65 97 14 13 50 7 75 56 47 66 96 23 12 26 40 44 79 94 22 24 59 66 
56 74 55 87 19 5 87 82 6 20 25 52 91 27 56 18 56 29 85 7 85 92 89 43 74 78 74 33 59 80 58 3 72 
67 59 15 90 62 18 80 1 2 8 21 34 57 92 1 99 32 95 52 85 39 47 94 87 4 31 67 19 73 79 96 3 
17 56 49 57 12 71 27 80 81 90 66 9 73 76 37 52 89 93 58 68 79 84 45 91 58 19 93 65 64 89 49 
93 87 32 30 91 88 27 88 20 44 72 97 11 80 40 15 87 34 1 53 37 50 89 48 76 12 4 90 67 90 
62 31 99 92 7 60 45 50 81 11 44 19 58 77 66 89 35 52 26 32 89 22 4 15 72 87 34 88 15 
27 5 19 90 46 83 76 3 44 10 84 95 2 8 79 35 84 78 39 47 70 31 43 95 48 94 72 9 
95 77 60 16 70 47 68 39 60 39 96 25 80 41 24 55 21 27 45 33 24 45 31 96 62 80 69 
69 13 91 76 55 58 76 92 7 10 5 53 19 49 62 26 9 90 99 34 10 7 41 44 72 32 
85 22 42 28 21 30 4 76 8 4 53 3 93 38 16 7 91 34 84 48 73 15 68 16 90 
66 78 14 60 69 14 85 83 52 51 5 82 70 2 94 96 16 48 73 5 66 24 67 80 
27 91 6 59 54 26 12 61 53 12 37 19 56 21 53 29 25 86 22 12 76 66 65 
49 96 61 74 54 84 91 81 11 36 66 23 70 41 14 30 78 15 81 25 16 16 
90 71 18 81 7 77 46 98 1 35 71 91 74 2 38 18 34 24 89 100 7 
46 14 62 60 100 17 9 55 92 66 28 22 16 40 96 57 87 17 62 3 
23 69 53 83 70 88 32 7 71 77 42 54 42 100 13 29 31 36 74 
65 60 28 45 51 70 66 27 85 89 28 24 11 42 21 100 63 61 
7 79 14 15 7 91 78 83 91 46 70 68 95 17 17 24 1 
20 86 8 9 88 40 49 91 23 30 86 5 3 79 72 35 
9 93 74 80 73 31 3 93 37 94 99 1 67 98 80 
30 81 90 68 62 6 25 95 53 28 77 29 81 31 
49 48 3 95 97 82 93 79 14 73 96 51 73 
25 36 15 79 46 6 29 87 75 60 5 9 
26 3 45 96 100 46 14 34 7 56 70 
82 97 54 35 30 71 25 51 1 77 
78 47 92 75 49 27 72 35 17 
97 33 96 81 94 34 98 51 
80 56 88 5 74 81 81 
12 97 20 52 28 70 
88 3 6 36 39 
64 42 34 8 
56 44 21 
60 9 
47 

#i: 18
17 36 30 85 91 89 55 71 3 88 55 18 99 16 69 30 9 60 99 18 71 22 7 98 68 66 73 66 20 74 23 28 11 38 78 
32 52 63 7 69 90 53 64 5 27 30 55 29 55 62 62 1 45 40 93 72 83 68 6 88 52 44 70 93 40 98 20 9 77 
59 23 79 73 87 82 22 12 50 4 77 11 13 20 29 92 23 15 33 55 91 78 83 25 17 54 35 83 78 18 61 96 79 
67 56 88 100 65 98 90 47 61 39 68 75 77 79 36 92 69 27 3 79 51 89 53 86 62 56 28 10 45 10 25 70 
68 30 34 65 24 58 47 30 16 25 14 53 47 61 8 13 81 2 52 30 4 48 43 77 85 56 32 85 84 10 44 
73 95 75 73 84 99 36 84 52 62 61 63 13 83 58 26 89 7 24 5 44 96 54 51 69 79 50 56 88 15 
1 94 64 52 70 1 29 95 43 47 91 97 62 20 16 38 84 66 95 60 82 84 25 14 11 35 51 86 45 
62 75 53 40 52 28 74 10 57 17 83 54 95 85 71 1 42 24 91 100 97 48 47 58 17 79 34 79 
16 54 90 91 76 80 66 95 67 79 20 33 84 1 81 61 39 99 31 28 90 38 54 28 41 68 99 
28 31 44 42 36 38 64 19 56 78 15 78 98 33 80 16 4 11 76 12 12 64 45 88 54 69 
27 76 86 64 38 6 47 40 91 87 43 40 57 73 64 24 100 26 77 2 70 85 57 92 78 
34 11 18 38 33 32 57 4 29 61 59 87 89 98 75 11 89 76 40 67 98 76 53 29 
90 66 64 37 59 91 77 46 11 43 41 33 35 86 80 8 62 84 59 64 100 13 8 
42 54 63 36 7 12 43 5 74 75 17 3 84 22 98 69 31 96 65 39 37 8 
7 90 6 77 44 78 23 38 34 99 76 27 26 69 34 70 56 5 44 26 35 
55 22 45 61 28 98 74 11 34 34 34 44 87 6 6 93 79 5 71 93 
88 23 89 95 38 57 16 64 74 11 60 14 8 52 29 50 44 98 97 
24 82 18 23 46 43 66 83 60 74 40 13 97 40 96 6 6 3 
67 80 30 3 46 96 99 89 20 1 38 80 40 40 92 3 66 
62 36 4 12 50 46 10 8 30 91 69 7 69 94 97 61 
93 72 72 85 53 80 97 10 53 22 6 37 68 16 45 
80 57 85 68 46 33 97 13 1 94 75 17 9 90 
41 8 99 45 51 1 77 14 97 24 35 13 15 
12 84 50 29 19 89 76 61 90 75 58 65 
17 30 92 73 12 4 19 89 33 50 1 
41 71 66 61 1 89 34 14 4 51 
16 15 28 7 47 39 18 72 21 
93 5 36 46 82 4 97 90 
5 29 94 92 8 95 14 
81 34 9 50 98 28 
12 9 39 27 22 
26 52 34 23 
68 86 67 
82 60 
3 

#i: 19
100 5 81 52 52 77 40 95 23 17 13 23 83 32 14 57 71 33 83 96 15 62 14 51 8 83 90 99 94 28 2 42 35 58 
98 52 62 20 59 40 70 33 72 96 26 37 34 30 52 51 66 71 70 58 14 11 42 62 37 24 73 58 43 59 42 15 83 
27 19 5 61 47 62 24 24 83 20 80 14 52 99 36 78 83 62 27 66 43 44 40 33 1 20 59 86 18 4 67 64 
11 27 9 26 5 46 54 40 14 27 13 24 97 41 26 18 62 92 23 26 44 91 83 68 42 29 93 30 86 68 98 
79 82 73 30 84 16 93 5 78 43 95 81 91 41 76 79 79 87 79 2 45 13 84 54 30 21 29 77 97 26 
32 42 80 43 65 1 44 11 33 38 47 74 3 90 9 51 62 60 9 16 93 20 85 22 54 35 4 77 92 
30 83 8 33 56 37 15 90 28 82 21 87 99 28 49 63 98 88 69 47 66 66 42 32 52 92 9 3 
66 46 25 27 46 92 61 34 32 12 57 60 24 53 12 36 31 3 20 17 15 70 48 20 93 82 72 
53 41 67 37 95 56 82 100 88 81 51 24 24 30 43 44 63 22 98 52 38 78 98 75 50 77 
14 68 44 67 70 20 78 19 78 84 48 60 42 96 4 73 7 6 77 57 11 94 67 94 79 
62 58 60 57 99 91 92 43 95 75 2 51 35 85 1 76 17 99 22 31 57 89 19 10 
63 62 44 56 94 26 11 15 67 32 30 22 88 81 62 67 74 74 76 59 6 97 21 
5 63 99 86 24 4 63 100 97 75 36 49 68 8 33 90 14 78 74 8 15 60 
17 41 93 79 93 25 13 17 55 5 47 40 63 29 13 70 55 93 99 18 20 
32 23 77 46 67 39 40 16 1 76 57 96 97 98 94 44 35 29 92 33 
84 35 45 15 48 75 63 63 18 34 93 14 83 33 51 95 100 12 86 
8 52 72 99 74 1 18 80 5 97 33 33 71 19 73 57 53 9 
49 64 6 35 74 23 32 28 93 6 9 91 28 12 60 43 91 
77 92 40 81 23 90 73 11 92 16 8 13 42 61 69 44 
99 32 72 39 33 28 56 59 30 46 28 49 72 27 20 
98 70 3 50 79 55 69 93 98 44 83 69 70 21 
5 29 48 10 46 41 13 70 4 83 39 92 71 
60 81 32 24 49 99 70 61 48 68 56 5 
77 13 86 71 15 22 9 28 44 71 78 
23 17 70 39 19 67 66 35 76 41 
3 17 87 7 88 66 22 7 10 
3 77 92 11 30 43 58 61 
16 62 49 5 79 10 79 
83 69 81 74 80 99 
3 94 76 35 60 
1 44 77 75 
20 88 38 
48 25 
22 

#i: 20
63 2 59 60 22 69 52 17 42 11 90 86 76 41 17 72 12 21 1 98 82 93 83 16 18 29 50 19 37 82 30 45 4 
25 69 74 89 21 13 82 76 83 69 57 73 11 42 31 83 13 74 89 53 78 55 73 11 88 84 35 67 10 71 20 21 
3 10 12 99 34 87 40 34 80 59 57 13 16 10 80 20 1 60 19 35 9 59 2 97 40 74 73 11 97 51 52 
23 40 65 35 71 3 45 13 96 87 12 33 41 61 78 51 88 65 71 81 31 87 58 30 12 71 11 48 86 34 
21 8 75 34 38 94 22 42 18 59 3 98 27 74 87 10 48 19 17 1 37 39 60 46 80 53 98 30 51 
63 100 45 39 38 6 12 100 84 16 64 17 48 51 94 34 35 85 25 85 97 83 33 22 95 15 8 63 
51 7 34 95 1 70 75 13 43 42 30 64 28 69 87 58 22 52 77 35 14 23 11 28 77 40 71 
70 100 37 37 79 72 73 52 40 46 60 80 96 100 52 5 37 100 27 52 7 89 90 45 73 95 
65 58 79 75 32 1 46 52 1 90 38 93 9 30 40 48 80 74 30 51 84 58 47 58 52 
93 48 69 52 31 85 74 98 1 41 99 35 89 80 22 55 5 88 29 87 89 56 41 99 
87 3 63 50 17 78 37 91 41 88 13 28 63 29 66 48 62 16 99 83 23 49 32 
25 21 62 40 81 97 69 53 52 89 67 72 23 28 24 96 15 78 96 60 23 85 
23 91 14 15 15 15 55 36 46 64 43 30 95 99 55 5 1 76 94 32 77 
34 33 85 33 40 43 58 49 57 42 56 31 11 38 39 54 30 18 98 10 
86 39 22 45 77 9 71 19 25 24 67 83 55 63 68 60 2 32 54 
44 24 10 21 44 35 71 63 80 32 25 54 21 95 79 85 52 63 
39 61 6 99 87 66 16 49 75 21 18 27 83 84 49 6 93 
69 77 96 85 75 78 43 42 9 79 50 78 88 74 77 4 
13 35 44 15 24 40 28 44 75 18 17 15 12 31 91 
45 21 49 98 38 97 33 56 25 81 8 27 54 20 
2 93 64 96 20 60 80 98 83 8 20 6 55 
49 9 36 54 64 23 7 41 13 23 93 17 
25 85 71 50 33 27 21 93 4 68 35 
14 58 63 74 75 58 64 56 100 67 
66 97 5 83 26 12 77 20 93 
3 30 53 15 95 50 77 4 
31 72 94 5 82 77 78 
8 80 53 54 77 78 
22 91 31 1 64 
1 46 49 28 
46 2 8 
34 62 
25 

#i: 21
64 9 44 40 57 28 85 95 83 87 24 37 51 13 30 10 22 40 48 89 59 76 44 71 90 24 10 34 52 96 55 21 
18 15 69 24 96 63 4 59 38 9 46 97 99 37 8 91 48 78 1 77 26 63 89 55 37 90 26 5 68 77 55 
56 50 9 55 25 77 57 63 46 59 24 16 87 16 90 79 14 75 59 15 32 20 38 28 96 61 59 68 65 85 
59 43 45 8 65 37 36 49 9 41 22 29 39 49 26 62 92 4 76 16 86 69 77 47 50 70 94 76 79 
70 33 47 46 54 15 51 97 56 30 46 30 25 37 77 32 45 44 45 95 26 84 100 69 21 41 25 76 
11 80 68 64 78 77 88 41 12 24 67 82 11 73 22 45 39 16 68 15 19 57 99 43 45 23 43 
93 30 17 78 44 19 99 40 7 39 39 15 60 21 19 90 22 15 31 78 70 67 10 52 91 48 
47 63 10 70 100 35 36 42 77 22 73 71 8 63 79 68 56 3 42 71 77 66 45 46 2 
62 42 4 37 3 1 59 19 61 1 14 77 22 56 61 30 20 36 56 99 54 99 27 29 
15 53 68 89 33 14 2 86 76 55 28 74 44 85 38 6 58 50 85 31 14 50 84 
6 88 77 4 34 15 24 97 77 17 40 70 43 37 74 59 29 54 75 72 37 71 
3 65 6 90 84 52 2 75 46 15 63 86 34 13 12 54 73 49 16 86 79 
49 20 67 61 61 25 50 16 50 4 82 64 2 8 78 81 13 21 28 62 
36 17 34 70 30 19 22 17 87 9 8 14 86 42 42 97 3 50 98 
20 5 44 61 77 73 92 3 9 55 57 15 74 67 48 64 40 49 
63 42 55 5 11 81 66 25 41 5 56 83 78 67 59 49 92 
73 17 38 87 23 40 84 68 59 1 3 74 28 74 5 4 
26 71 1 86 100 14 8 17 44 41 74 89 86 68 50 
46 71 28 66 10 34 11 65 39 95 57 21 83 1 
19 41 4 18 29 39 50 60 19 39 14 31 99 
33 39 7 42 61 69 22 75 67 33 29 34 
48 50 82 94 93 55 1 25 86 25 28 
26 7 90 12 45 42 48 68 53 100 
53 27 98 10 74 31 14 23 49 
82 57 45 100 31 94 19 98 
70 18 68 55 84 96 62 
93 15 19 90 36 33 
54 33 35 48 88 
84 20 6 94 
3 5 42 
67 94 
86 

#i: 22
93 52 34 86 92 73 19 80 93 49 99 69 86 6 88 91 23 94 3 47 10 7 37 86 47 56 71 12 4 1 29 
74 43 54 98 33 82 75 27 44 22 6 100 97 48 45 79 48 20 71 34 21 30 51 9 19 87 3 62 57 96 
32 65 95 22 12 27 47 28 21 43 63 31 94 16 78 10 54 39 76 16 47 73 20 86 33 10 56 39 53 
18 63 45 37 1 98 45 34 86 70 65 69 19 35 19 25 55 20 65 83 87 5 16 64 27 75 79 50 
15 29 25 32 99 92 100 21 7 95 73 39 82 27 81 43 38 49 34 8 80 40 57 84 91 62 24 
91 81 25 91 3 46 65 49 71 36 78 89 57 70 13 82 57 52 61 47 38 63 92 100 4 48 
56 97 70 95 3 89 49 18 57 68 4 93 85 97 66 92 76 78 51 5 74 34 58 44 85 
88 84 81 67 93 49 17 18 40 22 70 11 47 52 89 3 14 94 57 92 16 10 49 29 
32 29 52 16 13 33 58 9 52 65 65 34 92 78 51 53 54 55 58 7 5 42 11 
7 88 40 86 66 55 5 21 5 47 64 51 35 34 75 32 14 98 46 11 63 62 
40 65 29 79 53 65 4 62 8 28 6 31 55 78 44 61 99 2 88 46 20 
1 59 92 40 83 39 62 84 85 68 22 92 80 29 43 14 41 45 3 68 
21 3 69 84 45 87 5 15 6 60 100 78 95 26 6 60 41 70 16 
8 80 45 47 77 79 54 38 40 72 91 100 26 55 96 86 23 3 
46 80 22 72 42 96 49 66 71 11 92 25 43 22 4 47 58 
80 64 6 45 21 32 26 20 39 66 12 97 71 1 93 39 
15 44 64 77 66 84 11 44 13 43 31 45 3 75 11 
26 43 36 64 36 35 64 90 75 99 9 71 15 52 
24 91 68 17 2 51 12 66 1 25 62 4 48 
27 27 1 1 43 27 23 55 95 69 41 92 
70 61 4 86 10 76 59 99 72 6 35 
87 36 57 45 9 51 94 24 45 81 
75 46 24 79 50 74 92 74 65 
94 23 76 94 53 60 97 74 
8 79 38 47 56 6 73 
32 94 9 53 16 74 
91 75 56 12 68 
65 59 3 58 
47 56 93 
52 21 
35 

#i: 23
15 23 17 12 88 88 93 95 34 46 51 44 2 3 71 98 69 50 24 51 79 63 8 56 49 90 36 69 56 77 
90 67 25 26 19 85 32 96 40 53 74 21 94 7 22 48 52 59 67 46 59 16 33 41 23 24 35 10 82 
6 6 58 32 25 65 61 27 50 99 26 38 4 1 98 68 91 96 26 89 22 48 19 10 57 50 28 92 
100 44 26 13 76 54 81 44 76 68 62 45 47 46 41 55 28 24 25 47 46 15 24 71 94 97 50 
77 99 80 1 32 59 7 78 63 98 62 13 74 100 95 41 24 99 50 82 54 54 58 76 60 32 
83 26 88 7 86 18 59 36 20 5 33 67 71 46 12 80 87 90 74 53 3 70 100 50 44 
8 94 46 18 55 91 61 91 53 87 20 13 28 35 69 2 33 10 82 40 43 88 67 29 
74 63 58 82 55 95 63 97 97 23 96 15 6 93 84 29 12 5 61 85 3 16 16 
56 67 12 13 83 13 14 22 31 71 61 29 2 50 2 10 18 12 34 86 12 91 
96 70 45 49 38 56 39 10 91 93 78 37 44 61 58 48 22 56 86 91 76 
4 82 81 14 79 88 66 65 95 49 97 6 86 97 80 51 63 29 8 65 
45 17 56 9 17 29 22 79 16 67 80 40 21 14 12 45 49 64 1 
68 73 16 66 65 14 76 11 79 12 13 91 42 57 35 26 59 93 
38 79 97 16 49 85 13 9 33 46 15 98 60 29 60 14 88 
99 75 34 64 69 32 75 32 58 10 57 48 15 27 14 54 
40 83 97 14 88 30 85 19 76 62 69 26 82 15 86 
64 49 58 34 44 33 62 92 88 64 71 69 75 47 
19 5 70 97 100 81 81 41 65 70 19 74 2 
81 65 72 90 9 34 97 72 56 100 39 63 
88 21 57 47 71 34 78 17 88 93 11 
3 35 65 78 84 18 21 53 3 51 
21 19 12 20 20 8 30 10 49 
1 94 16 62 10 57 87 60 
92 84 22 18 84 71 10 
10 31 25 3 60 80 
99 63 39 42 37 
57 62 28 52 
76 21 14 
14 58 
1 

#i: 24
57 75 24 57 99 92 1 68 86 47 3 93 64 31 11 49 31 34 65 95 51 51 81 94 19 47 40 100 4 
77 33 79 63 7 37 77 89 51 5 6 93 65 43 90 82 13 35 86 24 9 42 29 40 48 79 61 99 
42 36 94 80 27 13 20 52 46 53 11 29 26 56 55 78 21 70 83 70 98 62 14 83 88 19 29 
69 85 11 67 42 62 98 100 51 85 30 98 64 72 30 65 88 20 7 85 76 50 56 39 99 68 
43 61 20 61 85 32 52 43 36 49 15 20 69 97 82 26 91 39 23 29 45 20 89 39 60 
83 73 81 55 10 18 84 29 77 91 95 96 78 62 75 5 72 6 16 14 14 83 88 98 
36 11 52 33 55 35 68 99 47 16 18 84 29 62 84 81 20 14 81 17 39 63 96 
46 41 5 65 93 36 42 63 7 11 26 78 98 89 38 81 8 11 16 17 11 40 
75 53 67 11 61 11 19 67 7 89 59 5 73 57 76 64 97 14 9 15 82 
30 4 3 40 23 22 15 71 77 16 70 95 7 59 26 27 49 84 3 1 
13 11 55 99 34 33 84 61 47 96 22 20 12 54 9 7 69 7 4 
31 4 9 25 39 60 68 52 83 59 75 77 47 44 90 24 89 76 
40 33 29 87 79 52 62 36 77 42 89 11 65 40 5 92 55 
96 70 37 34 52 72 99 62 3 49 35 73 98 68 63 93 
75 96 38 72 18 46 51 73 71 20 75 17 99 6 62 
15 23 14 100 1 49 66 98 32 40 24 11 33 82 
86 98 53 88 1 24 79 18 14 59 2 10 10 
31 93 58 39 27 23 87 37 63 4 63 100 
5 53 18 74 75 55 45 92 21 1 12 
68 48 81 62 53 62 66 74 6 15 
92 37 10 49 30 76 12 44 34 
97 2 35 74 37 75 54 99 
79 18 16 52 65 64 12 
48 42 32 59 31 23 
99 30 80 6 41 
37 99 21 25 
36 92 30 
3 6 
47 

#i: 25
65 80 20 32 75 49 78 56 42 46 38 59 2 79 23 66 74 24 21 11 21 67 35 7 33 55 50 97 
20 65 63 12 44 24 76 52 66 41 15 83 9 63 1 66 17 44 69 41 96 40 30 3 35 38 2 
37 5 84 8 84 83 54 94 81 92 8 95 22 57 86 52 1 84 84 44 61 98 4 59 75 63 
63 29 2 68 78 61 77 91 94 24 23 87 86 46 5 59 34 87 19 52 93 17 56 75 76 
46 47 10 76 48 61 40 27 5 41 49 55 16 83 47 51 21 36 12 50 57 34 17 17 
34 88 85 33 56 42 16 29 46 13 68 7 70 98 43 18 95 61 37 63 10 77 41 
17 55 39 40 15 5 32 54 100 2 14 57 37 68 13 91 44 24 52 78 54 17 
52 63 31 96 41 74 67 95 87 35 86 63 64 51 35 55 27 44 22 51 86 
50 82 93 71 1 7 50 19 82 72 46 36 33 37 54 72 16 83 62 80 
29 63 80 19 26 55 56 45 47 90 52 99 38 26 30 83 96 60 49 
8 35 15 11 16 35 9 98 71 82 63 32 21 89 55 28 76 51 
59 16 83 39 82 52 2 98 72 7 44 21 9 96 98 73 96 
76 96 95 22 74 68 93 59 63 54 55 10 25 33 7 31 
26 45 58 62 29 91 42 46 12 10 46 63 36 42 56 
23 53 40 80 47 47 72 51 15 13 52 35 38 13 
51 55 52 62 45 87 7 9 73 23 65 88 48 
71 48 65 95 93 8 4 20 30 48 63 82 
59 57 30 68 55 16 72 71 57 91 60 
29 32 16 48 68 59 48 33 38 13 
82 34 7 96 61 68 50 80 5 
47 94 22 43 70 97 12 89 
62 69 64 50 58 79 33 
77 39 17 87 7 5 
18 28 50 60 76 
29 12 85 38 
60 87 69 
44 43 
29 

#i: 26
59 27 7 25 82 88 21 76 70 91 43 9 69 46 79 11 23 24 46 41 77 74 100 43 76 95 97 
76 1 73 74 54 28 35 83 82 53 90 40 10 29 50 57 11 65 13 60 100 69 27 87 8 98 
82 8 70 90 53 68 62 92 57 27 76 80 34 10 84 34 72 2 73 49 28 34 1 88 15 
39 25 73 14 18 23 19 34 34 76 61 4 32 36 35 88 21 41 2 34 21 29 58 60 
77 5 59 32 51 99 63 76 93 49 81 34 93 7 31 90 79 7 64 63 43 26 47 
42 23 46 80 92 83 21 44 31 55 48 93 37 97 97 58 13 40 51 21 21 88 
75 44 46 47 28 19 70 74 64 7 18 40 19 12 87 50 92 61 45 90 53 
55 90 56 80 37 2 93 74 86 92 23 83 9 53 53 36 4 68 81 47 
66 50 92 1 40 33 14 19 63 12 78 57 24 79 1 62 92 87 33 
95 97 43 74 43 73 33 92 67 62 79 26 20 12 62 53 54 57 
77 84 96 25 9 10 51 9 78 43 71 50 78 27 52 40 59 
36 19 17 62 48 14 85 96 23 12 57 91 54 54 22 39 
12 28 44 32 18 57 19 71 85 59 66 89 92 37 87 
64 13 80 81 71 30 80 58 27 90 75 41 97 34 
64 87 63 32 31 13 97 62 6 39 44 82 69 
46 12 30 70 24 28 73 68 31 74 20 20 
93 3 8 19 43 96 52 62 75 87 82 
41 86 34 73 5 69 12 48 78 65 
99 57 17 28 25 62 3 37 66 
7 50 20 74 99 15 49 69 
43 25 35 17 54 27 18 
15 78 22 40 10 65 
19 69 75 86 88 
42 4 24 5 
48 45 52 
8 66 
70 

#i: 27
92 27 36 64 26 73 45 21 33 5 86 65 96 80 3 89 17 30 93 69 85 5 17 2 90 52 
12 55 50 69 19 53 16 54 93 57 95 9 33 28 50 8 83 56 12 40 8 68 9 38 42 
94 98 49 76 32 55 89 45 32 5 90 90 82 46 92 35 3 50 54 59 72 32 14 87 
36 72 23 62 42 29 76 40 70 9 79 11 97 12 17 82 65 29 16 56 28 74 72 
14 27 72 58 61 9 73 27 90 77 25 66 39 83 8 5 65 8 15 28 48 28 
71 8 75 13 62 8 15 36 42 76 98 56 87 23 88 20 68 32 40 88 78 
62 31 14 59 14 59 12 68 4 98 39 21 65 76 79 35 78 30 77 45 
61 37 67 20 96 56 37 1 76 20 20 36 30 57 45 27 89 17 75 
86 53 87 50 89 85 83 72 46 85 78 65 30 55 31 47 35 42 
64 9 6 4 96 30 74 39 6 48 61 82 56 43 17 67 57 
5 64 12 97 40 91 58 39 22 88 12 49 1 91 8 13 
41 39 32 45 92 70 56 35 73 67 54 51 96 13 86 
75 81 33 76 23 86 32 83 52 24 93 58 36 1 
3 31 80 42 40 73 13 65 83 79 57 14 7 
55 7 78 15 85 21 51 93 63 12 69 17 
86 34 38 63 91 2 4 95 38 79 94 
38 90 77 9 15 48 43 5 96 90 
41 80 33 64 38 32 41 61 8 
6 1 58 37 98 39 78 55 
8 28 85 96 2 12 5 
9 86 34 76 41 89 
100 56 75 1 94 
78 49 26 22 
25 32 48 
43 83 
93 

#i: 28
23 88 55 16 95 83 88 61 7 83 69 59 59 70 92 2 34 71 59 12 90 89 36 80 69 
13 13 16 44 76 36 40 30 21 84 49 68 42 23 4 97 33 99 52 65 91 28 27 51 
3 99 42 13 36 88 46 76 3 6 19 52 79 42 47 10 17 40 39 24 76 90 24 
33 54 54 38 78 8 55 39 79 8 78 97 68 68 8 31 78 3 51 78 73 68 
94 74 57 13 1 85 32 47 38 7 32 15 50 47 72 14 52 87 31 47 64 
98 83 62 62 66 1 37 98 2 72 74 18 3 8 46 50 32 71 59 37 
33 34 34 38 65 38 19 50 60 59 98 83 10 22 11 86 4 68 29 
85 53 11 22 21 63 34 77 75 96 10 37 36 43 74 46 17 15 
67 9 45 26 98 40 45 83 51 28 28 38 70 8 57 77 70 
69 4 61 39 87 47 87 35 71 56 3 3 14 26 81 25 
4 91 48 81 47 96 15 54 84 5 48 11 71 17 4 
39 40 68 51 69 90 34 80 54 22 7 37 48 2 
2 39 70 68 33 54 77 79 49 90 98 44 21 
19 81 67 88 50 11 11 40 12 91 42 10 
39 79 77 66 67 5 89 98 93 91 100 
54 85 62 100 34 71 44 38 72 99 
29 11 19 52 57 10 13 89 75 
55 49 100 94 47 74 24 69 
73 1 92 69 76 61 37 
49 30 85 41 67 40 
2 37 57 34 70 
51 57 33 47 
95 22 39 
39 89 
33 

#i: 29
79 78 86 77 36 51 21 68 44 54 23 51 96 16 36 29 14 67 1 36 89 27 58 87 
62 26 68 9 25 84 31 70 63 95 87 37 61 44 80 21 44 46 67 28 87 31 29 
15 87 34 12 37 53 53 77 90 6 20 19 12 90 47 20 6 73 100 11 10 8 
71 7 18 9 34 39 78 52 10 53 34 10 24 5 50 5 99 87 24 100 54 
13 59 97 93 50 100 65 55 15 72 20 1 35 85 40 31 96 74 66 7 
98 85 18 66 96 28 57 85 50 100 20 44 42 15 89 63 74 39 51 
35 2 62 97 36 10 45 73 25 38 10 92 55 77 47 35 55 100 
65 48 29 86 43 9 83 99 98 89 99 2 94 83 29 44 26 
6 53 8 48 7 92 91 45 49 33 91 64 26 63 72 71 
24 8 16 28 23 10 74 72 51 57 69 74 40 13 20 
93 92 70 45 87 90 37 100 73 65 55 51 61 49 
60 16 16 53 95 38 47 23 7 42 35 1 22 
18 14 72 35 96 60 92 70 57 72 94 36 
43 49 92 75 15 81 82 20 61 68 22 
64 6 56 65 25 24 87 25 77 86 
79 84 5 17 89 59 56 79 11 
25 13 26 21 44 65 52 40 
92 68 30 90 69 90 14 
10 62 20 79 38 81 
74 14 39 18 67 
21 83 44 47 
78 10 59 
66 8 
37 

#i: 30
94 89 61 28 45 51 45 11 76 3 23 68 97 57 82 29 90 18 3 78 66 72 77 
16 67 95 8 12 92 73 15 73 61 64 91 58 46 60 70 99 88 75 90 8 53 
53 2 79 68 70 4 19 25 93 76 74 95 55 56 65 22 37 44 1 17 14 
93 19 68 53 3 98 83 70 42 3 60 70 86 41 49 37 50 61 92 92 
75 45 49 53 9 61 81 61 68 73 80 42 49 73 7 51 97 40 25 
100 75 14 43 35 15 30 26 18 42 38 98 77 71 21 59 49 44 
24 9 49 81 52 74 94 75 99 28 93 99 23 92 16 9 1 
58 84 53 96 64 13 96 98 35 57 42 7 13 15 38 12 
22 27 1 47 10 96 60 49 19 99 3 74 5 24 39 
18 29 3 66 60 56 38 39 10 52 1 54 13 77 
46 76 94 87 85 58 92 22 4 41 53 50 32 
82 56 40 72 61 38 87 45 27 19 80 100 
31 43 62 52 41 33 58 18 32 57 68 
12 50 14 7 72 95 54 9 53 56 
3 13 99 52 2 91 73 76 31 
9 79 70 62 95 5 79 15 
17 20 74 57 52 69 25 
66 22 25 22 87 81 
59 9 49 59 50 
82 53 25 32 
5 61 1 
11 12 
97 

#i: 31
25 36 16 7 12 8 14 85 32 71 87 38 42 43 17 46 64 37 58 88 82 5 
18 73 51 90 3 9 2 67 49 81 76 56 53 44 78 79 80 10 10 67 19 
29 16 15 83 81 73 45 57 81 24 73 78 33 66 32 80 50 30 12 38 
97 19 61 93 55 95 82 73 12 28 13 13 5 73 85 100 57 14 9 
58 83 98 63 58 87 72 81 21 52 21 70 69 42 33 28 11 74 
1 90 71 56 93 79 97 57 81 63 91 59 31 63 91 19 18 
76 85 88 64 59 22 57 59 84 28 92 91 39 93 95 97 
94 50 27 21 64 12 51 81 89 62 43 30 68 78 10 
64 84 98 100 79 51 29 60 28 26 89 71 45 83 
48 99 81 17 81 28 83 18 32 66 33 99 26 
25 94 19 92 49 1 80 17 39 96 52 60 
23 6 82 50 90 48 39 33 28 31 32 
48 18 12 79 28 88 4 99 32 66 
68 82 32 49 47 54 17 48 6 
91 32 51 20 43 41 3 51 
16 11 67 89 49 18 94 
50 66 26 42 89 76 
51 28 18 5 48 
10 31 53 32 
56 7 5 
72 71 
52 

#i: 32
79 76 82 39 71 40 31 66 71 30 68 67 75 36 27 99 30 53 51 21 77 
92 80 24 75 28 10 92 42 60 2 33 69 65 12 100 11 91 54 45 87 
15 85 67 78 16 15 67 57 66 1 77 11 89 56 5 57 43 26 42 
83 4 58 52 79 43 30 8 38 72 50 55 12 53 92 51 35 39 
22 67 77 61 60 33 42 34 82 9 11 63 86 88 13 51 31 
81 53 25 16 75 43 79 7 4 72 96 27 22 7 1 9 
73 13 52 86 98 85 41 91 20 60 90 27 54 26 93 
28 61 85 14 92 42 25 19 71 54 36 5 18 28 
41 23 47 98 83 87 72 51 48 11 68 33 72 
76 91 89 56 38 75 79 34 6 61 16 19 
39 86 66 99 89 69 24 88 30 43 58 
82 65 90 70 72 74 18 84 55 55 
50 60 38 14 65 22 1 12 62 
19 70 51 83 95 46 81 20 
47 4 81 60 89 81 28 
19 61 43 64 15 77 
98 81 71 54 21 
82 16 24 34 
32 37 18 
4 24 
79 

#i: 33
53 70 26 32 9 95 59 12 59 69 19 39 14 92 13 45 38 93 10 88 
64 71 40 58 80 90 85 76 88 87 11 91 66 67 73 76 33 76 15 
94 29 70 31 82 31 94 89 26 86 95 14 11 87 22 43 84 98 
24 54 54 97 81 47 78 83 11 12 86 54 92 75 49 51 58 
9 13 69 56 100 63 20 84 99 62 30 21 9 28 7 39 
88 25 79 20 22 84 61 25 72 51 16 97 50 48 75 
64 85 83 46 16 34 66 31 97 33 10 33 4 57 
93 12 22 57 82 40 70 25 92 99 72 75 17 
74 87 26 96 66 19 16 87 61 79 83 76 
7 49 52 44 28 67 86 22 13 81 84 
80 48 24 35 47 20 46 93 40 27 
57 33 2 37 14 33 54 87 37 
37 65 66 56 71 94 49 72 
21 60 31 69 32 53 8 
39 83 77 84 81 76 
81 43 25 38 71 
90 73 49 2 
22 27 75 
1 50 
75 

#i: 34
54 15 96 9 77 57 58 28 72 4 87 62 13 54 9 19 23 38 53 
41 79 76 3 37 38 23 72 40 38 26 55 25 47 38 83 93 55 
80 30 15 70 1 57 53 91 70 18 5 8 87 100 68 50 27 
20 30 93 16 21 99 35 5 73 97 53 6 3 7 96 24 
38 70 63 59 41 55 25 28 95 55 44 30 82 86 78 
75 5 82 29 89 9 16 96 55 48 95 76 31 98 
40 71 64 48 55 76 39 88 43 95 59 7 49 
26 69 40 53 72 82 86 15 63 83 95 94 
93 1 20 8 20 37 20 78 39 32 41 
63 20 64 52 73 20 24 25 93 15 
76 42 84 47 23 69 27 70 90 
85 68 76 45 29 84 91 56 
44 94 35 44 3 72 80 
72 87 37 92 19 10 
83 89 82 39 61 
83 56 80 46 
39 96 8 
18 4 
97 

#i: 35
55 9 80 23 17 62 12 54 78 69 13 51 31 37 25 90 7 12 
100 20 74 18 51 77 38 32 39 26 47 49 63 94 42 82 9 
99 24 89 99 82 54 2 51 95 27 45 64 19 42 18 55 
7 2 19 30 44 99 56 1 40 1 28 48 95 90 15 
69 37 7 95 20 51 24 32 81 76 42 82 10 14 
79 58 20 52 30 49 9 19 89 38 37 91 100 
90 88 16 48 65 42 23 59 40 56 94 75 
5 2 90 85 55 15 42 36 32 36 8 
2 53 53 78 25 39 59 76 65 61 
46 17 41 39 69 47 58 51 29 
50 53 56 65 100 44 28 53 
84 53 34 67 62 83 100 
55 93 6 40 60 95 
43 64 51 42 52 
36 12 27 25 
76 34 38 
21 100 
91 

#i: 36
7 83 46 72 94 67 80 69 61 86 16 70 10 94 73 60 74 
69 26 16 77 49 55 15 40 33 47 7 89 36 97 29 63 
10 36 89 98 48 30 17 76 63 73 43 40 74 73 93 
22 18 66 59 96 84 71 60 94 79 13 18 77 80 
72 70 22 32 23 82 52 65 40 30 88 69 59 
1 7 31 52 18 62 5 3 78 97 92 39 
75 75 39 52 22 73 57 26 4 5 98 
97 99 47 70 10 25 31 54 86 79 
75 100 96 84 69 16 20 54 42 
18 71 5 24 86 40 17 3 
90 85 74 85 24 61 75 
98 47 93 22 8 25 
30 25 90 82 45 
13 91 99 70 
58 55 33 
27 11 
72 

#i: 37
30 2 9 16 57 82 34 36 95 97 35 27 86 58 64 2 
83 13 26 22 85 36 45 28 75 50 21 29 4 83 45 
87 82 76 74 49 40 51 74 78 1 59 86 24 3 
60 96 16 54 74 22 100 74 49 37 91 56 23 
25 87 3 51 69 42 58 64 25 27 6 58 
35 58 22 99 97 5 49 21 10 92 88 
57 71 32 19 66 4 29 25 63 34 
97 13 32 100 10 2 93 63 87 
80 16 1 64 34 20 90 77 
95 48 29 51 62 71 13 
69 84 81 42 65 33 
14 99 60 92 31 
79 63 17 26 
58 66 49 
21 89 
49 

#i: 38
34 47 28 30 24 56 1 55 45 78 91 94 8 24 37 
85 18 96 38 71 100 95 65 52 85 68 64 9 42 
30 73 80 31 93 51 13 78 81 34 58 91 33 
3 96 82 69 63 18 44 18 84 4 19 80 
41 62 29 95 49 42 55 84 7 32 90 
28 4 91 13 23 61 45 43 44 72 
90 96 36 5 97 52 76 68 68 
63 15 6 62 77 41 92 62 
52 54 25 92 58 14 53 
57 58 67 95 16 86 
60 6 79 23 45 
3 33 23 30 
96 64 51 
7 35 
61 

#i: 39
11 94 100 4 69 100 20 34 36 99 70 17 13 37 
14 86 91 69 75 55 4 6 96 81 53 61 84 
70 17 53 26 70 31 8 80 14 75 26 62 
65 99 26 17 17 76 74 88 8 6 61 
18 78 48 43 25 77 83 74 31 99 
45 14 43 8 49 91 35 88 94 
77 83 86 58 19 57 78 6 
83 66 93 3 6 54 56 
15 11 63 71 76 39 
14 1 65 13 59 
76 75 96 99 
63 90 75 
23 32 
68 

#i: 40
83 67 29 38 58 60 31 81 10 30 34 72 3 
86 10 97 70 57 37 78 52 16 24 94 31 
3 59 88 49 97 85 17 61 62 77 58 
30 84 58 66 34 13 31 54 39 40 
50 32 100 48 81 22 16 39 69 
31 64 17 17 40 16 20 8 
43 52 24 30 30 8 9 
79 71 100 11 82 42 
35 78 8 93 70 
86 99 2 87 
70 51 17 
98 75 
86 

#i: 41
8 94 52 88 65 52 26 9 72 90 76 65 
41 17 49 44 14 21 17 83 45 89 6 
81 45 89 67 80 14 68 7 92 82 
7 73 72 6 85 73 58 63 26 
1 19 78 68 69 22 56 37 
52 23 41 1 80 49 97 
63 9 88 57 27 87 
29 43 37 6 53 
58 6 41 62 
15 20 100 
1 90 
22 

#i: 42
16 68 22 73 30 21 64 99 90 3 71 
66 9 3 80 88 43 33 63 97 21 
86 63 53 56 31 51 56 97 63 
97 13 63 51 1 96 78 46 
38 42 41 48 11 83 44 
80 7 28 86 90 39 
13 35 88 54 41 
6 5 77 45 
96 50 10 
52 90 
83 

#i: 43
61 54 84 56 2 31 66 92 51 81 
24 94 92 54 46 26 51 40 71 
10 38 100 72 35 35 60 20 
1 76 8 39 56 30 85 
9 20 61 7 17 6 
55 91 75 54 59 
88 21 65 95 
84 20 93 
82 71 
8 

#i: 44
2 73 37 67 13 26 15 13 15 
91 9 2 66 70 34 83 19 
9 46 10 7 40 58 18 
21 100 40 93 100 84 
13 100 39 5 74 
33 68 24 10 
48 20 86 
94 76 
52 

#i: 45
81 32 47 42 62 87 43 73 
1 100 75 90 9 1 47 
22 73 65 95 18 58 
85 45 32 70 24 
40 75 37 23 
89 34 50 
48 32 
98 

#i: 46
89 90 12 75 77 4 90 
96 29 3 92 90 36 
67 41 4 31 76 
26 55 78 98 
17 13 78 
67 95 
99 

#i: 47
23 41 52 63 35 99 
20 38 98 8 67 
70 43 83 97 
35 82 75 
13 48 
100 

#i: 48
22 5 28 75 58 
66 75 40 85 
35 75 21 
55 64 
7 

#i: 49
31 79 87 70 
94 2 57 
49 66 
71 

#i: 50
26 12 49 
70 5 
4 

#i: 51
74 53 
73 

#i: 52
89 

#i: 53

#i: 54

ckp-55-1.txt