#number of items n
45

#knapsack capacity b
557

#constraint coefficients a
21 35 43 38 19 25 21 2 6 10 31 10 5 29 30 14 13 30 41 2 18 42 36 24 7 14 28 12 31 15 23 10 17 48 9 42 39 37 34 48 20 47 27 45 45 

#linear coefficients c
13 54 0 18 31 71 15 16 31 0 0 80 60 0 97 0 0 17 0 57 18 0 0 18 0 0 4 0 72 5 0 0 55 0 87 37 73 0 0 0 0 0 45 18 0 

#quadratic coefficients C: i < j
0 0 0 0 0 0 41 0 0 79 75 9 0 44 0 58 0 0 0 96 35 25 0 72 0 0 94 42 0 0 0 0 82 59 0 31 0 14 36 32 92 56 0 14 
0 4 60 0 0 85 3 33 0 100 0 96 0 1 29 69 0 0 0 9 48 0 0 0 0 0 0 0 46 94 0 79 0 88 90 69 60 21 0 48 52 0 25 
95 29 0 13 0 0 0 56 69 0 0 0 0 16 29 0 40 64 0 0 83 0 0 3 0 86 78 0 0 0 24 0 4 0 0 0 0 0 0 33 44 0 
47 46 1 26 34 0 75 0 0 0 62 0 93 24 36 0 0 0 72 0 0 70 0 100 24 0 0 0 27 44 61 0 92 0 0 61 0 0 0 86 0 
0 0 64 34 0 67 80 0 0 0 63 0 87 65 0 0 0 0 40 0 0 0 87 13 45 0 87 79 13 75 9 76 0 60 0 22 0 0 0 93 
0 79 0 55 0 11 71 34 11 69 0 0 0 27 0 0 87 0 0 0 88 23 0 88 54 49 0 16 0 6 0 0 24 0 34 0 0 0 74 
63 25 58 0 60 0 0 0 0 0 10 71 0 0 93 23 61 0 65 0 0 0 19 24 61 0 0 58 0 66 44 0 70 60 94 0 2 8 
0 57 49 0 4 84 35 87 0 0 0 0 0 66 0 0 0 42 0 31 34 0 57 90 87 4 97 55 35 37 66 8 0 0 0 82 78 
0 0 80 37 14 39 0 24 50 91 73 0 0 0 0 0 0 0 0 51 70 3 21 93 68 0 0 0 0 48 0 0 0 0 10 79 
0 59 82 1 0 0 65 0 84 7 57 0 0 0 11 0 0 0 83 0 26 99 0 0 0 0 46 57 0 9 0 0 0 84 0 
81 99 0 30 87 0 0 0 37 4 0 0 55 86 0 22 99 45 0 90 0 83 0 73 0 0 0 99 45 0 82 28 43 43 
0 26 87 33 61 0 88 26 0 61 0 56 0 43 0 0 64 0 95 7 0 78 48 91 0 80 0 15 0 0 18 0 0 
88 69 0 64 38 0 0 90 59 0 0 33 0 0 0 5 0 0 0 23 29 0 51 69 41 18 34 58 33 96 0 0 
74 0 0 0 0 58 0 0 24 2 0 11 69 0 0 12 0 6 0 48 94 55 0 0 85 0 99 0 0 0 0 
0 97 0 3 0 37 0 59 81 53 40 79 10 96 0 70 0 91 34 0 58 0 0 4 0 26 81 39 69 0 
28 0 0 0 97 0 84 0 0 17 0 51 25 0 76 99 0 93 31 37 0 0 21 0 0 0 0 0 86 
23 0 0 0 1 19 17 0 100 100 38 0 0 12 62 41 0 53 0 0 64 26 0 0 0 0 0 0 
1 25 0 0 10 74 50 65 41 0 21 85 0 0 61 62 0 0 61 0 85 0 19 0 94 0 0 
0 0 21 8 0 100 28 0 96 0 24 91 0 0 16 7 26 0 0 0 98 87 64 0 43 0 
10 0 0 0 39 63 0 0 2 20 45 54 0 0 81 78 0 0 79 0 1 86 0 91 0 
0 0 22 23 0 0 15 58 0 97 0 6 0 86 0 98 20 31 0 0 0 95 3 0 
48 67 0 0 29 0 75 0 0 0 39 0 40 0 57 0 15 100 0 8 25 76 0 
63 0 73 78 0 0 94 36 16 8 0 5 0 39 45 22 0 0 0 0 14 26 
0 39 0 0 0 0 57 0 3 0 0 0 0 94 72 62 0 0 78 0 61 
44 98 0 0 55 77 0 25 8 0 45 0 0 39 81 0 57 1 73 0 
100 32 93 69 67 0 16 0 0 72 88 15 0 6 25 0 5 61 0 
77 23 72 6 0 86 53 0 0 62 25 0 0 79 4 0 0 0 
0 0 47 59 55 0 24 10 17 70 89 21 11 75 84 66 40 
38 0 0 91 53 29 0 14 47 0 53 0 61 84 0 58 
14 36 0 0 60 40 0 0 93 79 0 92 50 0 61 
0 96 2 7 0 2 71 0 45 27 0 15 0 65 
0 96 0 0 0 0 0 0 0 0 0 0 15 
0 0 90 28 37 31 0 89 0 0 0 15 
91 0 0 21 44 17 49 0 6 0 34 
51 54 0 49 21 0 0 0 92 63 
31 0 58 0 0 42 15 12 46 
0 0 0 0 0 41 0 61 
0 20 0 0 84 62 0 
34 70 89 42 2 0 
79 10 0 66 0 
27 0 44 0 
0 0 54 
28 75 
62 

#cubic coefficients D: i < j < k
#i: 0
0 0 54 59 0 0 81 0 0 0 92 0 96 1 29 86 91 0 0 99 84 81 0 0 0 0 0 0 0 15 0 37 0 0 87 0 19 0 22 94 23 0 19 
48 35 60 40 14 54 0 0 0 0 11 9 58 0 14 60 98 0 0 22 49 21 0 60 44 0 70 0 0 0 90 0 0 66 0 20 0 79 0 0 0 0 
0 0 0 0 0 29 0 0 0 0 0 94 97 0 0 0 0 0 0 17 0 0 21 40 0 2 0 66 0 0 0 0 59 0 74 0 0 67 9 91 99 
38 0 30 0 41 0 0 55 11 1 19 92 30 0 27 73 49 0 61 0 42 0 0 0 0 33 0 61 0 29 0 0 88 0 0 37 70 29 38 0 
33 0 36 0 12 84 48 0 60 0 0 44 0 0 0 0 0 0 82 0 12 23 0 92 0 0 0 0 18 6 40 9 2 0 2 52 33 74 0 
59 64 53 1 0 0 0 0 51 0 77 0 50 64 0 0 0 0 0 61 73 46 0 8 0 99 0 0 0 66 39 0 0 0 0 0 0 2 
0 20 4 0 0 18 0 92 6 0 30 17 84 12 6 0 0 0 21 30 0 0 15 91 77 0 2 23 0 8 90 32 45 1 22 0 55 
94 67 39 74 0 0 0 71 0 0 0 0 0 34 0 13 94 0 0 0 0 0 81 0 71 48 0 0 82 19 44 0 0 0 0 0 
0 2 0 0 0 90 73 58 0 40 0 28 72 27 0 0 0 0 0 0 85 0 0 0 0 0 0 15 0 66 0 0 32 64 39 
53 90 92 0 84 51 95 32 0 90 30 93 100 98 0 39 83 24 9 0 69 91 18 0 54 72 24 0 0 2 0 0 15 75 
0 36 85 0 59 0 92 43 0 0 0 22 0 0 0 19 77 21 82 60 65 0 0 0 0 0 41 45 0 26 30 17 96 
0 98 0 84 86 33 0 35 0 48 75 47 0 97 70 0 31 0 44 12 0 39 24 63 0 72 0 0 0 77 0 62 
99 0 51 0 62 37 56 32 31 0 31 0 0 58 12 100 0 2 0 93 31 0 0 0 0 0 0 65 0 18 41 
0 0 37 0 0 0 53 91 97 77 0 58 0 84 0 70 98 58 0 1 0 69 0 32 2 87 0 0 65 0 
0 0 70 0 81 23 0 64 0 29 30 90 34 97 0 0 0 0 0 0 0 45 30 0 97 0 56 0 90 
0 0 0 0 0 100 92 0 0 76 46 1 0 40 0 0 0 0 0 0 0 60 44 0 34 0 92 93 
0 0 0 0 77 0 0 0 0 36 44 11 46 0 0 0 20 0 0 0 64 0 53 72 0 8 1 
0 92 94 60 69 25 12 7 0 0 0 0 45 0 45 0 58 63 4 37 0 0 0 0 0 24 
0 40 0 0 29 0 0 15 22 51 35 62 0 0 19 5 0 87 43 0 86 56 65 0 0 
92 12 0 65 0 0 100 0 67 60 66 25 0 0 34 0 14 85 0 33 0 44 46 73 
38 0 32 74 8 0 74 60 42 75 66 91 50 15 0 0 0 81 5 0 16 71 0 
0 52 42 0 0 0 71 33 45 0 0 0 0 43 0 64 0 81 0 78 2 69 
0 98 31 56 25 0 54 0 55 89 0 0 10 34 61 0 0 56 0 0 64 
55 0 0 0 25 47 0 61 0 62 33 0 0 0 0 16 0 0 0 0 
51 27 0 0 0 66 0 0 0 63 0 92 0 57 0 0 14 0 94 
0 0 36 0 0 0 97 0 0 0 0 25 63 0 0 0 53 0 
0 0 0 76 20 11 0 55 46 6 0 81 82 11 53 0 0 
0 26 0 0 77 0 0 0 0 0 94 0 13 0 36 15 
0 99 69 0 24 0 0 57 1 0 27 68 11 0 31 
0 0 0 0 0 0 0 0 0 73 86 0 67 24 
0 0 96 12 0 0 0 0 30 63 0 14 20 
0 76 0 0 0 7 36 0 32 0 0 77 
18 99 42 0 16 0 0 18 54 0 67 
0 16 10 0 91 21 32 46 0 29 
0 62 0 71 71 26 0 9 76 
0 0 0 41 8 0 37 0 
60 60 0 0 0 9 0 
0 0 78 0 95 23 
33 0 0 0 0 
99 0 0 31 
0 23 23 
0 73 
0 

#i: 1
4 15 98 87 0 79 0 0 18 70 0 0 16 44 58 0 0 81 46 42 0 0 45 27 0 24 95 10 0 63 67 0 5 39 25 0 0 54 0 12 15 0 
0 0 0 18 0 0 0 76 0 0 0 91 0 62 92 0 0 0 5 0 0 0 2 0 20 0 0 19 0 0 72 0 77 0 61 0 0 0 0 0 39 
0 0 39 0 0 17 13 0 0 5 0 0 11 63 0 12 0 93 0 59 0 23 43 0 13 6 0 0 46 0 91 16 0 0 0 0 0 39 0 27 
91 7 0 0 54 15 0 69 52 0 76 0 0 67 46 14 34 0 49 0 50 0 0 0 0 0 42 100 13 0 7 24 94 74 0 22 24 0 17 
91 0 0 0 94 58 0 0 0 0 0 0 0 0 87 32 0 69 54 0 0 73 0 0 0 21 0 98 0 32 20 0 48 0 89 80 1 62 
96 15 0 69 0 0 0 19 0 0 39 0 33 0 23 0 10 84 95 43 0 0 0 0 91 6 0 0 0 0 0 22 0 75 0 75 60 
0 0 0 77 0 0 0 9 50 1 46 7 0 0 0 18 21 36 83 0 91 0 13 80 67 50 0 88 0 36 0 0 0 100 68 0 
46 0 0 92 27 88 0 91 0 41 0 37 10 0 0 1 0 0 39 0 1 33 87 90 0 47 29 100 0 82 0 29 0 0 82 
0 87 77 0 11 64 0 14 93 75 0 52 0 0 0 0 0 0 0 0 66 0 0 0 49 0 0 0 0 41 0 26 18 97 
33 83 0 17 0 0 23 85 80 0 77 41 66 89 25 0 79 0 93 11 65 67 44 0 0 0 96 5 15 30 0 29 0 
21 0 0 0 0 0 54 63 0 29 0 65 83 0 58 0 82 0 11 0 0 5 0 0 79 29 0 0 99 0 0 54 
26 0 80 62 0 0 90 8 50 82 27 39 12 27 100 14 0 0 0 19 9 0 22 1 52 0 38 93 52 66 0 
12 0 99 9 36 0 0 0 0 0 0 0 86 0 0 54 0 7 0 17 0 82 93 42 81 0 0 58 0 34 
0 88 0 0 5 0 0 17 0 99 0 24 0 40 91 58 0 0 11 0 60 44 0 74 35 38 0 0 61 
0 0 0 0 0 91 0 29 34 57 96 35 0 36 0 0 40 82 0 0 40 84 6 85 7 10 8 0 
0 92 0 40 5 0 30 16 32 38 0 42 51 81 0 2 0 0 0 0 39 0 39 0 0 55 17 
0 59 93 0 29 0 60 0 0 0 43 0 39 31 0 23 0 21 45 59 41 0 80 0 0 0 
0 65 0 0 96 0 0 87 12 0 0 0 93 0 0 0 0 0 47 33 10 0 0 0 89 
0 76 0 13 83 0 76 73 0 86 97 83 3 0 0 68 0 0 10 0 72 0 20 0 
50 38 0 0 95 24 0 28 96 0 53 74 87 0 86 74 82 0 0 70 0 29 0 
49 18 0 74 69 0 73 0 0 72 67 74 0 12 0 0 89 0 0 63 0 75 
35 0 0 0 0 0 0 0 0 84 0 0 13 20 0 0 47 75 82 66 15 
0 0 0 8 56 0 22 0 0 0 23 0 74 0 36 0 0 0 0 0 
50 12 77 66 0 0 49 0 18 1 0 0 0 0 0 72 79 47 0 
0 0 99 0 70 0 8 77 0 89 0 0 52 87 18 64 54 72 
0 78 0 0 0 0 15 0 70 5 0 0 0 14 0 74 8 
0 0 60 47 15 0 0 0 0 0 0 0 32 0 61 23 
0 25 0 46 0 0 0 0 0 28 26 39 45 12 87 
80 8 56 0 68 0 20 85 15 1 0 0 0 12 
83 0 7 0 58 0 39 7 8 0 71 0 48 
0 0 0 23 90 7 0 0 0 0 11 34 
0 3 16 82 0 64 0 0 3 0 0 
0 0 31 15 0 11 0 0 72 0 
79 0 0 41 33 40 70 73 0 
77 97 0 67 0 0 72 0 
0 47 0 73 0 0 22 
0 0 0 50 89 0 
0 0 0 80 0 
53 0 85 0 
11 9 18 
74 90 
0 

#i: 2
65 70 24 0 24 0 23 0 51 0 2 0 0 81 67 47 73 0 93 0 0 48 45 78 0 53 0 52 10 91 0 0 31 89 0 72 0 0 0 77 0 
0 28 29 0 76 0 19 0 74 0 0 0 36 63 0 0 0 85 17 3 82 0 100 70 65 0 45 17 44 18 0 0 0 48 0 0 29 39 0 0 
0 50 0 0 36 0 99 78 0 0 0 0 87 17 55 0 0 92 40 6 60 66 24 0 0 0 83 0 0 0 0 79 0 51 0 0 0 53 11 
49 26 1 0 54 52 88 0 0 0 0 0 0 49 0 0 100 0 72 0 46 0 86 0 60 0 0 56 0 0 0 0 37 0 0 13 0 0 
83 11 0 0 79 93 17 0 28 21 0 0 24 1 0 19 0 0 0 60 0 7 0 76 0 53 23 0 0 0 24 0 32 95 0 95 76 
0 9 57 58 75 0 22 9 93 18 79 6 33 44 13 15 54 0 100 0 83 10 87 58 23 59 0 0 47 96 8 93 56 28 0 69 
99 0 54 0 0 0 0 57 0 51 0 0 0 80 49 0 83 83 0 0 70 67 15 22 85 0 11 0 0 77 0 0 0 0 0 
66 0 0 97 0 0 0 0 0 0 84 52 19 96 0 0 25 67 0 0 9 72 0 16 0 45 0 59 64 43 14 0 0 21 
62 0 13 0 93 57 0 36 11 0 72 45 0 0 0 77 0 0 0 98 0 0 0 50 0 0 35 0 2 0 0 10 0 
0 87 0 0 0 20 0 5 46 21 0 0 0 34 47 10 0 52 21 96 65 38 35 0 66 0 47 59 0 0 0 68 
79 0 0 0 0 0 78 0 29 97 2 0 75 0 0 0 0 0 43 30 0 44 0 0 0 60 0 0 38 0 76 
0 0 0 69 0 71 21 40 0 47 83 63 12 81 13 0 83 0 0 11 0 0 0 0 24 63 41 75 10 57 
0 82 41 24 14 0 0 0 66 0 0 84 59 89 0 0 0 0 52 41 18 10 75 19 67 0 87 91 0 
0 0 0 36 0 0 0 0 0 0 30 47 0 6 0 0 29 85 89 0 0 0 69 0 75 81 0 78 
0 0 0 47 0 9 0 0 0 0 0 44 0 0 0 0 5 0 98 84 0 0 0 24 78 0 61 
0 58 0 0 0 73 0 0 0 0 0 0 51 47 24 0 0 0 79 0 16 71 0 0 94 22 
69 0 91 51 0 35 38 0 54 0 18 23 3 0 0 59 88 89 35 62 9 0 96 33 0 
0 54 20 56 0 0 0 9 0 38 67 0 40 38 0 0 0 78 0 0 60 0 0 0 
24 76 78 0 5 83 0 93 42 95 0 22 0 0 25 12 0 0 0 0 0 0 0 
85 63 0 66 0 0 0 42 0 95 0 0 89 0 0 0 0 62 59 0 0 39 
82 0 0 100 0 0 0 0 92 0 0 11 0 0 7 4 0 35 0 0 65 
58 0 0 0 0 43 0 0 54 0 18 0 3 25 51 83 0 78 0 96 
46 0 78 59 0 0 0 0 94 0 0 0 0 28 0 0 0 0 46 
0 0 0 0 0 70 79 0 92 0 63 0 35 67 43 0 0 0 
0 0 29 45 24 0 0 37 0 54 0 0 0 62 84 51 23 
0 0 53 0 0 0 70 71 83 9 0 100 20 11 0 0 
0 0 83 74 0 0 75 75 0 15 0 52 0 0 0 
14 28 65 29 0 12 0 9 0 47 0 80 0 11 
93 0 93 24 59 0 0 9 0 75 72 84 4 
0 0 0 0 0 92 0 96 37 84 1 0 
79 94 0 90 0 0 0 0 99 70 18 
29 0 98 0 4 0 5 0 97 13 
34 0 51 0 0 0 39 5 0 
19 0 0 75 87 0 0 15 
34 0 0 0 0 0 0 
0 63 0 39 91 0 
0 23 49 0 72 
0 28 0 0 
0 0 55 
0 68 
0 

#i: 3
72 0 0 0 0 0 55 0 0 0 0 0 0 0 0 0 12 0 13 0 0 26 78 0 47 0 6 18 40 59 0 50 70 27 88 70 57 95 100 0 
69 0 0 0 96 0 85 0 59 89 32 0 0 0 0 0 0 0 83 0 0 0 0 0 84 0 32 0 8 82 0 0 0 0 19 0 0 0 0 
22 59 0 64 0 0 75 48 0 0 0 0 66 0 0 0 0 0 85 0 0 6 25 95 0 20 57 81 63 37 15 0 81 84 28 0 100 0 
0 70 26 81 66 0 87 0 0 0 72 22 0 0 81 65 38 0 27 51 0 0 0 0 10 29 0 0 31 31 86 28 50 0 0 0 76 
0 8 0 6 36 16 14 0 96 86 0 0 59 0 15 0 33 0 0 88 6 0 33 0 0 0 65 34 53 0 85 0 53 0 0 13 
75 91 17 0 98 0 0 0 18 0 51 0 0 0 9 0 0 0 0 21 0 2 0 72 0 0 0 60 78 0 0 0 0 27 24 
21 69 0 0 0 15 56 56 0 0 0 41 0 57 75 4 0 0 0 72 54 34 56 0 47 56 0 0 74 25 93 10 86 0 
0 0 0 0 0 0 0 0 0 0 0 0 0 63 0 0 73 0 0 0 20 0 0 0 4 95 39 87 57 0 0 0 0 
96 0 31 0 0 0 0 30 0 59 0 0 6 36 85 0 0 0 96 0 0 0 69 16 2 0 0 0 0 91 0 0 
79 0 15 55 31 47 0 55 0 0 0 0 0 23 0 0 0 59 57 62 0 0 72 0 0 40 0 0 40 72 22 
43 84 0 0 0 49 92 36 0 0 79 93 0 0 74 0 0 44 28 94 83 64 0 5 3 15 0 0 10 48 
88 48 94 8 0 98 50 0 79 7 74 30 87 95 0 0 0 65 0 0 15 38 0 0 11 0 0 0 28 
0 4 61 63 7 0 0 26 22 0 0 65 0 0 0 86 0 62 90 88 54 0 0 0 43 84 41 99 
0 0 0 8 0 0 18 28 0 0 0 4 0 43 0 0 74 87 61 0 65 88 0 59 82 0 0 
63 20 93 0 0 0 94 0 0 78 32 19 0 0 23 0 0 0 0 0 0 70 0 95 0 75 
0 69 86 0 0 0 0 0 0 4 0 0 67 25 1 0 10 0 0 0 59 91 84 27 0 
0 34 53 0 28 58 66 58 10 0 92 42 0 0 36 0 0 0 0 0 30 37 0 2 
0 26 36 0 0 0 0 0 39 5 0 0 1 20 0 19 74 0 48 89 0 0 43 
0 0 0 45 0 43 15 0 45 98 0 97 5 29 0 0 0 0 76 85 0 0 
27 0 0 99 11 88 0 62 58 83 81 0 88 0 88 0 89 0 44 90 0 
93 88 41 11 0 0 96 5 0 0 0 0 0 100 0 38 92 0 73 0 
0 0 0 0 0 0 49 0 55 0 28 56 0 1 82 69 53 0 0 
0 0 96 0 0 25 0 0 14 95 15 0 0 0 99 77 59 57 
0 0 61 84 18 0 93 20 0 0 0 0 32 0 0 0 84 
0 70 0 42 16 99 0 0 0 52 97 55 68 0 26 60 
0 49 51 55 19 0 21 0 0 74 0 0 82 0 16 
0 0 13 43 21 0 74 0 40 0 0 0 82 0 
0 35 17 6 58 79 58 8 82 44 37 16 50 
23 45 60 0 0 77 0 66 0 0 0 0 
76 0 29 20 73 83 38 52 0 0 78 
80 0 46 0 0 22 100 13 0 1 
0 44 83 97 66 0 28 99 0 
79 0 74 50 34 0 0 0 
0 0 87 78 60 0 24 
43 0 0 98 95 45 
0 51 0 92 93 
0 0 0 60 
14 21 0 
72 0 
0 

#i: 4
98 89 0 0 12 0 73 29 60 34 0 63 12 73 0 0 0 0 82 0 18 92 100 0 0 18 0 42 93 90 2 70 57 0 45 0 40 0 0 
89 0 0 64 0 0 0 0 0 0 0 0 11 0 14 42 0 42 0 0 0 33 8 0 0 25 0 14 86 16 92 0 8 84 80 0 31 58 
0 0 0 0 70 0 15 0 0 27 0 0 0 0 4 61 52 0 47 42 43 0 0 0 37 23 0 0 0 0 64 0 48 14 23 30 9 
39 0 0 0 27 0 0 6 0 0 94 0 0 0 40 0 0 0 0 0 14 25 50 55 0 52 27 83 0 2 25 0 10 1 77 0 
0 66 0 0 92 9 26 0 0 0 39 0 0 0 0 95 0 0 8 16 78 9 0 0 0 0 0 55 0 0 0 0 21 0 0 
58 35 19 25 73 12 0 83 29 0 32 0 30 58 0 0 0 98 43 80 0 95 59 4 100 15 0 22 0 19 1 69 37 70 
0 51 0 0 56 0 0 89 0 56 0 0 0 0 12 61 85 0 26 82 0 0 78 0 0 89 0 0 0 0 0 0 75 
28 0 0 0 5 39 18 0 0 91 0 0 96 0 0 0 0 29 72 0 0 0 0 9 0 0 14 0 98 0 0 0 
53 0 0 29 49 0 72 0 0 45 0 35 63 0 0 0 0 0 0 0 56 97 0 0 0 0 46 0 0 100 0 
62 0 0 0 0 27 0 0 0 0 76 6 0 64 82 5 5 44 0 53 0 100 0 0 55 14 26 64 96 86 
48 49 0 76 62 0 0 38 97 70 0 0 0 0 0 46 57 0 0 85 100 0 11 44 0 0 92 0 6 
0 0 0 0 17 47 0 77 45 23 0 78 0 90 24 4 23 44 0 4 23 52 63 20 56 63 0 0 
29 61 0 12 1 87 33 0 0 12 0 25 0 0 0 0 100 74 0 89 44 62 0 4 0 0 66 
59 0 32 0 42 0 82 0 87 0 0 92 6 0 75 0 0 19 0 0 27 0 85 38 73 5 
85 0 0 0 51 16 71 2 98 0 96 0 0 0 90 0 0 0 62 56 0 0 48 24 0 
0 22 72 0 82 13 27 0 15 7 79 20 0 74 0 0 3 9 79 0 22 26 53 96 
0 49 0 0 0 0 0 0 0 28 97 37 10 0 7 85 0 10 0 12 30 32 99 
19 54 0 0 0 0 74 87 0 0 41 52 45 26 0 0 0 99 0 0 0 26 
84 62 0 16 0 0 85 0 0 0 79 0 7 87 0 0 56 0 66 1 28 
36 0 75 0 27 40 0 81 3 60 47 0 0 0 0 0 0 83 68 69 
0 0 0 23 90 1 25 47 74 75 0 0 0 0 0 12 6 69 31 
54 100 35 85 0 33 96 0 33 0 0 0 0 11 0 7 5 0 
7 87 8 55 82 1 58 0 94 0 7 23 0 0 0 0 0 
26 0 0 0 45 0 56 55 74 0 5 0 0 0 0 25 
45 42 64 52 20 69 0 0 0 84 0 0 0 0 35 
0 0 32 61 88 0 82 58 0 89 15 0 0 0 
73 0 0 0 0 40 0 39 0 0 0 92 0 
0 37 28 0 0 14 0 0 80 0 0 0 
0 60 0 0 0 0 89 0 0 0 0 
77 0 69 0 53 0 54 0 0 0 
0 28 38 22 68 52 61 79 0 
0 93 0 0 0 55 24 0 
19 0 22 0 76 44 0 
0 2 0 0 46 66 
0 73 97 0 50 
55 30 1 68 
0 43 0 
0 9 
0 

#i: 5
0 0 0 9 1 0 0 0 0 0 0 24 0 0 58 88 31 0 0 0 0 98 44 0 0 47 94 76 94 0 0 0 64 0 0 92 0 66 
33 16 27 23 0 0 37 64 34 52 32 83 0 12 4 0 0 0 0 24 0 0 91 0 82 0 0 0 0 55 0 48 69 51 34 0 0 
35 42 0 99 48 0 64 0 66 26 16 0 27 2 13 0 0 99 0 50 0 0 0 0 0 0 79 0 0 3 0 0 0 0 0 0 
20 0 98 0 69 64 70 53 12 0 88 0 0 0 62 0 54 0 88 6 36 56 15 35 56 0 0 0 13 50 0 0 10 46 63 
0 72 62 85 0 0 56 70 0 2 0 0 0 0 13 0 14 0 82 61 97 73 69 53 0 95 75 0 79 0 85 89 78 0 
0 94 40 96 27 0 78 81 0 29 0 0 0 57 19 0 0 0 0 0 78 0 0 8 26 67 0 87 0 5 0 19 68 
5 4 0 0 0 7 57 0 54 27 27 46 0 90 60 57 30 0 0 93 0 22 0 75 0 0 0 67 41 0 58 0 
72 77 0 42 0 0 49 0 36 0 0 0 0 13 0 66 95 0 6 56 0 24 0 12 68 0 96 68 0 73 0 
46 91 94 78 0 0 0 0 28 0 0 0 89 0 26 39 41 0 28 60 0 13 0 2 0 0 53 46 0 78 
27 13 99 9 47 19 44 96 6 0 11 0 0 35 0 0 34 0 0 100 0 83 0 0 0 0 0 0 61 
0 0 0 0 0 0 76 90 0 0 0 0 0 0 55 0 72 5 50 0 65 0 6 77 61 0 0 0 
0 94 0 0 0 0 0 19 0 0 29 27 85 58 0 9 35 93 45 0 40 0 96 0 60 75 18 
7 58 33 92 0 52 45 95 40 86 68 21 29 80 0 65 22 0 0 0 0 0 64 3 26 68 
0 0 22 0 0 40 0 0 38 0 0 91 0 80 0 0 0 30 0 0 76 56 0 45 98 
45 0 0 0 0 27 0 98 0 19 0 0 0 0 0 53 11 0 0 0 30 0 0 69 
31 0 0 0 10 71 56 40 4 0 91 98 25 0 0 16 0 34 45 61 43 0 0 
0 0 97 37 0 0 79 36 40 0 86 0 79 0 0 0 51 55 11 91 32 88 
0 51 83 0 0 0 0 0 76 0 17 0 73 34 0 77 0 94 38 0 0 
0 58 65 97 0 29 0 27 88 49 0 68 22 67 0 0 0 0 67 45 
0 0 0 73 26 0 18 0 56 0 34 13 45 0 92 0 0 85 0 
0 0 99 0 0 0 8 0 0 0 0 0 60 0 68 21 0 0 
0 38 81 0 92 0 0 32 0 0 32 0 0 52 0 31 24 
0 72 61 0 0 0 0 100 79 0 8 0 59 0 77 0 
90 60 0 0 42 32 0 0 0 61 0 0 0 0 21 
0 70 0 24 84 0 0 0 0 0 33 0 0 0 
0 79 0 0 11 62 23 0 0 0 99 13 19 
18 65 45 17 7 0 89 14 0 0 49 0 
68 0 0 0 66 0 80 0 0 0 17 
7 50 52 76 60 47 80 0 94 0 
88 0 0 49 52 0 0 0 37 
32 87 0 0 48 86 0 90 
0 58 69 0 40 25 0 
0 0 0 0 22 0 
0 6 62 0 0 
34 75 55 0 
9 44 67 
11 0 
42 

#i: 6
21 52 0 35 0 0 94 0 16 77 96 0 0 72 0 55 62 0 0 1 19 0 0 35 0 16 26 0 48 56 84 0 33 0 0 0 14 
29 0 82 11 14 1 23 0 0 0 38 97 5 0 0 0 56 0 0 0 7 20 67 34 1 56 0 0 0 71 92 0 0 0 63 0 
29 88 16 0 40 0 0 0 28 8 48 0 60 39 52 0 0 0 0 0 72 0 2 0 0 93 0 0 0 78 76 0 0 36 1 
18 0 0 0 1 91 31 6 0 0 57 1 0 43 82 56 0 77 91 83 0 56 41 0 0 0 0 88 0 82 7 0 28 37 
33 79 22 98 0 0 0 0 0 69 0 0 55 3 0 0 73 0 73 74 38 79 25 49 0 23 82 31 20 89 0 0 0 
0 0 79 81 0 65 0 0 91 65 0 1 63 0 0 33 0 9 1 72 74 74 92 1 78 0 17 0 0 26 32 0 
0 0 0 0 0 11 0 85 0 0 0 41 76 46 65 9 0 0 9 72 33 0 58 0 0 0 21 0 0 0 0 
0 86 0 27 0 21 73 33 0 0 0 0 41 60 68 25 75 54 18 0 0 0 0 0 0 0 19 0 0 0 
27 0 0 87 0 0 25 39 0 3 68 0 0 0 0 0 53 0 61 61 0 0 34 0 0 7 0 0 67 
59 18 0 10 8 86 48 24 0 6 0 29 49 0 45 8 0 0 0 16 0 59 0 0 8 0 0 2 
0 34 0 55 0 0 73 85 57 2 77 79 70 78 0 83 54 0 32 56 0 91 64 0 59 0 39 
16 4 0 0 0 0 20 0 6 81 25 0 21 100 0 23 43 46 0 82 0 0 0 90 77 0 
0 33 16 78 0 0 97 55 31 0 0 0 81 28 6 15 90 0 38 0 0 42 12 98 0 
0 0 100 4 0 47 1 37 0 54 100 0 0 67 33 0 87 0 2 0 14 0 98 97 
0 73 63 0 89 13 45 0 0 0 0 70 0 9 0 10 0 0 0 0 83 97 0 
0 34 88 22 14 9 0 0 62 90 15 12 27 0 54 0 68 0 48 45 62 0 
0 71 0 11 32 58 0 0 0 0 66 0 11 0 0 0 0 98 0 0 35 
0 0 96 0 3 0 0 37 34 0 0 3 0 0 2 0 0 22 0 4 
77 54 23 0 94 0 17 1 0 34 0 68 41 82 0 0 75 0 28 
0 0 0 0 0 33 53 0 8 56 0 69 0 0 73 0 46 91 
1 10 0 0 0 0 0 91 87 81 0 0 50 85 92 0 87 
46 67 0 100 0 28 0 47 84 10 20 0 61 3 0 3 
86 7 0 92 18 27 25 0 0 0 71 0 67 33 14 
0 2 89 4 0 43 100 0 0 74 64 94 79 19 
68 0 0 10 80 0 0 0 30 49 0 49 82 
29 0 16 0 0 0 0 81 81 39 0 83 
0 0 35 88 0 84 88 0 0 9 100 
16 12 40 0 22 0 0 0 81 22 
20 40 0 0 50 0 68 26 5 
51 0 35 39 35 0 0 62 
0 0 0 79 0 0 62 
13 54 0 96 43 77 
89 13 57 0 0 
13 0 83 0 
80 46 0 
0 0 
70 

#i: 7
85 64 0 0 15 0 0 99 0 67 0 45 0 0 19 82 21 91 64 88 0 25 1 69 0 18 75 69 0 2 17 62 91 0 29 0 
0 0 0 46 38 0 0 69 0 77 92 98 0 0 0 46 50 0 0 98 0 73 77 0 33 77 13 0 2 0 26 0 0 18 0 
0 0 0 66 0 0 0 60 6 45 0 0 28 0 0 0 15 90 0 0 85 0 7 0 98 0 6 13 0 73 39 89 0 24 
11 3 0 98 88 0 59 0 55 10 0 15 0 0 0 0 0 13 0 0 0 0 0 91 0 0 0 95 27 0 14 51 59 
0 0 0 26 20 0 53 78 0 49 0 0 46 73 0 55 62 31 24 34 0 17 83 0 8 82 53 100 35 72 0 79 
0 75 34 32 64 4 0 64 25 16 0 0 96 92 11 0 17 60 0 0 0 0 0 98 0 0 0 56 0 0 29 
51 0 8 14 0 0 98 0 0 0 89 77 0 34 0 79 0 16 0 0 0 11 10 16 75 0 63 68 96 0 
0 100 9 0 43 0 0 0 0 77 77 69 0 0 0 0 0 0 0 0 54 0 92 62 0 73 66 64 71 
0 85 69 0 0 0 98 0 0 0 67 88 0 0 0 70 24 0 6 75 15 0 36 0 0 0 0 34 
15 1 19 31 30 68 0 54 0 43 0 99 30 0 0 0 0 0 38 0 0 0 0 0 0 0 5 
0 49 0 7 62 25 0 77 47 21 88 0 0 78 0 74 0 0 0 0 0 0 48 54 0 45 
47 0 0 90 0 0 0 0 0 0 7 61 0 0 33 19 39 0 11 40 65 0 0 0 0 
0 74 47 67 27 0 66 0 0 0 0 0 0 97 0 0 92 36 0 82 0 0 10 0 
0 0 0 38 0 85 0 0 100 26 97 0 0 0 71 0 28 0 0 30 75 40 27 
0 27 0 32 67 0 62 100 0 0 0 68 0 0 65 19 0 0 0 91 0 19 
0 80 0 18 0 0 83 0 0 14 0 0 16 0 0 28 18 0 91 0 0 
85 18 0 0 0 77 0 6 0 0 4 0 0 0 0 30 0 0 25 43 
10 66 0 0 0 27 23 0 67 70 0 0 0 70 0 0 0 0 45 
0 48 49 0 40 31 0 81 0 0 0 0 0 0 73 22 15 87 
0 0 80 3 24 0 88 0 0 46 39 0 0 64 0 0 55 
0 26 0 0 25 0 24 0 17 0 0 98 27 90 0 69 
0 3 21 0 9 0 0 45 0 0 60 0 4 0 52 
60 0 68 0 33 0 0 0 0 0 0 0 0 76 
0 0 16 73 0 0 0 72 0 0 26 0 0 
15 0 0 75 69 0 0 60 0 68 0 0 
52 99 45 60 0 36 55 0 0 71 0 
8 0 41 48 0 0 78 37 94 0 
0 82 11 0 0 100 8 49 76 
63 43 0 38 0 36 0 85 
0 73 0 0 23 0 0 
56 0 15 10 0 28 
0 0 50 0 0 
65 0 45 0 
0 12 85 
39 0 
0 

#i: 8
0 0 67 99 78 66 82 27 0 0 4 22 46 63 22 38 0 0 0 0 0 6 79 0 21 0 18 55 0 17 0 0 0 0 0 
0 0 0 0 52 62 12 88 0 0 0 0 0 0 86 84 41 58 0 0 0 93 0 0 82 0 0 90 86 0 0 0 0 20 
53 0 43 46 0 0 21 0 61 0 87 0 0 0 10 0 0 0 0 91 78 0 76 79 9 85 32 15 0 71 0 4 36 
71 0 56 0 0 0 0 0 57 0 41 10 8 29 6 0 0 34 0 19 55 57 0 65 83 15 58 3 0 0 24 0 
0 0 6 0 63 33 0 0 84 0 13 83 0 0 0 0 0 20 0 54 0 73 0 4 0 0 11 0 69 0 15 
0 74 0 11 0 51 0 73 76 37 75 76 0 0 0 86 0 0 68 96 52 22 0 0 19 0 22 0 54 0 
76 0 0 0 0 0 0 0 0 71 88 0 0 60 42 35 0 0 5 46 80 62 47 94 0 88 0 0 0 
0 67 0 32 0 75 56 0 0 0 0 0 27 0 0 0 0 0 0 16 13 28 0 0 0 29 0 0 
0 66 7 93 0 45 0 66 0 0 0 16 0 0 23 33 0 0 65 0 17 82 0 0 80 68 0 
0 86 0 26 68 11 0 0 0 63 24 59 0 24 74 85 75 63 74 0 0 0 60 81 100 0 
0 14 62 96 25 0 0 18 90 28 0 0 0 40 0 81 57 0 0 95 0 3 0 46 0 
0 27 1 0 0 0 90 0 32 39 47 3 31 0 0 71 85 0 0 20 0 0 0 0 
25 83 63 0 0 33 19 50 15 74 89 0 13 0 0 0 72 26 59 0 37 0 76 
31 0 0 0 0 0 0 81 44 89 0 61 0 45 0 100 0 42 0 11 0 35 
0 27 0 75 75 0 75 0 0 0 0 64 69 0 0 0 0 0 0 0 0 
57 0 70 0 66 0 76 13 12 0 86 91 0 0 42 81 93 0 63 46 
31 0 0 0 0 51 0 0 0 0 13 57 0 0 0 35 0 0 45 
21 37 0 18 0 0 50 31 0 99 0 58 0 38 0 0 0 4 
2 66 0 46 0 0 0 0 94 0 88 0 4 0 0 0 3 
26 0 0 0 33 100 0 48 0 0 0 0 0 0 0 0 
21 25 88 25 0 0 53 69 0 20 0 39 11 0 2 
0 0 0 0 0 61 0 62 87 0 96 42 0 79 
57 94 0 84 0 70 0 9 52 23 0 66 0 
93 0 15 0 0 93 0 86 33 46 0 95 
23 0 31 0 67 7 0 0 93 0 53 
0 0 32 49 46 0 0 0 0 0 
0 98 35 28 0 0 0 16 0 
0 0 0 0 0 0 0 35 
87 87 0 0 0 89 0 
0 0 0 0 75 0 
6 28 88 0 23 
51 85 76 0 
0 0 49 
0 11 
35 

#i: 9
0 69 82 77 0 79 0 0 0 0 49 38 0 67 0 0 0 0 0 0 83 2 27 51 0 0 15 0 21 0 35 0 97 0 
70 91 0 76 16 98 0 0 0 100 0 0 0 46 81 36 0 0 0 35 0 15 0 13 93 0 0 91 0 0 0 0 91 
0 0 0 29 48 0 0 0 90 65 44 0 0 0 74 0 94 0 42 0 0 99 15 64 0 43 0 64 31 12 20 24 
48 60 0 39 44 0 70 0 0 0 59 0 49 0 55 0 0 0 100 94 0 78 83 81 73 0 0 19 0 60 0 
35 61 68 9 0 35 81 9 0 61 0 0 0 0 0 92 0 0 48 0 0 0 34 86 85 0 0 90 0 0 
29 0 0 0 0 0 86 59 0 0 4 0 0 0 0 71 0 13 16 5 85 0 31 0 22 0 0 0 62 
0 0 0 0 0 0 0 10 52 3 39 70 0 13 85 17 0 0 36 0 53 8 0 0 0 0 36 49 
79 0 0 0 60 26 0 0 0 0 0 0 28 100 12 10 19 0 82 0 72 40 54 0 6 25 0 
0 75 0 90 0 17 5 0 34 0 0 0 0 26 80 77 39 0 0 0 0 84 81 0 27 0 
0 0 0 54 93 0 0 26 0 69 0 5 0 21 100 0 38 70 0 0 69 37 69 11 0 
20 77 0 0 79 0 72 0 64 0 0 0 57 0 0 0 0 0 2 61 0 68 86 43 
8 0 0 82 0 31 34 9 30 98 90 23 0 20 45 0 90 0 0 0 1 48 0 
81 78 0 42 0 0 25 0 72 0 0 0 76 0 0 7 3 0 17 0 0 0 
0 96 87 31 35 0 62 0 0 0 0 0 20 0 0 0 0 26 0 0 31 
0 0 24 0 0 65 12 33 0 30 0 0 0 22 55 0 55 18 0 74 
0 0 0 82 0 0 0 51 0 0 0 58 74 0 0 36 0 0 37 
6 48 0 0 44 0 59 15 54 26 5 5 94 36 47 17 0 19 
49 70 73 89 0 100 0 0 41 0 0 26 19 56 61 0 0 
0 43 34 0 20 0 0 0 0 0 0 75 0 52 0 0 
73 0 0 43 48 0 0 0 0 0 0 46 0 54 19 
50 52 0 0 89 0 0 0 79 43 14 0 0 0 
58 54 0 98 0 0 42 0 99 0 0 14 0 
91 63 77 47 97 97 0 49 29 74 82 61 
0 47 0 0 32 22 0 46 0 79 0 
0 88 61 0 16 0 8 0 0 0 
0 75 40 32 0 0 81 0 0 
97 4 0 0 0 0 0 52 
0 0 0 0 31 0 0 
0 0 94 0 0 0 
0 93 20 0 0 
33 0 65 0 
70 0 0 
0 8 
98 

#i: 10
0 0 46 85 94 76 0 0 39 96 53 0 0 30 0 0 64 78 36 74 0 0 93 32 0 0 0 75 0 20 0 0 76 
66 0 0 42 0 0 100 0 0 57 31 91 0 70 0 100 9 0 44 52 0 17 21 0 0 0 0 0 0 0 0 0 
0 53 76 34 4 62 0 12 0 0 41 3 0 0 79 0 66 0 0 22 0 85 0 62 0 0 0 30 25 0 0 
0 16 35 0 0 0 17 50 83 0 32 26 28 43 0 15 10 49 0 21 31 78 0 96 0 0 24 0 80 31 
0 12 0 0 53 42 99 42 0 99 0 0 0 22 0 0 21 29 41 90 0 0 0 55 0 34 0 0 0 
0 0 65 56 0 4 0 86 0 0 52 0 27 20 0 0 0 18 75 69 69 0 0 0 17 0 0 35 
46 49 54 0 12 0 65 73 0 0 5 0 0 69 0 0 33 13 0 28 0 70 68 0 77 65 52 
65 0 0 0 0 57 20 0 0 0 0 0 81 0 13 98 85 0 0 70 0 58 63 85 0 95 
81 0 0 0 0 0 41 90 0 0 97 92 52 0 64 0 0 77 50 29 24 18 0 0 75 
67 0 0 0 0 79 0 0 0 0 0 0 13 10 0 0 78 45 0 0 0 0 30 0 
0 0 9 0 0 0 0 41 89 0 20 0 20 71 0 45 0 39 0 0 72 67 0 
0 78 0 0 71 0 75 0 0 38 74 0 69 0 0 0 98 0 0 0 0 0 
0 72 0 87 78 72 87 16 84 0 0 0 0 59 0 0 0 0 50 0 0 
10 0 0 83 0 0 29 40 20 0 82 0 0 0 82 72 40 0 0 13 
0 30 0 0 0 0 53 0 70 0 0 48 30 0 41 40 0 33 19 
2 18 93 70 51 0 98 0 44 0 46 61 58 0 0 0 43 0 
0 36 0 0 15 0 76 0 0 0 0 23 73 53 0 10 0 
6 99 48 0 65 7 0 0 76 33 30 95 89 0 0 60 
95 7 66 31 0 77 78 97 0 0 26 0 0 100 0 
93 0 0 73 92 0 33 0 0 0 0 62 0 0 
97 19 0 0 0 0 0 69 0 81 90 0 24 
52 0 91 0 35 23 95 93 0 98 0 87 
41 57 14 0 0 42 0 45 0 0 0 
0 24 21 0 0 0 47 75 0 0 
0 0 0 83 75 0 0 53 0 
0 0 0 0 73 0 0 53 
0 5 61 45 0 33 71 
0 74 43 22 9 0 
0 80 0 30 0 
0 0 6 12 
91 46 5 
12 64 
75 

#i: 11
91 0 0 0 56 0 0 94 0 0 57 0 79 0 0 58 0 60 0 0 0 38 3 13 0 0 89 70 9 84 4 60 
0 92 0 0 3 100 16 0 66 11 0 76 0 0 2 64 0 0 0 0 30 0 0 68 0 90 99 0 0 0 0 
0 0 4 0 0 32 0 0 4 94 0 91 44 0 46 0 0 5 0 0 36 0 0 0 59 16 51 0 100 95 
0 25 0 57 0 71 82 0 0 2 92 0 75 43 93 99 18 0 72 22 84 0 95 83 0 0 67 0 65 
29 44 8 69 52 0 50 78 94 75 80 0 75 41 0 0 0 76 62 32 0 39 0 0 18 64 64 0 
49 23 73 0 78 0 0 0 0 53 45 0 0 0 0 13 0 87 61 0 0 0 13 44 3 100 0 
0 0 94 90 0 72 5 0 11 0 30 99 31 0 0 0 35 0 0 34 56 0 70 0 0 21 
0 0 0 57 1 0 36 88 0 94 0 0 23 36 95 0 0 70 0 0 97 38 0 0 0 
67 19 0 81 49 0 0 4 33 0 0 100 16 65 23 35 0 0 0 0 1 87 0 0 
0 28 46 0 0 0 0 57 29 88 0 44 0 18 0 0 29 0 0 9 34 62 100 
80 0 0 0 0 0 45 96 81 0 2 63 0 35 19 56 83 0 9 12 57 0 
88 68 0 0 0 78 33 0 0 0 96 0 0 0 75 0 0 0 32 29 0 
0 97 6 44 0 71 54 94 85 26 0 4 57 0 0 6 0 14 0 0 
0 0 0 61 0 0 0 0 79 62 0 84 0 44 0 0 0 28 0 
0 36 95 89 0 0 47 0 2 0 0 15 52 0 45 89 82 0 
0 68 0 0 73 0 0 100 0 55 68 1 18 90 95 0 0 
0 0 0 0 22 0 48 0 85 0 83 0 6 34 0 0 
0 40 14 17 0 0 0 93 62 11 0 73 17 0 0 
27 64 0 0 6 8 98 0 0 0 24 0 0 53 
0 0 46 92 78 0 37 0 8 79 0 49 0 
0 5 3 96 0 35 0 0 30 23 0 0 
0 0 0 0 17 67 79 32 0 0 0 
0 0 93 0 0 0 52 0 20 66 
0 0 0 0 43 100 84 0 0 
60 0 0 33 0 0 0 0 
0 73 0 0 0 0 29 
0 0 84 6 0 0 
0 0 13 76 0 
0 63 0 85 
0 0 0 
0 12 
70 

#i: 12
88 22 96 0 47 5 0 0 55 96 0 13 0 0 0 0 0 35 17 79 0 49 0 0 0 35 3 0 0 0 0 
39 0 42 0 0 0 50 30 26 0 1 0 6 54 65 0 0 16 30 36 0 48 0 76 37 0 58 48 0 94 
0 94 5 0 0 0 0 0 0 0 81 0 0 0 0 58 0 0 33 0 0 93 99 0 0 0 94 56 0 
71 0 72 0 0 0 53 0 0 0 0 38 0 13 76 0 0 0 27 37 0 84 30 0 0 37 44 0 
63 6 0 0 26 0 5 0 0 0 0 0 27 0 0 0 54 0 77 0 0 57 0 48 10 37 0 
0 0 95 24 0 93 37 0 0 0 89 0 0 87 49 0 92 6 0 0 0 87 0 98 0 91 
0 0 32 0 0 96 77 0 0 0 65 11 0 36 0 49 47 85 62 0 0 46 0 0 15 
0 0 0 98 44 35 54 35 50 52 49 21 0 0 31 8 0 0 26 0 23 59 3 83 
15 0 78 0 67 0 45 31 82 88 0 0 0 90 75 0 62 29 0 2 26 45 0 
24 0 0 61 0 0 0 99 0 0 0 0 61 0 94 63 30 0 0 0 53 62 
86 95 0 93 55 0 0 0 0 11 89 0 0 88 0 33 0 59 0 83 0 
0 0 0 0 54 46 0 57 0 0 49 32 0 0 56 100 39 27 44 20 
0 61 4 3 100 49 0 0 62 0 48 95 0 87 0 0 0 0 85 
0 42 25 87 0 40 0 0 0 5 48 7 0 5 0 0 0 0 
0 60 43 41 75 0 0 75 89 0 6 0 8 65 41 31 79 
41 0 0 28 0 28 11 0 0 38 0 7 0 0 0 0 
0 72 38 8 0 57 0 0 96 27 51 0 0 32 44 
5 45 0 82 76 0 43 52 36 19 0 0 0 0 
0 32 63 0 78 0 0 0 0 82 42 0 94 
0 0 0 84 98 17 0 9 60 63 0 0 
13 52 6 39 0 0 62 1 0 53 89 
7 76 0 72 0 88 51 21 26 75 
0 20 76 42 0 0 0 4 0 
0 0 41 95 14 0 0 0 
0 0 10 0 49 0 0 
0 0 0 0 0 95 
0 0 0 76 48 
0 0 0 20 
54 6 4 
0 0 
0 

#i: 13
0 0 0 22 0 0 28 0 0 5 0 99 0 95 0 0 72 0 9 0 0 0 93 95 0 0 19 99 56 0 
0 0 0 0 18 0 24 0 0 73 24 0 20 0 59 0 30 66 0 0 0 0 45 97 0 0 0 94 0 
39 0 0 5 30 0 4 6 53 93 0 93 0 11 0 66 55 0 91 14 0 0 0 0 0 4 23 71 
17 0 0 0 17 83 1 0 0 0 0 100 52 0 36 0 37 85 0 0 0 0 98 0 42 29 61 
0 84 0 0 35 0 91 4 0 0 0 25 50 16 53 0 57 51 0 39 0 0 0 33 0 64 
0 12 31 0 0 56 31 0 0 86 29 0 3 0 0 0 0 0 2 57 0 0 0 88 0 
47 80 69 0 66 0 30 0 89 0 0 44 65 75 39 0 0 0 90 99 26 1 0 0 
0 0 0 0 0 92 87 0 0 0 0 0 0 0 75 0 0 0 0 87 59 61 76 
0 66 85 0 0 43 51 0 0 0 94 0 37 0 77 0 85 0 0 0 45 96 
0 0 24 36 80 36 93 93 24 57 45 18 0 61 44 75 43 0 0 100 63 
0 0 31 13 84 10 0 0 50 0 65 0 0 0 23 49 0 7 0 84 
0 40 0 0 0 0 0 0 0 0 0 62 17 0 0 0 0 0 0 
0 97 0 0 10 32 0 62 46 47 0 95 0 0 0 0 0 0 
19 63 53 6 0 95 0 0 69 49 0 15 0 0 0 18 0 
16 0 0 71 82 16 73 6 0 52 18 0 11 52 0 55 
73 69 0 0 52 77 0 69 80 0 0 0 56 0 15 
16 61 47 55 0 0 95 71 0 5 0 0 33 0 
0 2 53 82 16 46 0 66 0 30 85 6 41 
0 0 0 0 56 98 15 82 43 0 91 44 
55 60 0 56 65 0 0 27 0 0 0 
41 92 50 92 51 0 80 0 0 19 
79 0 41 0 84 0 0 0 41 
36 11 0 0 0 0 0 29 
0 0 85 81 0 0 0 
0 15 0 25 37 94 
0 0 86 0 60 
0 18 97 81 
64 0 14 
81 0 
0 

#i: 14
61 0 0 90 0 0 0 56 93 50 72 62 0 44 0 26 0 0 0 90 0 0 0 32 75 80 67 76 60 
1 0 0 48 99 77 0 67 0 43 50 0 82 0 73 17 0 37 0 12 75 0 99 73 41 0 0 0 
69 0 23 37 47 47 0 53 0 25 0 0 30 0 58 0 88 0 71 68 0 72 92 69 0 0 0 
100 9 0 0 56 0 81 0 0 28 69 15 54 0 0 61 27 0 0 0 0 45 0 0 0 75 
0 80 85 0 0 0 0 54 38 63 31 97 63 0 0 0 0 67 88 0 0 36 0 0 0 
0 54 82 13 0 27 0 0 66 82 72 17 0 0 0 75 33 0 41 0 0 13 34 0 
0 75 0 60 84 0 64 0 0 0 0 0 18 29 71 26 0 56 0 99 0 0 82 
0 17 0 0 0 0 0 0 0 96 0 70 0 3 0 98 22 0 67 69 0 15 
0 0 43 54 45 10 0 0 25 0 7 42 33 49 0 82 0 0 5 0 61 
97 0 87 39 0 91 76 0 0 92 13 0 0 0 82 72 0 53 10 37 
11 0 86 0 0 79 79 43 0 0 73 0 74 0 68 50 0 58 0 
0 88 0 0 56 84 0 0 89 21 66 0 18 0 100 0 0 25 
26 0 35 0 0 0 0 0 0 0 18 7 62 24 92 18 49 
0 0 0 0 67 58 0 0 51 38 0 4 0 51 33 84 
0 0 56 25 0 0 63 0 66 0 48 0 0 39 85 
0 100 84 43 0 0 0 0 0 77 58 11 0 0 
36 65 0 19 42 0 17 0 0 0 68 11 0 
18 0 69 0 5 1 11 0 6 0 54 79 
0 0 0 0 0 79 0 0 0 88 90 
22 0 72 74 0 80 0 60 55 0 
38 80 8 0 7 18 37 33 0 
38 18 0 0 0 0 64 0 
94 54 21 0 0 2 0 
74 0 0 85 79 0 
12 0 33 96 0 
0 59 0 23 
0 0 68 
0 0 
0 

#i: 15
0 0 88 7 49 0 53 19 47 60 24 0 0 12 0 0 66 0 13 3 0 0 0 0 0 0 0 26 
0 0 0 0 0 34 29 97 5 33 63 100 0 0 80 0 0 0 0 0 0 0 10 9 19 71 4 
64 18 77 0 0 27 99 19 0 49 87 0 0 0 0 9 52 18 0 99 0 0 30 0 0 74 
0 33 42 0 0 53 21 0 0 74 0 78 94 0 0 0 84 9 0 0 61 0 0 0 0 
20 0 0 10 0 0 100 0 0 1 81 16 87 0 42 0 0 40 99 0 0 60 32 82 
39 4 22 4 0 67 0 22 60 58 74 71 0 0 0 95 32 70 41 41 0 0 21 
0 0 8 63 0 92 0 0 69 0 50 17 0 43 0 0 41 93 0 37 0 0 
0 26 85 0 0 0 0 0 0 86 0 73 54 0 94 0 0 0 23 93 93 
10 0 57 72 48 75 0 19 18 0 88 30 38 31 0 79 0 43 92 0 
0 0 0 37 0 0 34 0 56 0 5 0 21 0 0 0 0 0 0 
19 0 10 0 61 0 33 0 53 0 0 84 15 0 72 0 41 0 
0 95 49 7 0 0 0 31 0 64 0 0 63 0 16 42 5 
99 0 0 0 0 58 65 0 42 79 0 0 23 0 0 0 
1 0 93 84 59 13 60 0 0 50 0 71 25 44 0 
65 87 0 83 28 0 0 90 0 47 59 89 43 0 
0 42 0 32 0 0 0 4 86 0 11 93 93 
5 0 50 96 18 56 37 88 61 0 0 7 
0 69 0 0 55 4 76 0 25 58 0 
18 5 27 0 67 0 0 0 0 29 
0 0 86 0 3 0 0 75 50 
0 13 0 48 0 86 64 0 
0 0 46 0 0 43 18 
29 0 9 0 96 100 
97 38 93 35 83 
0 12 72 50 
0 0 67 
0 0 
0 

#i: 16
30 11 0 0 61 0 1 0 48 39 53 0 49 0 12 0 0 0 16 0 0 0 10 0 0 0 27 
0 20 0 30 81 0 84 65 64 0 0 0 0 0 0 21 0 0 0 6 0 0 82 44 73 40 
75 0 94 0 7 0 22 0 99 90 87 0 17 0 64 0 0 23 0 0 0 0 16 0 87 
73 39 0 0 49 0 48 13 0 38 51 86 53 0 0 0 0 83 56 44 84 0 21 0 
61 0 84 0 0 0 92 0 0 0 95 0 75 51 0 42 6 0 0 81 49 0 0 
0 0 0 34 15 21 0 28 78 11 0 61 41 93 95 86 0 77 0 85 74 0 
34 0 0 78 100 41 68 0 0 8 0 0 55 0 0 75 39 81 0 0 17 
0 0 6 0 42 0 65 4 64 7 63 3 33 0 19 87 0 0 0 0 
21 0 1 65 33 95 0 0 76 1 91 0 0 85 35 0 0 0 0 
0 0 0 68 0 0 0 0 70 0 0 79 0 0 73 0 9 0 
0 81 15 90 69 84 90 0 0 40 0 24 32 0 0 0 95 
0 86 0 0 26 31 80 0 39 0 41 0 59 0 0 16 
24 0 21 0 0 53 0 45 0 89 59 5 0 90 0 
0 0 0 38 0 51 85 0 0 92 0 45 0 0 
76 0 81 35 5 56 0 0 35 0 0 83 0 
0 65 66 61 0 41 8 3 0 0 0 0 
40 26 0 0 0 29 0 0 0 77 0 
0 0 69 13 0 0 0 42 52 44 
0 0 95 0 0 15 0 0 0 
21 86 37 100 0 0 0 91 
46 0 58 0 34 0 43 
0 47 6 0 0 0 
92 1 0 13 0 
0 48 91 49 
29 0 2 
71 0 
87 

#i: 17
16 42 0 79 33 19 0 0 20 0 62 0 73 74 56 55 0 41 0 85 17 0 28 37 0 58 
30 0 32 0 0 59 0 90 0 87 0 93 0 50 88 0 0 0 38 42 44 4 0 73 83 
27 0 0 0 0 0 25 0 0 0 0 0 0 35 0 0 0 0 44 33 0 68 0 14 
0 0 0 4 80 43 0 0 0 88 46 0 22 0 33 71 53 81 0 83 78 44 16 
0 0 0 61 0 9 5 72 86 79 0 19 0 0 53 17 0 100 0 0 21 87 
0 0 0 0 0 16 0 8 48 92 21 0 0 22 41 57 0 0 0 0 0 
0 0 0 43 0 88 92 4 0 0 95 70 98 0 44 0 58 59 52 66 
0 0 3 92 0 0 46 100 11 0 0 0 0 25 8 40 0 0 0 
0 8 0 0 71 39 38 83 0 95 71 42 27 18 29 25 0 4 
0 0 82 75 0 0 0 54 0 43 27 52 93 66 56 0 0 
0 0 0 42 0 0 42 70 0 47 0 0 0 10 0 44 
21 0 90 73 32 74 0 0 92 5 0 0 53 21 35 
0 0 92 84 0 0 0 0 70 73 20 0 0 42 
53 12 73 0 68 0 41 64 0 72 0 61 0 
93 58 0 39 26 64 36 9 0 0 0 18 
0 0 0 0 0 94 0 0 37 0 0 
0 93 36 58 79 14 0 0 0 0 
0 77 13 94 0 0 40 0 11 
71 86 90 0 31 90 6 0 
27 63 55 0 82 63 76 
48 41 35 2 81 83 
19 0 99 0 46 
21 0 68 2 
70 46 0 
28 88 
0 

#i: 18
5 76 0 0 22 0 0 0 0 30 0 21 36 0 11 39 0 0 0 0 71 37 72 0 0 
0 50 0 33 44 0 11 57 0 3 0 0 51 51 0 13 42 11 66 20 0 0 0 57 
0 0 0 91 0 0 63 0 0 0 0 0 0 61 68 0 0 0 85 50 0 2 0 
0 0 0 0 0 0 44 0 93 0 77 39 91 42 62 0 0 0 62 0 0 66 
0 0 0 0 80 78 0 0 95 0 57 0 0 0 61 0 0 12 52 25 0 
0 0 15 0 0 0 0 87 93 77 0 65 18 54 97 0 93 0 71 45 
21 0 85 15 27 0 43 0 0 0 60 93 0 83 0 0 0 49 0 
94 87 58 50 16 0 0 74 17 85 0 0 0 0 39 0 33 90 
0 56 0 2 19 76 6 0 0 35 38 57 13 99 33 32 0 
5 0 0 16 20 23 0 0 0 0 0 87 30 0 65 0 
89 0 19 0 75 76 91 84 0 56 8 0 0 0 82 
16 0 0 0 7 59 0 0 0 0 0 0 0 60 
0 88 33 49 10 39 6 0 25 86 68 4 75 
0 0 0 0 0 40 9 35 0 0 0 0 
57 98 88 0 3 5 94 61 0 83 0 
0 16 0 0 0 0 1 54 81 20 
0 33 90 0 16 42 69 46 0 
38 0 25 96 0 21 91 0 
97 0 0 0 16 78 0 
0 0 0 68 20 0 
55 0 0 0 0 
69 0 0 0 
0 0 0 
0 0 
0 

#i: 19
0 0 0 62 9 40 0 18 0 34 76 31 15 0 0 0 95 11 0 0 0 0 0 55 
41 0 23 88 31 0 0 2 20 0 26 100 0 0 0 0 0 73 93 80 87 2 0 
0 0 4 5 0 0 0 12 38 0 0 0 26 63 0 88 98 86 0 1 0 80 
0 0 0 50 27 0 96 56 28 33 0 30 20 30 0 0 0 0 0 0 0 
46 11 23 4 71 53 0 36 0 0 57 12 44 46 0 0 0 46 0 6 
0 0 0 50 66 73 72 1 0 0 0 0 0 0 0 0 16 32 0 
47 6 17 70 91 9 0 0 0 0 55 0 0 43 99 0 38 0 
0 100 61 5 0 0 90 0 0 19 49 0 0 0 15 0 60 
0 0 97 1 0 51 0 0 5 20 0 50 90 0 66 0 
0 0 28 0 0 0 0 0 0 64 0 0 99 77 0 
0 72 8 0 65 84 91 11 0 1 0 8 90 0 
28 0 0 0 0 0 78 0 75 80 98 5 3 
0 32 87 95 0 0 0 70 0 0 17 0 
59 0 0 0 49 0 0 0 0 66 0 
0 11 9 0 57 71 0 0 92 0 
89 0 86 0 0 26 76 0 30 
0 0 0 26 47 74 0 26 
0 92 98 0 0 49 0 
0 0 0 81 92 89 
0 0 0 0 0 
0 0 92 0 
31 0 0 
0 0 
0 

#i: 20
74 0 43 0 7 50 5 0 0 27 0 0 0 0 0 88 0 61 86 0 5 14 0 
70 21 0 20 24 5 0 0 0 0 0 37 54 0 0 0 0 33 0 0 0 0 
0 0 46 17 0 0 0 75 95 0 19 14 0 0 7 84 53 0 0 35 0 
20 0 0 0 0 22 0 0 0 0 78 10 0 69 29 3 0 77 35 0 
0 0 61 75 0 0 0 52 28 4 79 85 0 0 0 0 0 0 0 
0 56 45 0 0 13 4 0 70 0 87 25 0 20 0 0 0 0 
0 5 0 0 0 80 0 0 97 23 0 0 11 0 0 0 0 
35 92 46 58 0 28 0 21 59 67 0 0 0 66 59 56 
0 0 0 36 0 0 72 40 0 0 24 0 19 0 0 
0 0 59 62 97 85 19 62 36 44 0 0 43 73 
25 0 89 36 46 0 0 0 0 42 62 6 91 
0 100 90 0 0 0 75 25 0 56 0 0 
0 61 0 59 0 0 2 56 99 24 0 
49 0 0 0 61 0 88 0 0 24 
99 2 0 33 0 89 74 0 31 
69 51 0 0 22 60 0 97 
0 0 6 0 0 100 0 
73 98 0 0 0 57 
0 0 58 53 0 
21 0 52 0 
53 0 0 
51 52 
0 

#i: 21
96 54 0 64 27 0 0 0 2 36 7 80 0 0 0 1 99 0 20 63 0 0 
0 4 0 11 0 9 97 0 0 41 5 72 0 0 0 29 99 72 0 91 0 
48 47 0 0 0 0 70 0 0 13 0 0 91 12 0 15 0 34 0 15 
0 0 33 44 0 0 87 37 0 75 42 93 0 0 0 0 0 0 11 
0 85 0 0 24 0 0 0 54 0 90 0 0 78 0 11 43 0 
45 5 32 0 66 0 0 54 0 100 0 95 28 0 0 0 0 
31 75 4 0 0 77 13 17 80 27 2 0 1 0 0 0 
14 9 0 10 92 0 26 0 0 59 0 25 0 86 90 
0 40 0 0 1 0 0 19 0 76 0 0 69 60 
0 4 41 44 83 0 14 67 0 0 0 84 98 
29 0 69 0 0 78 0 37 0 0 32 35 
0 27 17 60 0 78 0 38 0 85 67 
0 0 39 34 0 8 0 0 37 0 
0 67 0 83 0 0 0 0 0 
0 75 0 0 0 51 24 0 
31 84 0 13 0 0 94 
28 0 53 0 0 68 
0 4 38 60 91 
68 0 45 3 
71 0 35 
18 4 
0 

#i: 22
98 74 87 64 12 0 0 0 33 11 31 0 0 73 0 0 0 0 0 0 99 
72 0 0 0 0 0 93 6 66 73 96 0 33 82 0 0 33 90 86 95 
56 0 21 0 93 0 0 64 0 89 95 0 0 76 47 35 42 19 72 
76 20 0 0 0 0 0 0 85 6 52 0 0 0 0 73 37 99 
17 12 0 21 40 71 0 0 82 39 34 0 0 0 8 0 56 
0 61 57 0 16 0 4 0 0 89 33 0 0 0 0 0 
0 0 77 0 26 0 23 0 0 0 9 0 81 35 0 
0 0 41 36 0 49 0 8 0 0 13 0 0 90 
91 51 31 34 0 0 0 0 99 96 0 72 65 
0 0 22 47 0 0 90 0 0 33 97 38 
41 94 0 0 0 0 0 77 79 52 81 
0 0 0 70 0 0 58 0 0 0 
0 79 24 0 24 1 0 0 0 
0 0 68 0 45 74 94 0 
0 0 67 0 0 50 22 
99 46 94 34 91 56 
0 31 0 73 53 
28 0 0 93 
0 39 77 
68 0 
81 

#i: 23
14 55 0 38 53 0 98 0 0 0 0 0 0 15 77 25 0 96 67 61 
0 0 68 17 61 9 80 34 16 0 9 63 0 0 8 100 18 77 0 
0 22 0 0 0 0 0 0 0 46 0 62 0 0 28 0 0 0 
49 83 0 47 0 83 62 96 0 74 0 31 1 0 52 74 1 
0 88 71 0 0 0 0 4 22 0 0 0 0 50 0 16 
2 20 0 0 0 83 0 70 8 0 71 0 0 0 0 
96 18 0 0 43 0 0 52 33 48 0 0 32 83 
0 62 0 47 0 11 79 81 12 63 0 0 46 
4 0 0 57 0 18 62 0 0 0 45 22 
0 66 0 37 30 0 0 0 99 86 0 
58 54 0 78 0 98 85 90 33 21 
50 0 53 37 0 54 8 0 0 
99 47 0 0 0 0 0 64 
30 0 0 87 64 0 17 
3 41 100 0 0 80 
0 28 0 61 20 
0 69 41 0 
79 0 46 
51 49 
95 

#i: 24
0 36 0 82 94 0 0 93 91 37 0 5 32 90 66 0 0 55 41 
28 5 95 0 0 53 0 0 33 41 71 0 51 0 54 0 0 0 
0 98 78 88 12 52 0 0 0 51 0 15 0 0 0 0 73 
16 0 20 52 17 0 97 21 0 0 6 76 0 25 85 38 
86 0 80 0 0 83 95 0 73 82 87 61 0 91 22 
10 0 96 0 0 64 0 44 11 0 0 0 0 37 
0 0 30 2 0 0 0 55 67 99 82 41 9 
0 32 0 0 0 0 76 0 0 63 0 9 
94 0 0 35 0 20 0 47 99 0 33 
35 0 60 0 59 28 46 0 65 0 
0 0 0 38 27 23 0 0 80 
0 0 81 41 4 0 0 81 
45 0 56 71 0 0 0 
77 0 0 21 0 0 
0 97 0 0 0 
0 0 0 0 
0 100 61 
96 0 
0 

#i: 25
86 74 0 74 86 5 94 0 35 32 79 14 0 69 78 0 70 7 
0 0 37 49 0 0 9 0 82 97 0 42 11 65 0 0 0 
98 92 46 59 0 99 89 53 88 0 70 0 0 14 0 0 
66 6 0 0 6 0 0 21 0 0 51 2 40 89 0 
28 81 30 24 21 60 0 2 0 0 100 0 0 89 
60 0 0 27 0 69 49 69 53 65 23 0 0 
0 0 0 58 0 92 48 78 18 18 0 70 
60 0 0 57 68 75 16 77 6 0 61 
15 0 14 0 0 97 0 55 50 0 
0 0 10 0 0 0 83 43 74 
38 0 0 4 19 27 3 95 
18 50 0 0 86 74 43 
89 0 13 2 50 24 
23 5 83 60 10 
46 70 62 9 
0 14 4 
0 10 
0 

#i: 26
55 55 0 47 93 0 6 0 0 0 0 0 0 76 52 50 71 
67 0 0 29 76 0 0 52 0 76 5 78 0 0 0 91 
97 34 52 97 85 55 0 0 0 0 42 0 10 0 76 
0 0 29 0 0 0 83 0 24 45 0 0 47 90 
12 44 96 48 0 5 11 51 89 89 0 0 0 
0 68 0 96 0 0 0 0 0 0 0 49 
0 37 0 0 0 0 44 0 13 34 92 
94 0 83 0 0 61 0 70 0 0 
0 5 27 74 54 35 67 20 50 
30 0 12 67 0 0 89 75 
0 75 0 22 10 0 1 
0 54 53 83 0 0 
89 66 30 0 99 
21 0 0 0 
0 70 0 
0 2 
90 

#i: 27
0 40 0 84 84 4 0 0 0 52 20 0 0 99 15 85 
0 0 0 22 0 0 0 33 0 37 0 0 90 0 0 
0 88 86 21 4 80 32 75 88 0 43 93 0 46 
10 0 0 5 0 0 0 0 43 0 63 90 0 
0 59 47 17 0 0 98 0 85 15 0 84 
0 28 3 0 27 0 0 90 45 0 0 
0 82 0 0 0 0 0 86 60 47 
0 55 0 32 59 0 40 0 26 
14 45 71 0 0 0 0 21 
93 60 0 0 1 0 0 
0 64 58 0 95 5 
0 0 55 0 0 
0 4 87 7 
6 13 93 
0 0 
3 

#i: 28
0 0 6 24 0 73 76 19 9 61 0 22 0 68 0 
0 83 89 61 0 19 49 0 0 52 0 4 50 0 
0 96 0 67 0 95 84 94 0 0 0 3 0 
14 33 6 0 0 0 6 86 0 0 0 0 
0 0 0 0 3 86 0 0 93 0 69 
45 0 0 75 47 0 0 73 87 77 
13 9 0 77 38 37 0 0 7 
77 91 0 0 0 0 0 0 
100 96 0 92 0 0 42 
0 34 23 0 0 0 
0 0 0 0 0 
0 99 0 0 
11 0 50 
28 66 
0 

#i: 29
0 11 0 16 81 0 14 0 17 0 0 0 0 0 
0 0 53 0 0 81 0 0 0 53 0 37 14 
51 0 66 0 0 0 0 0 0 0 78 0 
34 0 74 65 93 0 0 63 0 47 0 
0 0 0 1 0 0 0 0 99 0 
81 43 0 23 93 26 50 78 52 
25 43 55 42 60 0 34 42 
36 0 0 85 19 87 16 
74 67 85 0 0 21 
12 0 86 97 0 
0 90 19 0 
65 0 0 
22 0 
3 

#i: 30
21 13 91 0 70 26 0 3 48 0 0 0 0 
21 0 74 0 0 0 68 0 93 91 0 65 
0 0 45 0 43 0 0 0 0 26 64 
19 92 43 79 0 72 46 64 9 55 
0 0 0 0 9 64 0 75 0 
0 0 4 61 38 0 0 56 
86 8 86 24 82 29 0 
4 0 0 67 0 0 
0 0 43 16 45 
0 0 38 32 
75 16 30 
0 59 
0 

#i: 31
0 0 95 93 0 0 0 0 50 0 0 0 
39 67 0 49 0 22 0 9 0 83 89 
25 71 0 0 0 0 36 17 0 0 
0 19 0 54 49 0 0 84 0 
50 0 67 0 61 0 0 13 
0 22 0 0 0 1 0 
0 94 5 90 0 30 
0 0 11 96 0 
6 8 0 78 
0 0 51 
70 0 
0 

#i: 32
0 49 0 11 0 19 75 98 0 0 0 
0 0 0 57 0 37 0 0 72 33 
34 21 1 94 0 77 0 0 0 
74 41 78 56 49 0 0 38 
96 0 86 0 0 0 0 
0 81 66 51 12 0 
81 0 60 91 85 
57 54 0 0 
0 66 56 
0 0 
0 

#i: 33
0 50 0 76 38 0 93 51 0 54 
0 55 79 2 0 0 0 0 96 
15 0 0 65 25 0 0 0 
13 65 17 0 0 0 16 
7 26 66 79 28 17 
39 0 0 66 0 
39 0 0 0 
52 0 0 
83 0 
0 

#i: 34
0 59 61 0 54 7 0 0 0 
55 15 0 95 0 27 0 67 
18 49 6 37 0 0 0 
90 0 0 0 0 0 
94 0 0 28 27 
0 0 0 0 
0 16 73 
0 69 
33 

#i: 35
0 0 70 0 0 0 0 83 
81 65 0 62 96 0 51 
0 0 54 97 0 0 
90 0 0 0 0 
0 0 0 11 
0 0 55 
53 37 
0 

#i: 36
59 0 68 0 52 0 5 
36 0 0 22 24 24 
0 0 0 0 39 
0 26 66 0 
21 29 19 
71 50 
99 

#i: 37
0 0 10 3 0 0 
0 0 41 55 0 
72 64 0 0 
0 26 0 
84 93 
63 

#i: 38
99 62 13 57 9 
0 95 68 81 
0 87 0 
0 60 
42 

#i: 39
37 54 0 44 
0 0 68 
51 20 
0 

#i: 40
55 0 96 
0 0 
0 

#i: 41
0 0 
0 

#i: 42
25 

#i: 43

#i: 44

ckp-45-0.5.txt