#number of items n
55

#knapsack capacity b
801

#constraint coefficients a
45 27 41 22 43 26 30 12 47 9 24 39 8 18 5 14 24 50 4 32 36 40 2 36 29 36 17 20 46 37 46 2 11 47 25 43 34 13 13 26 31 3 35 32 12 23 28 8 1 2 2 27 28 48 12 

#linear coefficients c
59 0 0 0 0 0 0 0 0 0 0 74 0 0 0 0 0 0 0 75 96 4 0 0 45 0 0 0 0 99 0 42 65 0 78 0 0 0 0 86 0 0 0 0 0 91 0 48 59 0 69 0 0 0 0 

#quadratic coefficients C: i < j
0 0 0 0 0 54 0 0 0 0 0 29 0 0 0 0 0 0 0 27 90 90 0 0 0 0 24 79 73 69 0 0 0 0 6 0 0 0 0 0 12 0 17 13 98 0 13 0 21 0 0 0 0 0 
0 0 0 34 12 0 94 0 20 0 0 0 0 0 0 0 0 0 0 0 0 0 17 0 0 0 0 0 56 90 0 0 47 0 0 51 79 71 84 0 0 0 0 0 68 0 0 87 0 0 0 70 88 
89 0 84 0 54 0 0 0 0 72 0 0 9 0 0 0 0 0 0 0 0 0 0 85 0 30 0 0 0 0 12 15 0 0 0 0 0 0 0 0 0 0 24 0 0 0 0 71 35 45 21 0 
0 0 0 0 88 0 0 43 0 0 0 0 94 0 20 0 65 0 0 2 37 0 94 0 0 0 0 2 29 0 0 0 0 71 65 68 0 0 31 42 25 0 0 0 0 0 0 42 28 0 0 
52 0 85 0 0 0 0 0 0 0 1 0 10 0 0 0 0 0 0 0 30 0 0 0 0 81 27 25 0 25 0 0 0 0 0 0 0 47 0 30 0 26 14 0 0 0 0 0 20 0 
0 0 85 0 0 0 0 0 45 0 87 0 0 0 31 90 0 0 0 0 0 0 0 2 0 84 0 66 0 21 0 0 0 0 0 67 0 0 4 8 0 0 0 0 0 0 0 0 0 
0 0 9 0 0 0 45 0 0 90 0 0 0 57 0 0 40 0 84 0 0 0 0 0 10 0 0 0 40 0 61 0 97 0 0 0 0 0 0 0 85 0 0 0 0 0 0 0 
0 64 0 0 77 0 0 0 0 0 50 0 45 0 61 0 0 2 74 70 0 0 0 0 34 64 0 0 0 0 0 0 0 0 15 0 0 0 0 0 0 0 0 0 0 0 36 
0 0 0 0 89 0 84 0 0 57 0 0 0 22 0 0 0 0 0 0 25 0 54 25 0 0 0 92 94 0 0 0 0 0 80 84 0 0 0 91 0 0 21 0 0 0 
0 0 98 94 5 0 0 0 0 0 0 91 0 0 0 0 0 0 0 0 94 55 0 0 0 0 0 20 43 0 0 0 0 0 0 29 19 100 0 0 99 0 0 89 0 
51 0 0 0 0 71 0 0 0 0 0 55 0 15 0 0 0 12 0 0 0 91 0 0 0 83 0 0 0 0 0 0 82 0 0 31 47 0 0 0 0 17 0 26 
0 0 0 0 63 0 0 0 25 0 0 85 78 0 0 54 0 0 0 0 0 0 0 64 0 0 0 0 0 5 0 0 0 72 70 89 0 0 12 0 0 0 53 
35 0 0 0 6 0 0 0 0 31 0 0 0 8 36 0 0 0 0 94 0 0 0 0 0 0 0 0 72 0 0 0 0 0 0 77 0 16 0 91 0 0 
24 0 0 0 0 0 82 0 0 0 0 85 58 0 7 0 11 0 0 0 32 0 39 0 27 0 0 0 0 99 0 93 0 0 93 5 0 26 0 58 0 
0 0 71 0 42 7 0 0 0 81 0 0 99 88 0 0 0 0 0 0 0 86 0 0 0 98 0 0 35 0 0 0 0 90 0 0 0 21 0 0 
0 0 0 0 0 87 0 40 0 0 0 0 0 0 0 0 0 0 0 0 89 0 86 0 0 0 0 0 89 0 28 0 0 63 0 9 0 0 0 
0 0 0 0 0 91 2 0 78 14 0 0 0 49 35 0 22 0 0 47 0 0 0 0 0 0 0 74 98 0 0 27 0 0 0 0 0 0 
0 0 0 0 63 0 0 19 0 0 0 0 0 0 0 25 0 0 96 77 33 0 0 0 0 0 0 0 0 0 36 0 0 0 0 86 0 
0 0 0 32 0 0 0 0 0 21 0 0 40 0 0 74 71 0 0 0 28 70 0 0 0 0 0 0 0 0 0 0 29 0 0 9 
0 0 0 0 11 0 0 0 0 62 0 0 0 0 29 0 0 0 0 0 0 0 1 0 0 0 0 56 8 0 0 0 0 0 0 
49 0 0 0 13 26 83 0 0 0 0 38 0 0 0 0 0 42 0 0 0 0 0 23 0 0 0 0 0 0 48 19 0 0 
0 0 0 0 0 68 0 0 56 0 0 0 0 0 19 0 32 0 35 0 0 0 1 0 0 0 31 0 0 0 0 0 0 
0 0 0 53 0 0 21 0 0 0 48 0 89 65 0 43 0 0 0 0 7 0 95 61 0 0 0 48 0 35 0 0 
0 96 60 0 0 0 0 0 0 12 0 0 70 0 0 0 30 69 0 36 0 0 0 39 0 0 0 0 0 97 0 
89 39 0 87 0 41 0 0 12 0 0 0 4 0 32 0 0 0 0 18 0 0 0 0 0 0 0 38 0 0 
0 0 48 0 0 0 77 0 0 0 0 0 0 0 0 0 0 0 94 61 0 0 0 0 88 94 0 0 46 
27 0 0 50 0 90 0 70 0 0 21 0 0 0 75 0 0 20 0 0 0 41 0 0 0 0 0 0 
0 0 0 12 0 0 48 0 0 0 0 5 35 0 0 0 0 19 82 0 0 0 0 0 0 0 0 
33 0 0 0 0 0 0 31 35 0 60 28 0 16 0 0 0 0 0 96 18 0 0 0 0 0 
0 0 42 54 0 74 0 0 0 0 0 0 0 46 65 0 0 0 0 0 51 82 0 0 0 
0 0 0 0 0 65 0 0 0 39 0 0 0 0 0 0 0 24 34 0 0 37 0 0 
0 0 32 67 0 0 57 0 0 0 0 0 77 0 76 0 5 0 25 0 0 0 0 
0 0 0 0 38 78 0 0 0 0 0 0 0 0 80 0 0 0 0 0 66 6 
50 0 0 0 0 0 0 0 0 0 0 0 0 0 0 0 0 0 72 71 0 
0 0 0 0 0 0 0 0 40 0 74 0 0 23 15 0 0 89 0 42 
0 0 0 0 0 0 14 0 55 0 80 0 0 4 0 0 0 0 58 
0 65 0 0 0 68 0 0 92 0 0 0 0 0 0 56 0 0 
0 0 0 0 0 0 0 0 83 0 0 66 63 0 77 92 0 
0 0 0 0 0 0 100 87 0 0 0 0 0 25 0 0 
0 0 0 0 0 0 0 0 0 0 0 47 70 0 51 
0 0 0 0 82 0 46 0 0 0 0 33 0 0 
0 0 0 0 0 0 0 0 38 0 0 74 0 
0 0 0 0 0 0 92 0 0 0 0 0 
0 0 0 0 0 0 0 0 0 84 0 
0 0 0 0 0 0 4 0 0 0 
0 0 0 0 0 83 0 0 55 
0 0 0 0 0 0 0 64 
0 0 0 0 0 0 0 
0 0 0 26 28 67 
50 0 0 100 0 
39 0 0 0 
80 0 0 
64 0 
1 

#cubic coefficients D: i < j < k
#i: 0
0 0 72 0 0 0 0 1 1 0 0 58 0 0 0 3 24 0 0 0 0 0 0 0 86 0 0 0 0 0 0 0 0 0 0 0 0 0 0 0 46 55 0 0 0 0 0 0 0 0 0 0 65 
0 0 0 0 0 0 0 0 79 0 3 93 0 54 0 0 28 22 0 0 0 0 34 0 0 0 76 0 0 0 0 0 0 0 0 0 0 0 0 0 25 0 0 0 0 0 0 0 0 0 0 0 
0 81 46 36 0 0 0 75 32 0 0 0 0 0 66 0 0 0 0 0 0 21 0 0 0 0 0 0 0 0 81 0 0 0 0 0 0 0 0 44 0 0 89 0 0 0 36 0 0 0 0 
0 38 0 0 0 0 0 0 0 0 0 0 0 0 0 0 0 0 0 3 0 0 0 0 0 0 0 0 0 0 0 0 47 92 0 0 0 0 0 0 90 0 0 0 0 0 0 0 0 93 
79 0 1 0 0 0 0 0 0 0 82 0 91 21 0 0 0 0 87 0 0 0 5 0 0 41 0 27 0 0 0 55 0 0 35 0 2 19 0 0 33 0 76 0 0 0 0 0 0 
0 0 0 0 0 0 6 0 0 0 0 0 0 0 27 0 94 0 0 7 0 0 0 65 0 0 0 0 0 0 87 0 0 0 0 0 30 85 0 0 0 65 66 0 0 27 40 3 
0 0 0 74 0 0 76 46 0 0 0 0 74 0 0 0 72 100 0 0 88 40 0 32 58 0 19 93 0 0 0 21 0 80 74 0 47 0 0 52 45 59 0 0 0 0 0 
0 0 0 0 0 0 0 55 0 0 0 0 0 0 0 0 0 0 27 0 0 0 0 0 0 0 0 48 0 0 33 0 0 0 0 0 8 0 0 0 0 0 49 58 0 0 
0 24 0 0 0 0 0 0 34 0 0 0 0 0 0 0 0 0 0 0 0 0 2 2 0 0 0 0 0 0 0 0 0 0 0 0 0 0 85 34 0 0 71 0 1 
0 1 0 0 0 96 0 0 8 0 19 5 0 0 32 14 0 44 0 0 0 0 0 0 53 0 93 0 0 72 0 64 0 78 0 0 0 0 97 71 0 0 57 0 
97 0 0 69 58 0 0 42 0 62 0 49 0 0 43 0 0 0 0 0 51 36 0 0 4 0 0 0 0 0 0 66 0 0 0 0 0 0 0 5 62 0 42 
0 0 0 0 0 0 0 25 0 0 17 51 0 0 0 0 99 0 0 0 0 57 0 20 0 0 0 0 0 0 84 26 9 0 0 0 0 0 0 0 0 0 
0 45 0 0 0 0 0 0 0 0 0 0 0 0 75 0 0 0 91 0 0 0 0 0 0 0 89 0 34 0 32 0 0 0 0 0 0 0 25 0 11 
50 62 0 93 0 0 68 61 0 8 0 0 12 60 0 0 0 0 0 6 0 0 0 0 0 22 24 0 0 0 65 0 0 0 0 0 0 0 0 0 
61 0 0 51 0 0 0 0 0 0 0 0 0 43 0 0 0 0 0 0 0 0 22 0 0 0 10 0 0 0 0 0 0 20 20 0 0 0 0 
0 46 70 51 0 0 0 0 82 49 45 0 45 0 73 0 74 16 0 27 0 0 0 0 0 31 55 91 0 0 96 0 0 54 0 0 0 0 
0 0 8 52 0 0 0 0 0 0 0 0 0 0 0 0 0 0 1 0 0 0 0 99 0 0 73 0 69 55 0 0 0 54 42 0 25 
0 66 0 0 98 0 0 0 3 12 0 0 0 0 0 96 34 5 0 0 0 0 0 0 91 0 0 9 0 0 0 0 0 5 0 42 
0 21 0 0 51 0 20 0 0 0 0 0 0 0 70 0 0 0 0 0 0 12 0 0 0 0 0 0 0 0 0 0 0 99 73 
78 24 0 0 0 82 0 0 0 0 0 14 0 0 0 0 24 0 35 0 0 81 0 73 0 0 0 0 0 0 85 0 0 0 
0 95 0 0 0 88 0 33 0 77 0 0 0 0 0 0 0 0 0 0 48 0 0 0 0 0 31 0 30 0 56 0 64 
19 13 61 16 0 5 0 0 0 0 0 0 0 0 0 0 22 0 0 0 0 0 56 0 0 0 0 0 0 96 0 95 
0 94 0 0 0 0 0 0 0 0 22 99 0 0 0 0 0 0 0 84 0 0 0 31 0 0 0 0 51 35 0 
0 21 0 0 0 37 0 16 62 13 0 0 0 0 0 44 75 13 0 0 0 21 0 0 0 0 0 0 7 0 
0 0 0 0 0 0 0 100 0 99 0 0 0 0 71 0 0 89 0 0 0 0 0 32 31 51 0 0 0 
45 8 38 97 0 0 0 0 0 0 0 0 0 0 0 0 0 0 0 0 0 0 0 0 0 0 0 0 
0 0 0 0 59 0 0 0 0 52 88 0 0 26 0 0 0 9 0 92 0 0 58 39 0 0 0 
0 27 0 0 6 0 99 0 0 0 0 0 0 31 1 12 0 0 91 0 77 0 11 0 35 0 
0 0 26 0 0 30 0 0 0 81 0 0 0 2 37 0 0 0 0 0 0 0 0 0 92 
0 0 82 0 0 0 0 0 0 0 96 0 0 0 30 32 26 0 0 0 0 36 0 0 
0 0 0 0 0 0 0 0 0 0 0 0 0 0 79 0 0 26 0 0 0 91 0 
75 0 0 0 0 0 0 0 11 0 0 0 0 0 0 0 0 0 65 0 0 0 
0 46 0 0 0 0 0 0 0 76 0 0 0 55 0 0 0 0 0 0 0 
0 0 0 46 0 0 0 0 0 0 84 56 0 0 0 0 0 80 0 0 
0 0 0 0 0 0 0 70 0 29 0 0 0 0 41 0 0 0 0 
0 0 0 0 0 0 0 70 0 0 0 0 0 49 34 61 0 0 
61 0 0 0 0 0 0 0 0 0 0 43 14 0 0 0 0 
0 0 20 36 77 0 0 0 86 0 0 36 0 0 0 0 
0 0 0 0 0 55 0 11 0 0 0 0 0 0 41 
0 0 0 0 94 0 0 0 61 0 0 59 0 0 
0 0 0 72 0 0 0 0 0 0 55 0 0 
0 0 0 0 0 0 0 0 0 0 0 0 
0 56 26 0 0 64 25 0 0 0 0 
0 0 37 0 0 0 29 0 0 0 
76 0 0 0 0 0 0 0 0 
0 20 12 0 0 0 0 0 
0 0 66 0 63 0 0 
0 0 16 100 16 0 
18 0 0 0 0 
0 51 0 79 
0 100 0 
0 0 
0 

#i: 1
8 0 0 0 60 0 0 0 0 10 52 0 14 0 0 0 92 0 99 0 0 0 0 67 0 0 7 74 28 0 0 0 0 0 0 47 0 53 0 0 0 0 0 0 31 45 82 0 26 6 0 0 
0 0 86 8 0 0 36 51 0 0 0 10 72 0 0 37 0 0 35 56 21 0 0 0 40 0 0 4 18 0 0 0 38 0 0 0 19 74 0 0 0 0 93 0 16 55 42 42 0 0 0 
0 0 0 87 12 0 0 53 0 0 0 46 0 0 0 5 0 0 0 45 0 0 0 0 79 36 51 0 0 0 0 0 0 0 0 0 0 0 6 23 40 82 0 0 90 0 40 0 0 0 
0 0 0 0 0 84 0 0 4 0 0 0 0 0 0 21 0 76 52 0 15 0 0 68 0 0 0 0 0 55 0 0 0 0 0 0 33 0 0 53 0 0 0 0 0 0 0 79 0 
0 0 0 37 0 82 0 24 0 0 0 0 0 28 0 0 0 56 84 0 0 0 0 0 0 0 0 0 0 0 0 92 0 88 0 7 0 0 41 99 0 40 0 0 74 55 0 68 
0 0 0 1 92 0 27 84 0 0 0 0 0 0 0 0 0 0 0 56 92 0 0 0 87 0 0 46 0 0 0 15 0 0 12 0 76 84 0 0 0 0 50 40 81 0 0 
0 0 91 0 0 0 0 0 18 66 0 49 0 0 0 0 0 0 0 0 0 0 5 27 0 0 0 0 0 0 0 0 0 0 0 0 0 0 0 0 0 0 0 4 0 0 
0 0 0 0 0 0 0 0 15 0 0 0 0 0 0 0 0 0 0 0 0 0 0 40 0 0 25 0 0 0 61 0 84 40 0 76 0 0 0 0 0 0 0 0 70 
59 10 40 0 0 77 0 44 0 0 74 43 0 0 0 0 0 4 0 85 22 0 1 40 0 0 67 0 0 0 0 0 89 0 0 0 0 0 64 0 21 43 0 76 
0 40 0 0 81 0 31 79 54 58 0 0 0 97 0 0 40 0 0 0 0 0 0 87 59 34 0 0 0 0 0 40 0 0 0 33 0 0 0 0 0 0 0 
37 26 0 0 0 0 0 0 0 0 0 0 0 0 14 0 48 0 0 80 0 0 0 0 30 0 0 0 0 0 52 0 0 65 0 0 0 27 0 0 0 0 
0 74 0 1 74 0 0 42 47 0 0 0 0 0 0 0 0 45 0 0 0 0 0 66 19 0 0 0 0 0 0 0 0 0 7 0 0 38 0 0 0 
0 0 40 0 19 13 85 0 0 0 0 8 0 0 0 81 0 0 0 0 0 0 71 23 0 0 0 0 0 34 0 48 0 0 61 0 0 4 0 0 
37 63 0 0 4 0 0 0 0 74 0 68 0 0 3 0 0 84 0 0 0 0 0 0 0 0 0 0 0 0 0 0 25 0 0 0 0 19 0 
0 0 0 0 0 0 0 75 56 0 0 0 61 0 0 0 52 0 76 0 22 0 0 0 0 0 0 0 24 0 0 0 0 0 0 83 0 0 
53 0 0 0 0 0 0 0 65 0 0 0 92 0 0 0 92 0 0 0 0 0 19 60 3 0 0 0 66 61 0 0 0 0 0 0 0 
0 0 0 16 0 0 0 20 0 0 97 4 0 0 29 0 0 99 0 82 21 0 0 0 0 85 0 0 0 78 0 0 0 79 0 0 
0 90 74 0 0 0 0 0 0 2 54 19 0 0 0 0 80 0 0 0 0 0 0 91 0 0 0 0 48 0 0 0 0 23 0 
0 0 27 0 63 0 57 19 0 0 0 37 0 44 68 0 0 39 0 0 0 0 0 0 0 0 41 0 0 0 0 0 88 22 
15 0 0 0 0 29 69 0 0 0 0 0 0 0 0 0 0 0 0 0 0 0 37 81 76 26 31 0 0 0 0 68 0 
0 0 0 0 0 0 0 0 0 0 0 0 0 0 84 0 0 44 0 0 0 63 0 0 0 13 0 0 0 0 0 0 
0 0 98 0 0 0 0 28 0 31 0 0 0 0 0 0 0 0 0 0 0 0 0 80 0 0 0 0 0 0 0 
0 0 0 0 0 0 0 0 48 0 0 0 0 0 0 0 0 0 84 0 0 0 0 38 0 0 0 0 0 0 
0 0 0 80 0 52 0 0 0 76 24 0 0 0 0 0 0 83 0 0 96 0 0 0 96 0 0 33 0 
0 0 0 0 0 0 0 0 0 0 0 74 0 0 0 76 0 0 30 0 0 0 0 96 0 24 42 0 
0 36 0 0 0 0 21 0 0 0 41 0 0 0 0 0 0 65 0 0 57 0 0 42 0 0 0 
0 0 20 0 0 0 0 0 97 0 0 0 0 0 0 0 0 43 60 1 0 75 0 0 26 0 
0 0 72 9 0 0 0 18 0 71 0 0 0 0 0 0 0 0 0 74 91 32 0 0 60 
0 0 64 0 47 0 83 9 0 0 0 0 0 0 100 0 0 0 0 0 100 0 0 0 
0 0 0 0 64 86 0 38 18 0 0 0 0 0 0 88 0 0 0 6 0 0 17 
0 0 22 0 0 0 0 0 69 0 13 0 0 0 0 0 29 0 0 50 0 0 
0 0 0 0 85 0 0 0 26 0 0 0 0 0 0 0 0 35 0 0 80 
0 69 0 0 0 0 0 0 0 0 0 0 0 51 0 0 0 0 49 0 
0 0 0 0 66 0 0 0 0 0 0 0 3 0 0 0 43 80 0 
0 92 0 0 0 0 45 7 0 17 0 0 0 0 0 0 0 0 
0 63 87 0 0 0 44 0 0 23 0 0 0 0 69 80 0 
0 0 0 0 0 9 0 0 0 0 0 0 0 0 10 0 
26 0 0 0 78 0 0 0 0 35 0 18 39 0 0 
0 0 0 0 0 0 0 0 53 54 0 74 0 0 
23 0 44 44 0 0 0 60 22 0 25 73 0 
0 31 0 0 0 0 0 0 0 0 19 0 
0 0 40 0 0 0 0 1 0 0 0 
0 0 0 0 66 0 0 34 43 0 
0 0 95 0 36 0 0 42 0 
0 0 0 0 0 0 0 0 
0 58 0 0 0 13 60 
0 0 0 0 5 0 
0 0 7 0 17 
0 0 0 14 
81 0 100 
0 87 
0 

#i: 2
0 26 0 0 0 0 0 0 0 0 0 0 0 0 58 0 0 24 0 0 75 93 0 0 1 0 0 0 0 0 0 0 0 0 0 100 0 0 0 0 61 0 0 0 98 16 0 0 0 0 0 
0 90 73 0 85 67 0 0 0 0 0 0 0 0 0 0 0 0 0 45 69 0 0 0 77 27 0 54 46 31 0 0 12 0 0 28 0 0 0 0 0 0 0 85 50 0 85 0 0 0 
0 0 7 0 60 10 0 0 0 0 0 23 0 0 0 0 0 69 0 39 0 0 0 6 0 11 31 0 14 0 0 0 0 29 83 0 0 0 0 0 0 0 0 52 0 32 0 0 0 
0 0 69 0 0 0 0 0 0 0 0 0 31 0 76 0 54 0 73 0 49 0 15 0 0 0 0 0 0 0 0 91 0 0 20 44 0 2 0 85 0 0 0 19 0 41 0 0 
73 0 31 0 0 63 76 79 0 0 0 0 64 0 0 0 0 0 0 0 0 0 0 0 0 82 53 0 0 0 0 0 0 0 0 0 0 0 0 0 0 0 0 0 0 0 0 
72 0 0 0 0 0 0 0 36 0 0 0 0 76 98 0 0 0 0 0 0 0 0 0 0 0 85 0 0 44 0 0 0 0 0 54 50 0 0 0 7 0 14 0 0 0 
0 0 0 0 0 0 0 0 55 0 0 0 0 65 0 0 0 100 0 0 0 0 0 0 18 45 96 0 0 0 0 0 0 0 51 0 17 0 0 0 0 0 0 0 0 
0 0 0 0 18 0 2 0 51 0 0 0 0 0 95 0 57 0 0 0 0 0 0 0 0 0 0 0 0 0 24 31 0 21 0 0 0 74 0 79 0 0 5 1 
47 48 50 0 0 0 0 0 0 0 0 0 5 0 0 0 54 0 0 0 0 82 97 0 0 0 63 0 0 0 0 0 65 0 0 0 0 0 0 69 0 0 0 
29 35 0 7 0 0 0 0 0 58 22 0 0 0 97 0 54 0 100 0 0 0 0 52 0 0 0 0 0 56 0 0 0 0 0 0 0 0 26 0 88 61 
0 0 18 0 0 0 0 0 0 0 0 32 0 41 56 0 0 0 0 42 34 45 0 0 0 0 0 85 0 3 0 0 0 0 0 0 0 0 4 0 0 
0 0 8 0 0 0 0 0 59 0 50 0 49 0 0 0 0 0 0 63 0 63 0 0 0 0 0 7 30 0 0 0 0 0 0 0 75 0 73 0 
6 23 32 0 36 0 0 0 0 94 0 48 0 0 0 0 0 6 0 0 0 72 0 0 0 0 99 0 92 0 0 0 87 0 0 0 0 0 30 
0 0 0 0 0 0 0 0 0 0 34 0 0 3 0 0 0 26 0 0 0 0 5 0 0 0 0 0 0 99 0 0 56 0 39 70 7 0 
0 80 2 93 0 0 0 100 10 0 0 0 0 58 0 0 0 0 0 0 0 0 72 0 0 82 0 0 0 0 0 0 0 0 0 0 0 
49 0 76 0 0 0 0 0 0 0 0 0 46 0 0 0 0 29 0 0 0 17 0 0 0 0 0 0 28 0 35 0 0 0 0 0 
0 0 0 0 0 48 0 0 89 28 11 0 0 0 0 30 0 22 29 59 0 0 0 0 0 61 0 0 0 0 0 0 0 0 0 
0 77 0 0 0 0 0 0 0 0 0 0 0 0 0 66 0 0 55 0 0 0 0 0 13 0 0 0 89 0 0 23 44 0 
0 0 0 51 0 76 51 0 0 0 0 0 0 59 0 0 61 0 0 17 0 0 0 0 0 0 0 71 0 0 29 0 0 
0 0 0 0 0 0 0 0 16 0 0 77 0 0 0 0 0 0 0 0 0 0 0 0 0 0 0 10 0 0 52 0 
48 0 0 9 0 0 0 0 0 0 0 0 0 0 0 0 0 0 0 0 0 54 0 0 0 0 0 34 0 0 0 
0 0 0 0 0 0 0 0 36 19 81 44 0 0 0 0 89 43 0 0 0 0 0 0 0 0 0 0 0 0 
0 14 0 0 0 0 0 0 0 0 0 0 15 0 0 0 96 50 24 34 31 0 99 0 27 0 0 22 1 
12 0 0 37 0 0 0 91 0 87 50 0 22 0 0 83 0 0 0 6 82 0 0 0 0 0 0 59 
0 0 0 0 0 62 0 35 0 0 14 0 0 0 0 0 31 0 0 14 0 0 0 18 0 0 0 
0 5 52 0 0 0 0 0 0 0 0 0 96 45 0 0 81 0 57 0 0 0 49 55 0 62 
0 0 0 0 0 0 63 0 0 0 20 0 74 0 47 0 0 0 0 0 58 0 0 0 56 
0 31 75 0 0 0 31 0 0 75 0 0 0 0 0 0 52 0 0 0 0 0 0 0 
0 0 0 0 0 0 18 0 29 0 0 0 0 0 0 18 0 13 0 0 0 0 0 
0 0 3 0 0 0 51 85 0 0 0 9 0 55 0 0 0 0 0 0 0 75 
9 100 0 0 0 0 34 41 39 0 72 0 50 25 0 35 0 0 0 0 0 
0 12 0 91 0 71 0 30 0 0 0 6 48 0 0 100 0 1 0 86 
0 0 0 0 0 0 0 57 0 0 0 0 0 0 0 0 0 0 0 
83 0 0 0 0 0 0 0 0 82 60 90 0 55 0 39 0 29 
27 42 0 0 0 0 0 20 54 0 0 0 10 0 0 12 6 
0 0 0 0 92 18 0 0 3 0 0 0 0 0 0 0 
0 0 78 0 0 30 0 0 0 64 0 22 0 56 39 
0 0 0 86 45 0 0 0 70 0 0 0 0 0 
0 0 0 0 0 20 0 0 0 0 24 0 0 
84 0 0 0 0 0 0 0 0 0 0 0 
0 54 0 0 38 0 6 0 0 0 0 
0 0 0 0 0 10 38 0 0 0 
0 0 0 0 0 0 0 0 0 
20 0 0 67 0 99 92 57 
0 51 0 0 81 31 0 
0 0 0 0 0 0 
15 0 0 5 0 
0 0 0 0 
0 0 0 
0 61 
0 

#i: 3
0 0 0 27 43 7 0 0 80 0 0 0 0 78 0 30 0 41 72 0 0 0 94 74 71 0 0 0 0 0 5 0 0 0 72 0 0 0 0 0 0 0 0 0 0 0 100 0 86 0 
0 0 0 0 0 0 0 0 74 14 0 0 0 0 0 46 0 0 0 0 0 82 0 16 0 77 0 0 0 0 42 17 0 0 0 94 0 2 77 76 0 0 0 0 18 82 0 0 0 
0 0 0 0 32 17 0 77 0 0 0 0 0 0 0 20 0 0 0 0 0 83 0 0 0 0 0 0 0 0 0 4 0 0 0 0 0 12 55 0 0 0 0 0 0 0 0 0 
31 0 25 0 0 0 0 0 54 0 0 32 0 0 0 0 21 0 0 0 0 0 85 95 0 49 0 0 0 0 0 37 65 10 61 0 0 0 66 0 0 0 0 0 0 0 0 
0 0 64 0 9 0 0 0 0 42 0 0 0 95 16 41 91 0 74 0 0 0 8 0 0 0 0 0 80 0 0 81 0 88 33 0 0 0 0 0 53 0 0 0 0 0 
27 0 0 58 46 0 0 0 13 0 0 0 10 0 0 0 0 38 0 0 81 0 59 16 0 0 0 0 52 0 93 0 0 0 0 0 0 0 47 26 44 0 0 8 0 
72 56 13 0 0 60 52 0 0 0 0 0 0 0 81 48 45 0 0 0 59 0 0 93 0 37 0 0 22 0 0 0 48 0 41 0 0 40 0 0 0 2 0 0 
0 0 0 0 0 0 0 0 0 50 0 0 0 0 0 0 0 0 76 95 8 88 0 0 0 0 0 0 0 0 25 72 0 0 0 19 84 0 0 19 65 0 0 
0 0 0 0 27 0 0 0 53 0 0 0 0 0 0 0 0 0 0 0 0 0 43 0 0 0 0 0 0 0 0 0 0 0 0 0 0 0 0 0 1 0 
0 0 69 0 0 0 0 0 0 0 19 0 0 41 0 0 0 0 0 0 0 0 0 28 76 0 0 0 10 0 28 0 0 0 79 0 0 0 0 13 0 
0 25 0 97 0 0 48 0 0 0 0 0 0 0 0 0 0 98 0 23 0 0 0 0 70 0 59 0 78 0 0 66 0 0 0 94 79 0 0 0 
11 52 0 15 0 0 0 3 0 0 0 0 0 0 0 0 0 0 0 0 0 0 0 0 0 0 0 70 0 0 0 0 0 0 0 0 0 0 0 
0 15 0 0 0 0 6 0 0 0 0 0 0 0 0 0 0 0 0 0 0 0 0 0 64 71 0 0 65 0 0 6 0 0 0 0 0 0 
0 0 0 0 0 52 0 0 0 0 0 0 0 87 0 82 0 79 0 0 52 0 80 0 0 0 25 98 0 0 0 0 58 0 0 0 0 
61 0 90 0 78 0 0 0 55 0 0 0 0 0 0 0 0 47 66 5 0 0 0 0 0 40 0 0 0 0 0 49 0 0 0 61 
0 0 71 0 0 0 63 0 42 0 0 0 80 0 63 0 31 0 0 5 0 0 0 0 20 0 13 0 0 0 0 99 0 0 0 
0 0 0 0 0 0 0 0 0 0 0 7 0 0 0 45 0 0 0 0 0 0 21 0 0 72 0 0 48 0 0 0 34 0 
0 0 77 0 0 0 0 0 100 0 0 0 0 0 0 0 0 0 3 0 39 48 0 0 92 70 63 4 0 0 70 0 0 
0 79 0 47 52 0 0 0 0 0 0 0 0 0 23 38 0 0 0 0 0 0 0 0 0 0 70 0 0 0 0 0 
0 59 19 0 0 0 0 0 0 0 34 78 0 30 25 0 0 0 36 0 0 0 0 27 0 0 0 16 84 0 0 
0 39 0 11 0 0 39 0 16 0 0 0 0 48 0 30 0 0 0 74 0 17 0 64 92 0 0 75 0 39 
0 0 0 0 0 0 65 0 0 48 0 0 0 0 0 0 0 0 0 14 86 0 94 0 12 0 0 0 32 
0 95 82 0 0 0 22 0 0 0 0 0 0 0 0 0 0 0 93 0 0 0 0 0 0 0 0 0 
32 0 32 0 0 0 0 0 0 0 0 0 0 0 0 0 0 34 25 0 0 48 37 0 0 0 0 
0 84 0 0 0 0 0 0 0 61 0 0 0 31 63 0 0 0 0 0 0 0 0 0 58 0 
12 0 0 22 0 0 0 0 6 0 0 0 0 0 67 20 4 0 0 17 0 76 0 0 0 
50 0 1 0 0 0 0 0 0 25 25 0 0 58 0 0 0 0 0 0 0 0 0 34 
0 0 0 0 0 79 0 0 0 0 99 9 0 0 67 0 0 0 0 0 0 0 45 
90 62 0 0 0 0 0 0 0 0 0 0 0 48 0 0 0 22 0 0 0 0 
0 0 73 0 0 0 26 0 39 0 52 0 0 0 0 0 75 9 73 0 2 
0 0 0 0 6 0 53 0 0 0 36 0 0 0 0 0 0 0 5 0 
0 0 0 0 0 0 0 0 0 0 16 0 0 96 0 69 0 0 4 
67 0 0 0 0 0 0 0 79 0 89 0 0 0 0 0 0 0 
0 17 42 0 0 98 0 0 65 0 0 0 0 0 0 0 0 
0 75 0 0 0 0 0 77 0 0 0 0 0 77 0 0 
98 0 0 0 0 24 0 0 28 0 96 0 0 0 60 
60 0 0 18 0 0 6 0 0 60 0 0 0 83 
65 0 0 47 0 0 19 0 0 0 0 1 0 
0 0 0 0 0 40 0 0 0 0 0 0 
0 0 0 0 0 78 0 0 0 51 0 
0 0 88 0 0 0 0 0 0 0 
0 9 0 0 0 0 0 0 0 
92 58 0 0 0 0 37 0 
0 0 0 0 0 0 0 
0 0 0 0 0 0 
2 60 57 0 0 
61 0 0 0 
0 71 0 
0 0 
2 

#i: 4
0 0 0 91 24 0 0 0 0 0 0 97 76 0 0 0 0 0 0 0 0 0 49 16 71 0 0 0 63 60 0 0 0 75 0 0 0 0 86 58 0 0 0 0 0 0 0 50 0 
91 76 0 0 0 0 63 11 0 37 0 0 0 0 0 0 0 62 0 0 0 0 0 0 75 0 0 2 0 38 0 0 0 0 0 0 0 0 0 52 0 0 0 77 0 0 0 0 
85 0 0 0 0 0 74 0 0 0 0 0 23 0 76 0 0 0 9 0 0 0 0 0 0 0 0 0 0 0 11 0 48 0 0 10 0 0 0 0 0 0 0 0 0 0 0 
0 0 92 0 0 0 33 0 73 0 87 0 0 0 0 0 0 0 0 0 0 59 0 0 0 11 99 0 0 0 0 0 0 0 0 0 0 1 0 0 0 0 0 0 0 91 
32 0 0 0 0 82 79 0 1 0 52 72 0 0 0 0 0 0 19 59 93 6 0 46 0 0 0 0 0 0 0 0 0 17 0 56 0 82 0 0 0 0 0 0 0 
0 0 2 0 0 0 0 0 0 0 0 0 1 0 0 0 0 0 0 0 0 0 62 0 0 61 62 0 0 0 0 0 31 0 0 0 0 0 0 65 0 0 0 37 
0 0 0 0 0 0 0 0 0 0 0 88 0 0 31 50 0 0 0 0 0 0 0 0 20 0 0 0 0 0 0 17 0 0 0 0 0 0 0 0 0 58 0 
54 0 0 0 0 0 0 0 0 0 0 0 0 6 0 0 0 56 0 0 0 3 0 32 0 0 16 0 0 72 0 0 0 0 0 15 0 0 0 0 0 0 
37 0 0 18 0 50 21 0 0 0 100 84 100 0 0 0 0 0 78 0 0 0 0 0 0 0 0 0 0 0 2 0 0 0 6 0 0 0 0 0 0 
0 0 0 0 0 26 0 0 0 0 0 0 0 0 0 0 0 0 0 0 0 0 0 88 0 0 0 10 0 0 90 51 0 0 0 0 0 0 0 71 
99 0 0 15 0 47 0 0 5 0 76 0 8 10 0 0 65 0 0 69 34 0 0 41 0 10 0 0 0 0 0 0 5 58 77 0 0 83 0 
0 0 17 0 0 0 0 0 0 22 0 0 0 0 0 0 0 0 0 0 0 0 3 0 0 0 0 0 0 0 79 0 30 0 0 0 0 0 
46 0 0 0 37 0 0 52 0 72 0 0 0 0 0 0 0 0 45 0 0 0 0 0 0 0 53 0 7 0 0 0 0 0 0 0 0 
0 0 0 38 0 0 0 0 0 0 0 0 0 0 0 0 0 22 23 0 72 17 0 0 10 0 0 0 0 0 0 0 90 65 0 0 
0 0 0 38 0 0 65 100 73 0 43 11 46 0 0 8 0 0 0 0 15 0 0 0 0 0 0 71 0 0 0 0 0 0 0 
0 16 44 0 0 58 0 0 0 49 0 0 77 0 0 0 0 0 0 27 0 0 0 0 86 0 0 30 0 0 0 52 0 0 
73 0 0 0 58 0 0 0 0 57 0 0 0 0 0 0 0 99 0 91 0 20 5 0 0 0 77 0 0 0 0 0 0 
0 0 0 0 0 0 0 0 0 0 0 0 6 0 11 77 0 55 72 0 0 0 0 0 0 0 0 0 15 0 96 0 
58 98 0 0 0 0 0 0 0 36 0 0 0 38 0 86 0 0 0 0 0 0 0 0 0 0 66 0 0 0 0 
0 0 89 7 0 40 0 75 0 0 0 0 0 19 0 0 0 61 0 0 74 0 64 0 0 0 28 88 0 0 
0 0 0 0 20 42 0 0 30 0 0 0 0 17 0 0 54 0 0 34 12 32 0 3 10 91 0 0 0 
0 0 0 95 0 0 0 0 97 54 0 0 0 0 0 0 0 0 84 0 0 0 0 0 0 0 0 0 
89 0 0 0 0 0 0 0 0 0 0 63 0 0 0 0 81 43 0 0 0 0 0 0 0 0 0 
0 0 0 0 0 7 0 64 0 95 0 0 0 0 0 0 0 25 83 0 0 0 0 67 50 70 
0 0 0 0 0 0 4 0 0 68 0 0 0 0 0 0 0 5 0 1 0 0 0 0 0 
0 35 0 0 0 0 0 0 35 0 0 0 0 0 0 0 0 0 0 95 0 0 0 0 
48 0 14 0 14 33 16 0 0 0 0 0 0 10 0 79 0 14 0 0 55 0 38 
0 0 0 0 80 33 0 0 0 0 0 0 0 0 0 33 0 0 82 0 0 0 
0 0 13 34 0 0 0 0 0 0 0 0 0 0 0 0 0 0 0 56 62 
0 0 0 91 0 0 0 24 0 0 0 0 0 0 0 0 0 0 0 85 
0 63 0 0 75 61 0 0 0 0 0 0 0 0 0 0 0 43 0 
0 0 0 51 0 0 0 0 0 29 0 48 0 0 6 0 0 0 
0 0 0 0 0 0 0 0 57 0 0 56 0 0 28 0 0 
91 0 17 82 0 69 0 0 0 0 0 0 0 0 0 0 
0 0 11 9 0 83 98 0 0 0 0 30 0 0 0 
18 0 0 0 0 0 0 32 0 0 0 40 0 0 
64 60 0 25 0 0 85 0 0 0 0 6 0 
0 0 0 0 0 0 0 0 0 0 0 94 
0 0 0 0 0 0 0 0 0 0 0 
0 0 0 23 0 0 0 0 0 53 
0 0 0 0 0 0 0 0 0 
0 0 94 0 0 0 44 0 
28 0 0 8 0 0 0 
0 0 50 0 0 0 
0 0 0 0 0 
0 0 25 0 
0 0 0 
0 63 
55 

#i: 5
60 49 36 0 0 0 0 26 0 0 0 0 0 56 50 0 0 43 26 69 0 0 0 51 0 0 0 0 0 48 0 0 21 0 0 0 0 0 0 0 13 93 0 0 10 0 0 0 
95 0 0 46 0 0 0 0 0 4 0 77 92 0 0 0 0 55 0 75 0 0 0 0 0 0 88 0 0 0 1 0 0 0 0 60 51 0 37 0 0 0 52 0 0 0 61 
0 85 0 0 0 0 0 54 0 47 40 0 0 53 0 0 40 0 0 0 0 0 0 71 0 0 0 0 36 0 0 0 0 0 0 0 0 0 0 17 0 0 38 3 0 0 
0 0 0 0 0 0 0 33 0 0 0 0 0 0 0 13 0 66 0 70 5 0 0 40 5 0 9 0 0 0 0 60 0 0 0 0 50 0 0 0 0 0 0 0 0 
0 88 0 0 0 8 0 0 0 40 0 0 0 24 0 0 0 23 0 0 27 85 85 0 2 0 0 37 0 0 76 0 19 0 0 17 0 0 0 0 0 0 93 0 
0 91 0 86 0 9 0 41 0 0 9 50 0 38 0 0 0 0 0 0 30 0 0 0 16 71 0 21 41 0 0 23 0 0 0 5 76 2 0 0 0 0 0 
21 0 0 0 84 0 40 0 13 0 0 0 0 0 0 0 0 0 0 0 48 0 0 0 0 0 0 0 0 0 0 0 0 0 0 90 0 0 0 0 0 0 
0 0 2 0 0 0 38 0 0 0 0 0 0 51 0 0 60 0 0 0 65 0 0 0 85 0 0 0 0 0 0 0 16 85 0 48 0 0 0 0 0 
0 31 0 0 0 36 0 0 0 0 0 0 0 78 2 0 0 0 0 0 0 0 0 0 0 0 0 0 0 30 0 0 55 0 29 0 0 0 18 90 
98 36 47 0 0 0 73 0 0 0 28 0 0 0 0 0 32 0 0 0 0 0 15 0 0 0 0 0 0 64 0 0 0 0 0 0 38 0 0 
0 0 0 51 0 55 0 46 0 0 21 0 0 0 0 0 0 0 0 0 0 0 0 0 0 69 31 0 0 0 25 0 0 0 13 17 0 0 
85 0 0 14 0 0 0 0 92 0 0 0 0 0 0 0 0 0 0 28 0 0 0 0 0 58 58 0 0 68 0 44 0 57 86 53 0 
0 0 0 0 0 0 0 0 0 0 100 0 7 0 0 0 0 0 0 0 0 66 0 69 61 0 62 0 28 0 85 0 0 0 0 0 
0 0 0 0 0 0 0 0 0 30 0 0 0 0 0 56 0 0 0 59 58 96 0 0 0 53 0 23 0 0 0 68 0 0 0 
5 97 0 0 0 0 0 53 53 56 0 1 0 0 0 0 0 0 0 0 0 0 0 0 0 0 16 91 0 0 11 0 100 0 
7 0 0 0 0 0 0 0 0 0 0 4 0 0 0 0 0 0 0 43 0 0 0 0 0 0 0 0 100 0 0 20 30 
51 0 0 0 0 78 0 0 0 17 0 0 0 0 0 0 9 0 0 0 0 0 93 83 0 0 0 0 0 0 0 0 
44 0 0 0 0 29 0 0 0 0 0 0 0 0 0 11 40 0 0 2 0 0 0 0 59 99 0 0 0 0 0 
91 92 0 19 0 0 51 10 0 25 0 0 0 67 0 0 0 41 0 0 0 78 0 0 76 0 0 0 99 0 
86 0 47 0 12 0 66 0 0 58 0 0 65 52 0 0 40 0 5 81 0 96 12 58 0 0 0 0 0 
0 0 0 67 0 0 57 0 0 0 0 0 0 0 0 0 0 0 0 82 0 0 0 50 85 0 0 42 
0 0 0 61 0 26 0 0 93 18 0 0 99 0 0 0 0 0 23 1 0 0 0 0 0 0 72 
0 71 0 0 0 90 0 0 64 0 0 0 81 0 0 0 0 0 83 0 0 71 0 0 0 0 
93 15 0 0 0 0 0 0 30 0 0 14 0 0 73 0 0 0 0 99 0 36 70 0 0 
73 0 0 0 0 0 0 0 0 51 0 0 0 0 0 0 0 0 0 0 0 0 79 0 
0 0 0 0 0 0 0 71 0 0 85 40 0 0 0 41 0 0 0 0 24 5 0 
0 0 73 0 0 100 88 0 0 0 0 40 0 0 0 0 0 0 0 0 0 0 
0 51 0 49 61 0 48 0 0 0 0 0 31 24 0 0 0 0 0 93 0 
0 0 0 78 0 0 0 0 0 0 0 35 20 0 64 60 0 0 0 0 
32 95 0 0 0 5 0 6 78 29 0 0 84 13 2 0 0 0 0 
0 0 0 0 0 0 87 35 0 46 0 0 0 0 0 0 0 0 
16 0 73 0 0 0 23 0 0 0 0 0 0 0 0 70 0 
0 0 0 43 0 0 0 0 0 0 0 0 0 0 0 71 
0 0 0 0 0 0 0 0 62 0 0 0 0 61 54 
0 0 0 61 0 0 0 0 50 74 93 0 0 0 
35 45 0 0 0 5 0 0 0 57 61 0 72 
0 0 0 80 0 0 0 44 97 0 0 0 
40 0 0 0 0 80 0 0 0 0 35 
43 0 0 69 30 0 0 16 0 0 
0 15 0 0 0 0 0 0 0 
0 0 0 93 0 0 0 0 
0 0 0 0 0 0 0 
0 0 0 0 0 3 
87 50 0 0 0 
0 0 0 84 
0 16 18 
3 0 
0 

#i: 6
0 0 0 0 69 0 0 0 88 0 0 0 0 0 60 0 0 0 0 0 0 0 0 74 0 0 80 28 0 86 0 0 0 0 66 17 0 0 1 0 0 2 0 0 60 0 69 
0 0 0 0 35 0 21 0 0 0 0 0 53 0 0 0 0 46 74 0 0 46 0 0 0 0 0 0 89 48 0 0 0 0 0 0 0 0 0 0 0 0 0 0 0 0 
0 0 51 0 0 13 0 65 0 0 0 0 0 0 0 0 0 0 0 0 52 0 12 0 0 0 39 0 0 89 0 0 66 0 0 0 0 0 0 0 0 0 78 0 0 
0 33 0 0 0 0 0 0 88 0 0 33 0 0 0 0 0 0 0 0 0 0 0 0 0 92 0 0 0 0 0 0 15 0 0 0 0 0 0 0 0 0 0 0 
50 0 0 0 0 0 0 0 84 0 97 0 93 0 0 0 95 0 41 0 87 0 0 10 37 0 64 0 0 0 0 0 0 0 0 0 62 0 0 0 0 0 0 
29 71 0 0 0 43 4 53 0 63 0 0 0 0 63 0 0 0 66 0 0 0 61 0 71 76 71 0 0 0 0 0 0 0 0 48 0 38 0 0 0 32 
34 0 0 0 0 0 0 0 0 0 0 0 0 0 61 0 0 58 0 12 0 0 63 0 0 0 81 86 0 0 0 0 0 0 0 57 0 0 0 0 0 
0 18 58 62 0 0 0 0 0 49 0 30 58 77 0 60 0 31 0 0 64 0 25 0 99 0 0 97 0 0 85 0 0 0 15 48 0 0 0 0 
0 0 0 88 0 65 0 23 0 81 0 0 0 0 0 29 0 0 0 10 37 65 0 0 0 0 0 0 0 73 0 57 0 0 0 0 98 0 0 
0 63 97 0 23 0 0 0 0 99 0 0 0 0 0 0 0 0 78 26 73 0 97 0 0 59 0 0 0 74 0 0 0 0 0 0 3 0 
0 97 0 0 0 0 0 0 0 0 0 0 20 71 0 0 0 3 0 0 0 0 0 28 0 0 0 0 0 0 0 0 36 0 0 62 0 
0 0 6 14 0 45 0 0 69 0 0 47 0 0 0 0 0 0 0 0 0 21 24 0 0 0 0 0 87 45 0 0 0 0 0 0 
0 0 40 0 0 0 0 0 0 0 0 0 68 0 9 0 0 0 0 0 26 0 0 0 0 0 0 0 30 0 0 0 0 0 0 
34 0 71 0 88 0 0 0 99 0 0 0 0 0 0 0 0 0 0 0 0 0 0 0 41 0 0 0 0 0 0 0 0 0 
33 0 0 0 39 0 0 0 0 0 0 0 0 0 0 0 0 0 0 0 0 0 0 13 19 0 92 0 76 0 0 0 0 
0 28 0 0 0 16 0 46 0 43 0 0 0 0 0 0 0 0 0 0 0 0 0 0 94 0 72 0 0 0 0 0 
0 0 0 0 0 0 0 0 0 0 0 0 39 0 0 26 0 0 0 0 0 0 18 0 0 0 66 0 0 0 0 
0 68 0 0 0 0 0 0 26 0 0 0 60 0 50 0 52 0 0 21 23 0 0 0 0 0 39 96 0 0 
0 0 0 0 0 10 0 90 83 0 0 61 0 0 0 31 68 43 0 0 87 41 0 38 0 0 0 48 0 
0 0 0 0 54 0 0 0 0 75 0 0 0 0 92 0 0 0 48 0 0 0 0 83 0 0 0 7 
14 30 49 0 0 0 85 0 0 36 0 0 0 72 0 0 76 0 25 0 0 48 0 71 0 25 0 
40 0 0 0 0 0 99 0 0 0 30 0 0 0 0 58 0 0 0 0 0 0 0 86 23 0 
0 0 0 0 0 0 0 0 0 0 0 0 0 0 0 0 0 0 0 23 0 0 0 0 0 
0 0 0 0 0 0 71 41 38 0 98 0 0 0 0 0 0 0 0 0 5 0 0 0 
0 0 1 0 0 0 69 0 74 0 0 0 0 0 0 0 0 0 0 0 0 0 0 
0 0 0 0 89 0 0 0 0 0 0 0 0 0 0 0 0 0 0 0 0 0 
45 0 0 0 58 0 0 0 0 0 81 0 0 0 32 88 0 0 0 0 0 
0 0 0 0 0 31 0 0 0 32 0 0 0 68 0 93 0 40 0 0 
68 0 0 6 30 0 60 0 0 97 0 0 0 0 0 16 0 63 54 
0 60 88 0 0 0 0 6 0 15 0 0 0 0 0 0 0 0 
0 0 0 0 0 7 0 0 0 0 0 0 0 0 0 0 0 
0 0 0 0 82 44 0 0 71 0 0 0 0 0 0 0 
0 0 2 0 0 0 0 48 0 41 0 79 0 0 0 
0 0 0 0 0 0 0 30 0 0 0 0 0 0 
0 0 0 0 0 0 0 0 0 0 48 0 0 
0 0 0 0 25 0 0 20 0 83 50 16 
0 0 76 80 0 0 0 0 0 25 0 
0 0 0 18 0 57 0 0 0 0 
0 0 0 0 0 0 0 0 0 
0 0 0 58 0 0 80 0 
66 0 0 54 0 0 0 
0 0 0 0 24 3 
0 0 39 0 0 
0 0 0 0 
0 0 69 
0 0 
0 

#i: 7
0 0 0 0 0 0 0 0 0 0 42 0 0 73 0 0 0 0 0 0 0 0 0 0 0 6 100 2 0 0 0 0 0 0 0 94 0 0 28 30 0 0 30 98 52 1 
0 0 0 31 0 0 0 0 0 0 87 0 0 85 0 0 0 0 0 0 0 0 0 0 0 0 0 0 0 39 0 0 0 5 0 0 0 0 0 0 0 0 67 0 81 
56 69 0 0 0 0 12 0 0 0 0 0 0 0 0 0 0 0 0 0 0 0 18 0 0 0 0 0 0 0 0 0 0 0 85 32 0 0 50 0 8 0 0 0 
0 83 98 0 0 0 9 22 0 0 0 0 0 61 12 0 0 0 0 0 30 0 0 46 0 37 0 0 61 0 0 0 50 0 0 64 0 0 0 0 0 0 0 
0 0 0 0 0 0 0 54 0 0 0 0 44 0 96 38 0 0 0 31 7 0 0 45 0 0 0 0 0 0 3 46 0 0 0 0 0 0 0 0 2 0 
17 0 0 0 0 0 0 8 62 0 0 54 0 0 74 0 0 0 0 71 0 92 0 0 0 0 0 0 77 51 0 0 0 0 34 0 90 0 0 0 0 
100 0 0 0 0 0 0 0 0 0 0 0 0 0 0 18 33 0 0 0 0 0 0 0 0 0 0 0 74 0 0 0 77 0 0 0 35 0 15 72 
0 0 0 0 23 0 0 0 0 0 49 0 0 0 45 1 52 0 0 86 0 0 0 0 0 64 0 0 0 0 53 0 0 0 0 0 0 80 0 
0 0 72 0 0 87 0 0 0 66 60 87 30 84 0 0 0 0 0 0 0 0 0 0 0 0 0 0 0 32 33 0 0 0 0 64 0 44 
0 0 0 0 0 0 32 87 0 0 0 0 0 0 0 0 0 0 59 85 0 0 0 0 0 0 91 0 15 73 0 0 0 0 0 0 29 
0 0 0 0 0 0 0 23 0 0 47 0 0 0 0 28 0 0 0 0 0 0 0 0 15 0 0 52 45 0 0 0 0 0 0 0 
0 0 0 0 57 56 59 0 0 0 0 0 0 0 0 75 0 0 0 0 0 0 0 0 0 0 92 74 0 0 0 0 0 0 0 
0 0 0 0 0 0 82 0 0 0 0 0 0 49 0 0 0 0 0 0 0 0 0 0 12 0 0 0 0 0 0 0 8 14 
0 6 0 0 0 39 0 89 0 0 0 0 0 20 9 0 0 0 9 0 0 0 0 0 0 0 0 69 0 0 0 0 0 
0 0 0 0 0 0 0 0 31 0 43 0 0 34 0 89 59 0 13 0 0 0 8 0 0 0 0 0 0 0 35 0 
0 0 71 0 0 0 0 0 0 0 0 71 0 72 0 58 0 0 68 0 0 0 40 0 0 0 0 0 0 0 0 
0 0 21 0 0 0 0 0 0 0 0 0 0 0 0 0 0 0 0 0 0 0 0 28 0 77 51 83 38 0 
0 26 17 0 62 0 0 0 34 0 19 0 0 0 44 53 80 0 0 0 0 0 0 92 0 0 0 0 0 
0 0 0 42 0 0 0 83 3 0 50 14 0 20 0 0 0 91 0 31 0 0 0 10 0 0 0 0 
0 0 31 0 0 54 0 37 0 0 0 0 0 0 0 0 90 0 0 0 0 0 0 0 14 0 0 
24 0 0 0 0 0 0 0 0 0 0 0 0 0 0 99 0 0 0 0 0 0 0 69 0 51 
0 0 7 0 0 0 29 92 0 98 0 0 0 0 0 65 0 0 0 5 0 40 15 0 0 
81 0 0 0 100 90 0 0 0 0 0 35 0 0 0 0 0 0 0 0 58 0 92 0 
0 0 0 0 0 0 0 68 0 0 0 0 0 0 0 0 0 42 23 0 0 0 14 
54 27 39 0 24 80 0 0 0 0 0 0 0 38 0 0 0 0 0 82 0 0 
0 0 0 0 58 0 0 0 0 0 0 0 0 0 0 0 0 0 28 0 0 
80 0 0 0 0 0 49 0 0 10 0 0 0 57 0 76 59 91 8 58 
0 0 61 0 0 0 0 0 74 23 0 0 0 0 0 21 0 0 57 
0 0 0 91 56 0 0 64 0 0 0 0 0 0 0 32 0 0 
40 0 24 47 0 0 0 0 63 0 73 0 0 0 30 0 0 
0 0 0 35 0 42 0 0 0 0 0 22 45 0 0 99 
0 0 0 0 75 0 0 0 0 9 58 0 0 0 0 
12 0 0 0 0 0 0 0 0 0 0 0 0 20 
0 0 0 0 0 0 47 0 0 0 21 0 0 
0 0 0 0 53 0 1 0 0 0 0 34 
0 0 98 0 0 0 0 56 0 4 0 
0 0 0 0 0 0 0 0 0 0 
0 0 0 0 0 0 0 0 87 
37 87 0 0 0 0 0 0 
0 38 0 0 0 0 69 
0 0 0 0 0 0 
80 0 0 0 0 
75 74 0 0 
59 0 0 
0 0 
0 

#i: 8
0 0 6 0 0 99 0 0 0 97 0 0 0 0 0 0 0 0 0 0 74 54 0 0 0 0 0 0 0 77 0 52 0 0 0 0 0 0 36 96 0 0 0 80 80 
24 87 21 33 0 0 0 0 0 74 0 0 0 0 0 0 0 0 0 0 0 0 0 0 57 0 64 0 0 0 0 86 0 0 0 0 0 10 0 0 98 0 38 0 
53 87 0 0 15 0 0 69 0 6 0 0 0 0 0 55 0 59 0 0 0 0 0 0 99 54 60 0 10 0 71 0 0 0 0 0 0 4 0 0 0 0 0 
0 0 0 0 0 0 67 74 0 0 0 0 0 0 0 0 0 0 0 60 0 0 0 0 0 0 0 49 0 41 79 85 0 0 21 55 98 0 0 26 0 0 
39 0 0 0 0 0 0 0 0 0 0 0 0 86 70 0 0 22 32 0 77 0 43 0 0 0 57 0 13 0 0 0 50 0 0 0 0 0 44 0 0 
0 91 0 0 44 0 0 0 20 51 0 0 0 0 0 0 79 18 67 0 0 0 0 0 82 0 78 85 46 0 0 0 0 37 0 0 0 0 0 44 
30 0 0 92 0 0 92 61 0 0 0 0 0 4 82 0 0 0 0 83 0 0 10 35 0 0 34 13 75 0 0 0 0 0 0 17 0 20 30 
0 0 0 0 3 15 51 32 0 93 85 0 94 14 63 60 0 0 0 0 0 0 0 0 84 0 78 72 81 0 0 0 14 0 0 0 0 0 
0 0 0 0 0 0 0 0 0 0 0 0 0 0 0 47 0 0 0 0 0 0 0 0 0 0 0 50 0 0 91 0 81 99 0 0 39 
22 0 0 0 0 61 42 0 0 0 0 0 0 78 0 60 42 0 64 0 0 0 0 0 0 0 61 0 40 85 85 0 0 0 0 0 
0 0 68 0 36 51 0 0 59 0 0 63 0 0 0 0 0 0 0 0 0 38 22 0 0 0 0 0 0 0 0 62 67 0 0 
0 0 0 0 30 0 0 0 0 0 69 51 0 19 0 0 0 73 55 0 0 0 81 92 0 19 0 33 0 92 3 0 0 0 
0 0 69 27 53 0 0 0 0 0 0 66 0 0 28 0 89 0 0 0 0 0 0 0 0 0 0 0 0 0 30 0 0 
0 0 0 0 1 0 0 0 0 0 0 0 0 0 4 99 0 0 0 0 0 0 0 0 0 17 0 89 0 0 72 0 
0 0 0 0 0 0 0 5 46 35 0 32 0 0 0 0 69 0 70 0 58 21 65 0 57 0 0 54 0 0 0 
0 0 0 20 0 0 0 0 52 0 0 0 0 0 0 0 0 0 0 0 0 0 0 0 0 0 57 0 0 30 
0 0 0 0 0 0 0 0 0 0 0 0 0 0 0 0 0 0 0 0 64 0 0 0 46 5 0 0 59 
0 41 0 0 40 88 0 0 0 10 0 47 0 0 0 0 38 0 0 0 0 0 0 0 0 0 0 0 
47 77 0 0 0 0 0 0 0 0 0 0 0 0 0 18 0 24 93 0 0 0 0 0 0 0 0 
0 0 0 81 0 0 0 0 79 0 17 97 57 84 0 0 0 0 0 0 26 81 0 0 0 0 
18 0 97 0 48 0 0 0 0 59 0 0 0 0 0 0 0 0 100 0 0 0 0 0 0 
20 26 0 0 0 0 85 65 0 0 0 96 0 53 0 29 0 62 71 95 0 49 0 0 
0 18 33 0 28 89 0 97 52 0 0 1 0 0 98 0 0 29 0 13 0 0 0 
0 0 0 0 40 80 45 0 69 0 0 0 0 0 0 0 0 0 0 0 0 0 
0 0 0 21 0 0 55 0 0 0 0 64 0 0 52 0 0 0 0 0 28 
0 0 0 0 17 0 40 0 0 0 77 0 0 0 0 0 33 0 0 61 
0 0 0 0 41 0 0 61 0 0 0 0 96 0 0 0 0 0 0 
47 0 0 97 0 17 0 0 23 98 37 0 0 0 0 26 0 23 
0 0 94 31 57 0 0 0 0 0 0 0 0 0 0 93 0 
0 16 0 92 0 0 0 0 85 0 0 0 0 0 51 91 
0 0 0 16 31 0 0 80 0 68 0 44 0 0 0 
0 0 0 0 0 0 65 0 0 67 36 37 0 9 
0 0 0 0 59 21 0 0 0 76 0 0 0 
0 0 0 0 0 12 0 14 0 0 0 0 
51 34 1 17 0 0 0 0 0 0 0 
0 0 0 14 0 21 0 47 0 0 
4 0 0 0 0 81 0 0 0 
0 0 0 0 0 0 0 99 
0 0 96 0 53 0 0 
0 0 0 0 0 0 
54 0 0 29 0 
0 0 45 0 
0 0 25 
0 0 
0 

#i: 9
0 0 87 0 0 0 0 0 0 0 0 0 0 31 0 57 0 0 0 0 0 6 27 41 0 27 0 0 0 0 0 0 0 0 46 0 0 0 0 0 0 0 0 0 
0 0 91 0 57 0 28 0 41 0 0 0 0 0 0 0 95 0 0 0 99 80 9 0 0 0 0 0 0 0 0 32 0 0 75 0 0 0 62 0 0 0 0 
3 0 2 0 0 0 0 0 58 0 66 0 0 0 77 0 0 0 89 0 0 0 0 0 0 0 0 0 0 0 0 0 0 0 0 0 0 0 0 82 70 73 
0 46 0 0 0 0 0 0 0 0 0 0 0 61 0 0 0 0 0 0 0 57 0 0 67 0 0 0 0 0 99 0 0 0 0 54 66 0 0 0 0 
80 0 0 12 0 36 0 0 0 70 6 17 0 0 81 0 0 0 0 0 0 93 61 0 0 0 0 66 0 27 0 0 47 0 0 0 94 0 0 0 
0 28 0 0 0 0 0 0 0 10 82 49 0 0 0 0 0 0 0 0 0 0 0 0 0 0 0 28 0 23 0 0 0 71 80 0 0 10 0 
0 0 0 18 0 0 0 12 0 20 27 0 0 0 0 0 0 58 0 0 77 0 0 0 0 0 0 0 0 92 0 26 0 0 37 0 0 0 
0 67 88 0 0 3 0 99 65 0 5 0 0 0 0 0 68 0 84 0 0 0 0 0 0 27 0 0 0 0 0 0 0 80 0 0 0 
65 0 93 0 0 0 0 0 0 0 0 0 0 0 88 24 0 0 0 0 0 0 0 0 0 0 0 0 75 0 64 0 0 20 0 0 
0 0 11 0 0 0 0 0 0 0 0 39 39 48 0 0 0 9 0 18 81 0 0 0 10 0 0 0 63 64 58 0 0 0 0 
82 45 52 32 0 0 28 0 0 0 0 0 0 0 0 0 0 0 0 0 0 97 0 0 0 0 0 0 72 2 0 0 0 0 
0 0 0 0 0 15 0 89 0 0 81 0 0 0 0 35 0 0 0 0 0 15 0 0 80 0 44 0 0 0 0 8 0 
0 0 0 0 0 0 43 0 0 28 42 0 0 89 0 0 0 96 91 83 0 0 0 92 41 0 0 35 13 84 0 42 
0 35 45 85 22 0 0 0 0 0 67 0 0 0 0 0 0 0 0 0 0 0 0 0 70 0 0 0 50 0 65 
0 0 0 0 24 0 0 0 0 95 0 0 45 96 0 0 92 0 0 0 0 0 0 0 100 34 82 0 0 0 
0 0 0 0 0 34 0 0 0 0 34 0 0 0 86 0 0 24 34 0 77 0 0 0 0 0 0 53 0 
50 0 0 30 0 76 0 59 0 0 0 0 0 0 0 0 31 31 0 0 0 0 55 0 0 8 0 0 
85 0 0 0 0 40 0 23 68 0 0 0 87 0 59 0 0 0 0 0 0 0 0 87 0 0 74 
0 0 0 0 8 7 0 0 26 0 0 0 0 0 0 0 0 0 0 0 0 0 0 0 0 0 
0 99 0 0 0 0 0 0 0 0 76 0 0 100 0 0 0 7 83 0 0 0 16 0 25 
0 0 0 49 79 0 0 73 61 0 0 0 0 86 48 0 0 0 0 0 0 0 0 0 
15 73 0 0 31 72 0 0 0 0 57 0 0 10 89 36 0 0 0 5 62 0 61 
0 0 0 0 0 98 0 24 0 0 0 0 91 0 0 56 0 0 0 0 0 0 
0 0 0 16 100 20 93 0 0 0 28 0 0 0 0 0 0 0 0 74 0 
0 0 0 0 0 0 13 0 0 0 0 66 100 0 0 0 0 0 91 61 
28 0 0 0 4 73 0 0 27 0 0 0 0 0 0 0 8 0 87 
0 0 0 0 0 0 0 81 0 0 7 76 0 0 0 0 0 0 
0 69 0 0 48 4 0 53 0 95 90 0 0 0 3 0 62 
0 0 68 51 93 94 0 0 0 0 93 78 1 0 11 0 
0 90 52 0 0 22 0 0 48 0 0 30 13 0 0 
0 61 0 55 0 0 0 0 30 69 0 0 0 40 
0 86 99 0 0 0 0 6 0 0 0 0 0 
0 0 0 0 0 0 0 0 0 0 0 96 
0 0 0 33 72 0 40 0 0 0 0 
0 0 0 28 0 0 0 0 0 0 
0 0 6 0 0 0 0 41 0 
0 0 0 0 0 0 81 0 
0 100 0 0 0 0 0 
0 65 15 0 0 0 
0 0 0 26 0 
0 0 0 0 
0 0 0 
93 0 
0 

#i: 10
0 56 0 0 0 0 0 0 0 21 0 0 0 0 0 0 0 0 0 61 67 0 0 0 5 0 0 0 0 0 0 0 0 0 0 0 0 0 0 77 0 0 0 
0 6 0 0 0 0 0 0 0 13 72 0 0 0 0 1 0 84 76 59 25 0 0 0 66 93 0 0 0 30 0 0 94 0 22 0 0 0 0 0 0 0 
0 60 0 0 0 40 53 0 0 0 75 0 75 34 0 0 0 0 0 0 0 0 0 8 0 0 42 0 38 0 0 0 0 93 48 52 0 71 7 0 0 
3 0 0 83 0 76 0 0 0 0 0 0 0 80 0 0 0 0 0 0 0 76 65 67 0 0 0 80 0 41 37 0 0 90 66 0 0 83 0 0 
0 0 0 47 0 0 0 0 0 0 0 0 0 0 0 0 0 19 0 47 0 0 0 0 0 0 0 0 0 38 0 47 78 79 0 0 66 0 0 
0 0 53 0 0 0 0 2 19 0 0 0 0 0 19 0 0 0 0 0 0 0 0 0 0 0 0 0 0 0 0 0 47 0 0 83 49 0 
94 0 0 19 0 0 0 0 2 0 0 0 0 0 0 3 0 0 90 0 0 0 0 0 0 0 79 0 0 0 0 0 0 87 68 0 0 
11 38 0 0 0 47 0 0 0 0 0 0 0 0 90 64 0 0 0 88 5 0 0 0 0 0 0 86 0 0 57 0 0 0 81 55 
0 53 0 82 0 0 92 0 0 0 0 0 0 0 0 0 46 47 0 0 0 78 0 0 94 0 0 0 0 0 0 0 0 83 63 
1 32 1 0 0 0 0 24 0 0 89 0 100 0 40 0 0 0 42 78 0 0 0 0 0 49 0 0 47 0 38 0 92 0 
0 0 0 0 21 0 0 0 73 0 0 0 0 0 0 0 0 0 84 0 0 0 63 27 0 0 0 0 0 26 0 0 0 
0 0 0 0 0 0 98 0 49 0 0 49 0 0 0 0 0 0 59 5 0 54 0 0 0 0 0 0 0 48 0 0 
0 0 0 12 77 0 32 83 61 75 0 52 0 0 0 0 0 0 0 0 0 79 61 0 0 0 29 0 0 0 95 
0 8 0 94 0 0 0 100 0 0 0 0 28 57 0 0 6 0 0 0 11 0 97 0 0 0 0 0 0 0 
0 82 30 0 0 76 0 36 0 0 93 0 0 0 0 0 0 0 0 9 0 0 0 0 0 7 0 0 0 
0 53 0 0 0 59 0 0 0 0 0 0 3 0 24 97 33 76 0 0 0 25 0 0 81 0 0 0 
0 6 11 67 0 0 79 0 0 0 0 72 0 0 0 0 0 0 0 0 36 0 0 0 0 0 0 
0 0 0 0 0 0 0 41 71 80 0 0 0 0 0 0 0 0 0 0 0 0 0 0 0 0 
0 0 0 0 7 0 0 0 36 0 0 47 0 0 0 0 35 16 0 35 5 0 0 0 0 
0 0 0 0 20 58 0 0 0 0 22 0 0 22 0 0 0 0 0 0 0 0 0 0 
0 0 0 0 8 39 0 0 35 0 10 0 0 0 0 0 39 66 0 74 52 0 60 
0 0 0 0 66 0 44 0 0 57 0 0 0 0 0 11 10 0 0 0 88 0 
0 0 0 0 0 0 77 0 0 50 0 0 0 0 0 0 0 0 0 0 28 
0 0 17 0 36 0 0 0 39 0 0 0 0 0 0 12 46 0 66 0 
33 76 0 0 0 0 0 0 0 0 0 0 0 0 0 0 0 0 70 
0 0 0 25 0 92 64 0 68 0 9 0 0 60 37 0 0 0 
0 0 69 0 0 0 92 0 0 83 0 0 87 76 0 0 0 
0 0 22 42 0 0 0 0 50 0 0 61 0 0 0 0 
0 0 44 0 0 0 0 0 0 0 0 0 0 0 0 
0 0 0 0 0 0 0 0 49 0 5 14 84 46 
83 0 0 0 0 0 1 0 0 0 0 0 0 
68 0 0 0 0 0 0 0 0 0 0 0 
0 0 0 22 0 0 0 0 0 75 0 
0 5 0 0 0 0 0 45 97 0 
0 0 0 0 0 0 0 0 0 
0 0 0 0 75 0 81 0 
0 0 99 0 37 0 78 
53 0 0 0 11 0 
0 0 0 0 0 
0 28 0 0 
0 0 0 
0 0 
67 

#i: 11
0 0 0 0 0 0 0 4 3 0 0 0 0 0 0 0 86 19 0 0 0 0 36 0 0 0 0 0 0 0 11 0 0 67 0 0 0 97 0 0 0 0 
0 0 0 0 0 0 7 0 0 49 80 0 0 0 0 0 0 0 0 0 0 6 18 40 44 0 0 0 0 0 0 0 11 0 0 0 79 0 51 0 0 
0 0 0 0 95 2 0 0 0 0 70 73 25 0 41 0 0 0 0 0 0 0 0 0 0 0 0 0 0 0 87 41 0 0 77 0 0 0 0 0 
0 0 0 0 9 0 56 0 0 25 22 0 85 0 0 0 0 0 80 0 0 5 0 22 74 99 0 59 43 0 0 0 81 0 0 6 0 0 0 
0 0 0 0 0 54 0 0 0 0 0 0 40 0 0 15 0 0 0 0 0 0 0 0 0 0 0 0 0 0 53 0 0 0 0 0 100 0 
0 5 0 0 0 19 0 0 0 72 0 28 0 0 37 0 0 0 0 0 0 0 88 0 0 0 56 22 95 0 0 93 0 50 0 0 0 
0 0 91 0 48 0 0 0 0 40 0 0 0 0 0 0 0 0 24 39 0 93 0 0 8 66 0 0 0 0 0 0 80 0 0 0 
0 35 0 3 0 46 0 0 78 0 0 0 14 0 53 0 0 0 0 0 0 0 0 0 0 0 25 0 0 81 0 66 0 0 0 
52 0 0 0 0 0 92 0 0 0 0 11 0 0 0 0 0 0 0 0 0 0 0 0 74 0 0 0 0 17 0 78 0 0 
34 0 61 0 0 0 0 0 0 0 0 0 0 71 0 96 0 0 73 92 0 0 0 0 0 85 0 0 0 0 0 0 0 
0 0 0 94 0 0 75 0 42 0 0 0 26 90 0 0 0 91 0 0 0 0 0 88 0 30 0 85 0 0 31 0 
64 0 0 0 39 38 0 0 0 9 0 0 0 0 91 0 0 79 0 0 97 0 0 12 0 0 0 0 0 46 0 
0 29 0 0 51 0 0 79 81 0 6 31 0 0 0 24 0 0 0 16 0 0 0 0 18 0 0 0 0 0 
0 36 0 0 0 0 0 0 0 0 0 0 0 0 0 0 0 0 0 0 33 0 0 0 94 0 0 0 0 
0 43 27 0 0 0 0 0 0 0 0 96 0 66 0 0 0 0 0 72 0 0 0 70 0 0 0 79 
0 0 74 8 0 70 0 35 0 67 0 0 0 0 0 0 0 0 0 0 61 0 0 53 0 75 0 
0 0 0 0 0 0 0 0 0 0 12 0 0 0 0 61 0 78 0 0 0 0 19 0 0 0 
0 0 0 61 0 3 0 0 0 0 0 0 0 0 0 0 0 33 0 99 0 0 0 54 0 
91 21 15 0 0 0 0 94 11 0 0 0 34 0 100 79 0 0 0 0 0 0 0 0 
49 0 0 0 0 0 28 0 0 0 84 0 0 0 0 0 0 0 0 0 0 0 0 
83 0 25 0 0 0 0 46 0 0 0 30 0 0 0 58 0 0 0 0 18 0 
12 89 0 73 58 44 0 48 0 0 61 0 0 0 0 0 32 0 0 0 74 
0 0 0 1 0 0 0 0 0 0 0 0 0 0 0 64 0 0 0 0 
0 72 0 0 0 0 0 3 0 84 92 0 2 0 0 41 0 42 72 
0 67 0 0 0 0 0 94 0 32 0 0 0 0 0 0 0 0 
0 0 0 0 0 89 0 0 0 0 0 0 0 0 96 18 0 
0 0 0 0 0 0 0 0 58 0 0 3 0 0 0 0 
0 0 25 0 0 0 0 80 88 50 20 0 0 0 41 
0 66 24 0 53 0 0 0 66 54 24 68 0 0 
69 54 99 0 57 89 50 35 0 0 0 13 0 
0 0 0 0 0 88 0 0 0 0 1 36 
0 0 0 0 0 0 0 0 0 0 0 
81 0 0 0 62 0 0 0 0 0 
0 54 0 0 0 0 0 0 0 
0 0 51 0 0 0 0 0 
57 5 71 0 0 0 0 
0 0 0 0 0 0 
0 0 0 0 0 
80 0 0 0 
0 0 0 
0 0 
0 

#i: 12
0 0 0 0 0 23 64 0 0 75 25 0 0 63 0 0 0 0 0 0 10 0 0 0 5 0 5 0 0 0 0 0 34 0 43 94 0 0 0 84 0 
0 0 0 0 0 0 0 0 0 0 76 45 48 84 0 82 0 0 0 0 0 0 0 73 0 24 0 0 30 0 0 0 0 0 98 34 27 0 0 38 
0 98 0 0 0 0 11 0 0 0 0 0 6 0 66 0 0 0 0 0 0 0 0 0 0 3 0 0 0 0 71 0 0 52 0 0 0 0 0 
0 0 0 0 0 0 0 90 0 0 0 0 0 0 19 32 0 0 0 0 0 0 0 97 0 0 0 0 0 0 0 0 31 27 0 0 0 0 
0 0 12 92 97 0 0 0 0 61 0 0 51 0 39 93 0 0 0 0 0 23 0 0 0 0 0 38 0 8 0 0 0 73 0 0 0 
0 0 0 0 27 0 0 0 0 0 0 0 0 0 0 0 0 0 0 0 0 88 63 0 80 0 0 0 0 85 0 0 0 0 0 0 
0 0 47 0 82 0 0 0 0 0 0 0 0 0 5 20 0 0 0 0 0 0 0 0 73 93 4 0 0 0 0 0 72 0 40 
0 0 0 42 0 0 0 0 0 24 0 67 99 0 56 0 92 0 0 0 0 0 0 0 0 0 0 0 0 0 0 0 91 11 
12 69 0 0 0 0 0 18 0 0 54 0 0 0 52 0 29 0 0 61 62 0 80 0 0 0 0 78 0 63 0 0 0 
0 14 0 62 44 0 0 70 0 0 0 35 6 0 0 0 0 0 62 13 0 0 0 0 0 0 20 24 0 0 59 68 
0 0 0 0 0 0 0 0 0 0 96 0 0 0 0 71 0 0 0 0 0 0 0 0 33 0 0 0 0 78 0 
0 0 0 92 0 15 3 0 0 0 0 0 0 0 6 61 0 0 86 0 0 0 0 0 0 24 0 0 14 0 
0 47 22 0 98 0 0 0 45 0 0 55 0 0 0 77 0 0 0 99 97 0 0 0 0 0 0 72 0 
0 0 0 0 86 0 26 0 0 24 83 0 0 0 82 57 0 0 0 0 0 0 0 0 0 68 63 0 
23 0 0 0 47 0 0 29 0 0 0 0 0 12 0 0 0 0 67 0 25 0 0 0 0 0 0 
45 0 0 0 0 0 75 0 0 0 0 0 0 81 0 59 0 76 0 0 0 0 0 0 0 0 
69 0 0 9 0 0 0 0 0 0 0 0 0 0 0 0 65 0 0 0 0 0 0 0 0 
48 0 0 0 66 0 0 0 0 0 0 15 47 0 0 65 0 0 0 0 53 0 42 0 
0 0 9 43 0 65 0 0 17 0 0 66 24 0 0 0 13 0 64 0 86 0 36 
0 0 0 27 0 0 0 0 0 0 0 85 0 0 0 0 0 62 0 0 0 0 
0 0 0 0 0 0 0 0 21 0 0 0 0 0 0 0 0 0 63 0 29 
91 0 56 0 3 0 0 0 0 0 31 3 0 0 0 70 0 1 0 0 
0 37 0 0 61 0 0 76 0 59 0 0 0 0 0 0 0 0 0 
28 12 0 71 0 0 0 0 0 86 0 0 31 0 0 0 0 0 
0 0 0 0 79 0 0 0 0 0 60 0 10 29 0 0 0 
0 0 57 67 35 0 29 0 0 0 0 38 0 56 29 0 
0 96 0 0 0 62 0 0 0 59 0 0 70 37 23 
66 0 0 80 0 0 0 57 25 0 0 0 0 92 
0 0 0 8 0 82 0 0 0 0 0 0 81 
0 0 34 0 0 45 0 0 73 0 0 0 
0 0 0 38 0 35 0 0 0 0 0 
38 0 0 95 91 0 80 17 0 85 
89 96 0 0 0 0 0 0 0 
0 0 0 0 0 0 25 0 
0 0 0 0 0 0 0 
0 0 0 0 0 0 
0 58 0 0 0 
0 0 31 0 
18 0 6 
0 0 
0 

#i: 13
14 0 65 92 0 0 28 0 54 0 0 81 76 0 0 0 59 0 52 0 0 0 0 54 0 0 0 0 79 0 0 0 0 0 96 0 0 0 0 0 
0 47 0 0 0 0 0 0 0 0 0 0 96 0 51 0 20 0 0 0 0 69 0 0 17 0 0 0 0 9 86 0 0 0 0 80 0 0 0 
0 0 0 0 0 0 0 67 0 61 0 0 5 0 0 0 0 0 0 0 0 0 34 0 0 67 61 0 0 0 0 0 0 0 0 0 0 0 
0 0 0 0 11 0 0 39 84 50 0 0 0 0 26 0 46 0 0 0 44 0 89 0 70 0 96 0 81 0 93 0 0 94 0 24 0 
0 0 90 0 71 0 0 0 0 74 0 0 44 64 0 0 63 0 0 78 0 0 0 0 0 0 0 65 0 28 0 97 0 0 23 0 
0 0 0 0 0 0 0 0 0 0 0 22 61 0 0 0 0 78 0 0 0 0 0 97 97 81 0 0 0 0 0 0 0 0 77 
0 79 0 0 0 0 0 0 0 0 0 0 0 51 0 0 0 85 0 0 0 0 72 0 0 70 0 0 0 0 0 0 0 0 
0 62 0 29 0 0 0 45 0 0 0 0 0 0 0 0 0 0 5 0 0 0 16 30 0 0 98 82 13 0 0 0 8 
0 16 0 11 0 0 72 0 38 0 0 87 67 0 92 98 15 0 65 100 0 96 0 0 0 97 0 0 69 0 0 0 
0 42 16 0 0 0 0 0 0 0 0 0 0 0 0 21 34 25 0 0 0 0 0 0 0 0 0 0 0 0 80 
0 0 0 0 0 18 0 0 0 0 0 0 0 0 0 56 0 0 0 0 0 0 0 0 0 0 0 0 0 63 
0 0 0 41 0 0 22 42 0 0 0 0 2 38 0 0 56 76 12 0 80 0 0 0 0 0 0 0 0 
51 0 100 0 0 32 0 0 36 0 22 0 0 0 0 0 0 0 0 45 0 0 0 0 0 74 0 0 
0 0 0 9 0 0 0 0 0 0 23 0 86 0 0 5 0 0 0 0 0 0 0 0 0 59 0 
9 71 0 0 0 0 44 0 0 0 0 0 0 0 0 38 53 0 0 0 0 0 0 0 0 43 
0 0 0 75 0 72 0 59 0 0 0 53 26 0 0 0 0 0 0 3 0 0 0 28 8 
0 0 23 0 0 0 43 0 18 0 0 56 1 0 81 0 0 0 64 0 0 0 0 0 
0 0 0 0 0 0 0 0 0 0 61 0 35 0 0 0 88 0 0 0 0 0 0 
2 0 0 91 0 0 0 0 0 0 0 0 63 0 0 41 0 0 0 0 38 0 
97 87 0 0 0 7 0 0 0 0 0 24 0 0 0 0 0 0 0 0 100 
67 0 0 0 0 0 0 12 0 0 0 0 0 0 48 0 0 14 99 0 
63 0 54 0 0 36 0 0 37 37 0 0 0 0 0 53 0 0 0 
0 83 0 0 0 0 0 0 0 0 12 0 0 0 0 0 0 0 
60 0 57 0 69 0 0 0 0 0 0 0 0 0 0 0 6 
0 4 0 32 0 0 30 0 0 0 15 0 0 88 0 0 
0 47 0 0 0 0 14 48 58 0 0 95 13 86 0 
0 0 0 0 0 0 0 0 0 62 0 90 0 0 
69 53 0 0 0 0 97 86 28 0 0 0 0 
0 13 0 0 79 42 0 0 0 0 0 0 
0 0 10 0 0 16 0 0 0 44 0 
73 12 21 0 0 0 0 0 0 0 
0 0 0 24 0 0 3 0 0 
91 45 0 0 0 0 0 0 
0 0 30 97 0 0 0 
0 0 0 0 0 14 
0 0 78 0 0 
0 0 0 0 
34 0 0 
0 7 
0 

#i: 14
79 0 0 87 0 0 0 0 0 0 0 4 0 64 0 66 0 0 0 0 0 0 0 11 0 0 0 19 0 0 0 0 75 0 0 0 0 6 0 
0 0 0 69 0 0 0 12 0 79 0 0 51 0 0 0 0 0 0 0 0 0 37 0 0 0 0 0 0 0 0 0 6 0 0 80 0 0 
0 0 51 0 0 0 0 0 0 0 0 49 0 0 0 50 14 51 0 0 12 0 0 0 38 0 48 0 0 0 0 0 12 0 0 0 24 
0 0 0 0 0 32 100 0 0 0 0 0 24 0 0 0 0 13 0 0 91 61 0 0 2 0 0 0 29 0 2 58 0 0 0 0 
0 0 0 26 0 78 0 74 0 0 5 0 0 0 0 0 0 0 0 41 0 46 16 41 0 0 0 0 0 0 60 0 0 79 0 
47 0 0 0 0 0 39 0 0 0 0 0 0 0 98 0 0 0 0 0 0 0 0 0 0 0 0 98 0 0 0 88 24 0 
0 0 0 0 0 0 0 0 85 17 40 0 35 0 38 0 0 9 0 0 30 0 0 0 67 0 0 0 0 52 0 99 0 
0 0 0 0 0 72 14 56 0 0 46 0 74 62 0 0 0 0 47 0 26 15 60 4 0 0 0 0 0 0 0 0 
0 0 0 30 0 0 65 0 0 0 0 0 0 15 0 0 0 65 0 0 58 0 73 0 0 0 0 0 0 40 0 
0 0 1 0 0 0 0 0 0 0 0 0 0 0 0 0 0 84 0 0 32 0 0 0 88 90 44 0 0 23 
0 68 51 80 0 22 0 38 0 0 0 93 0 0 0 0 0 0 0 0 0 0 0 0 0 0 0 0 0 
0 4 71 0 0 0 0 70 0 55 0 0 0 0 0 0 0 53 0 0 65 0 0 52 0 0 0 0 
0 0 0 0 0 0 0 52 8 0 0 0 99 0 0 50 0 0 0 0 0 0 0 74 4 0 0 
48 0 60 0 31 26 0 0 0 0 0 0 0 0 0 0 0 0 0 0 90 0 0 0 0 33 
0 0 0 0 0 0 0 32 13 0 0 0 23 0 0 0 0 0 0 0 0 95 0 0 0 
95 97 44 97 0 0 0 0 65 0 0 0 0 80 0 47 72 14 0 0 0 0 45 0 
0 0 0 0 82 72 1 0 0 65 81 0 0 0 0 91 0 0 16 0 51 0 83 
0 30 0 19 24 0 0 21 0 0 0 20 0 0 0 34 0 0 0 1 0 29 
0 0 0 0 29 0 64 0 0 74 0 0 0 0 0 0 0 0 69 42 0 
0 0 0 61 0 34 0 0 0 0 0 88 0 0 0 0 18 0 0 59 
0 0 0 0 0 0 61 0 0 0 0 0 0 0 0 0 0 21 0 
83 91 32 0 0 0 0 0 0 0 0 0 0 54 0 33 0 0 
0 0 0 0 0 0 0 0 0 0 0 0 44 18 0 0 0 
0 0 0 56 0 0 5 0 0 0 0 0 37 40 0 0 
0 0 0 0 6 0 0 0 6 0 0 0 0 0 10 
0 0 28 0 0 89 0 0 0 0 5 0 0 0 
94 0 0 58 0 31 65 0 0 0 41 0 0 
73 0 0 0 18 0 0 0 74 0 0 0 
0 0 0 0 0 0 0 99 0 0 31 
0 13 0 0 0 0 59 0 0 0 
0 0 0 0 10 0 0 0 0 
0 0 0 0 38 0 5 0 
0 0 8 0 0 0 28 
0 89 0 0 0 16 
0 0 21 0 0 
0 0 93 47 
49 57 0 
0 0 
0 

#i: 15
0 0 0 0 0 0 0 0 0 0 0 0 0 0 0 35 0 0 0 0 0 0 11 0 0 0 0 73 0 0 0 0 0 0 0 82 0 0 
0 0 0 0 79 0 0 21 0 50 0 0 33 0 0 0 0 0 0 48 0 0 0 0 0 0 0 0 0 0 0 55 33 0 0 0 0 
0 0 0 17 0 53 0 79 0 0 0 26 0 0 0 34 0 58 99 0 15 0 77 0 88 0 0 0 0 0 72 0 0 0 0 0 
0 28 0 0 26 7 0 0 0 0 29 0 64 0 0 0 0 0 9 0 0 0 0 0 0 0 0 0 0 0 0 0 0 11 0 
41 95 0 90 0 0 0 73 0 0 51 0 0 10 91 0 17 0 0 0 62 0 7 0 69 0 0 0 0 0 38 0 0 0 
0 0 61 46 0 0 42 0 0 0 0 21 80 0 95 40 0 0 0 0 0 0 0 0 0 0 0 0 72 0 0 0 0 
0 0 16 51 0 0 16 0 21 0 0 0 0 0 40 0 0 0 0 0 0 0 0 0 0 0 0 0 0 99 0 0 
0 0 80 0 0 68 0 0 0 0 0 0 43 0 0 0 0 92 16 0 83 41 0 80 38 0 0 0 0 0 0 
0 0 61 0 19 0 0 0 0 47 0 0 0 0 0 0 0 0 0 0 0 0 7 0 51 0 21 96 0 0 
0 0 0 0 0 77 0 0 0 0 0 0 0 0 0 0 0 0 0 0 0 0 0 0 0 0 0 0 30 
0 0 0 0 0 0 0 0 44 0 0 0 74 0 94 40 0 0 0 0 0 32 0 0 0 0 0 0 
22 0 0 0 0 0 1 0 0 0 0 0 0 0 0 66 0 0 0 0 0 0 69 50 0 0 0 
63 0 0 0 84 0 73 0 0 0 0 0 0 0 0 0 0 90 71 67 0 14 0 0 0 0 
0 0 96 97 0 0 0 100 17 0 0 72 0 0 0 0 48 54 0 0 0 0 0 0 0 
26 75 0 0 0 0 0 0 0 0 52 0 0 0 0 0 0 0 0 0 0 25 0 0 
0 0 39 0 0 0 0 0 0 0 0 15 88 0 0 0 0 0 0 0 0 0 93 
26 0 0 82 0 0 0 0 0 0 0 0 0 0 0 0 0 0 64 0 0 68 
0 0 0 0 58 0 0 0 43 0 7 0 0 1 0 76 0 0 8 0 0 
60 27 0 56 95 10 0 0 63 0 9 0 36 0 83 0 0 0 0 0 
0 62 0 0 0 8 0 0 0 98 0 0 0 0 27 0 0 36 0 
0 0 0 0 0 0 0 0 0 0 0 0 0 0 0 0 0 42 
0 34 0 0 0 0 4 0 0 0 53 0 0 0 0 14 0 
0 0 0 0 0 0 0 1 0 41 0 0 96 93 0 0 
0 66 0 0 0 84 0 0 83 0 24 0 0 0 0 
0 0 0 7 0 0 0 38 0 43 76 0 0 0 
51 0 0 0 0 0 0 0 0 0 0 0 0 
0 0 0 0 96 56 73 82 39 0 0 0 
0 0 0 59 0 0 97 0 0 0 45 
0 0 0 0 0 0 0 0 0 0 
0 0 0 0 0 39 0 0 0 
0 0 0 0 0 0 0 0 
48 0 0 39 28 0 0 
0 0 0 0 31 0 
60 0 0 0 0 
0 0 0 0 
0 0 0 
0 0 
0 

#i: 16
45 69 0 0 0 0 79 0 45 45 0 0 0 0 83 0 0 78 59 0 0 0 0 0 0 0 0 0 0 0 0 91 0 6 0 0 0 
0 82 0 0 0 0 73 0 0 44 0 45 0 0 0 0 32 0 5 0 0 0 0 0 6 22 21 0 0 0 0 0 58 40 0 0 
58 52 0 43 0 6 0 34 0 0 0 53 0 15 0 0 0 0 0 4 0 19 0 84 0 0 7 0 0 0 0 0 0 0 0 
0 0 0 40 0 0 51 0 0 0 0 0 0 34 87 0 84 0 0 0 0 0 35 52 26 0 0 0 0 0 0 0 0 0 
0 64 99 0 0 0 0 0 0 0 0 0 0 0 0 0 0 25 0 0 0 0 42 28 29 0 0 0 0 0 0 0 43 
0 38 0 0 0 41 0 22 0 0 0 0 90 26 0 0 79 0 68 0 0 0 0 67 0 0 0 23 0 40 98 0 
48 0 0 8 0 0 0 0 0 0 0 0 54 0 0 0 0 0 98 0 0 0 14 0 7 0 0 0 24 0 0 
0 4 0 0 96 0 0 3 46 0 0 0 78 0 34 0 0 0 0 0 69 0 38 0 0 0 0 57 0 27 
0 0 0 0 82 69 17 0 0 0 0 0 0 83 0 0 0 11 0 90 33 77 2 0 0 50 0 0 0 
0 0 0 0 93 0 0 8 36 0 0 0 0 0 0 0 0 39 0 18 0 89 0 0 51 0 0 0 
0 0 0 0 0 0 0 0 76 0 0 0 0 2 0 0 26 0 0 11 46 0 0 46 8 0 0 
100 0 8 0 0 0 0 0 0 0 0 98 0 0 0 0 0 0 0 0 0 0 0 86 0 0 
0 0 0 0 0 0 89 28 84 0 73 0 60 0 0 0 0 0 0 0 0 33 73 76 0 
96 0 11 0 0 0 0 0 68 11 29 0 0 0 0 0 6 0 0 14 48 0 54 0 
0 22 0 0 0 0 0 90 0 95 0 0 92 32 0 0 47 0 0 0 4 0 48 
0 12 71 0 0 0 0 0 0 0 35 0 0 0 37 0 81 0 0 0 0 0 
79 0 0 0 0 81 0 57 0 0 0 0 0 0 22 0 33 0 71 0 0 
0 0 0 0 0 0 0 89 0 0 0 0 0 20 0 0 0 96 0 0 
0 34 0 99 0 48 0 72 0 0 0 0 25 0 0 0 0 3 0 
29 0 0 0 44 74 0 0 0 0 0 0 67 0 0 0 76 0 
0 0 0 37 0 0 0 0 66 35 0 3 0 76 0 0 0 
0 0 70 0 0 0 28 0 0 0 0 0 0 0 16 75 
46 0 67 82 0 0 56 73 0 0 68 0 0 0 0 
0 0 5 0 0 0 0 0 96 0 9 0 0 0 
0 0 0 0 0 0 39 0 0 0 0 68 0 
0 0 0 73 53 46 0 0 96 0 0 6 
0 0 88 0 0 0 0 0 0 34 0 
0 37 64 0 41 0 52 0 28 0 
0 9 6 0 0 0 0 0 0 
0 0 0 0 0 0 0 0 
0 0 83 0 0 95 2 
0 0 0 74 84 0 
0 0 0 0 31 
77 72 0 0 
0 45 0 
0 0 
53 

#i: 17
0 0 0 0 0 91 0 99 0 0 0 0 94 9 0 0 73 0 0 0 0 0 43 19 29 0 0 57 0 0 0 56 0 59 0 0 
0 0 0 0 0 0 0 0 0 37 0 0 0 0 0 0 0 0 2 0 0 53 0 72 35 0 0 0 0 100 19 0 0 0 0 
0 0 0 0 0 0 0 0 0 0 0 0 0 0 36 0 42 0 0 0 0 0 0 0 66 0 0 19 0 0 0 30 0 0 
0 35 0 0 0 0 50 0 92 0 0 0 0 0 0 0 0 0 0 0 0 0 0 0 98 0 0 0 0 0 0 0 60 
80 0 0 62 0 0 0 0 0 0 68 87 12 0 0 96 59 44 38 93 0 0 0 0 0 0 0 0 0 0 0 0 
0 0 0 9 0 0 0 0 0 73 0 0 0 1 0 0 0 0 92 0 0 4 0 0 0 0 0 76 70 85 0 
0 0 0 0 0 43 70 0 0 0 0 0 16 0 30 0 0 89 0 0 0 40 0 0 25 0 0 1 0 0 
0 0 0 35 0 20 0 0 0 0 0 0 0 74 91 0 0 0 0 0 0 0 99 54 98 20 41 0 0 
0 0 0 52 0 0 78 0 0 10 31 0 0 15 24 0 51 29 0 94 0 0 0 0 0 0 97 0 
0 0 0 0 55 70 0 0 0 0 0 0 21 0 0 0 77 0 0 2 0 0 0 0 0 0 50 
0 0 0 38 0 0 0 0 93 0 0 0 46 0 0 0 0 0 0 0 40 0 0 55 98 0 
0 1 0 54 0 41 3 0 0 0 85 0 0 0 36 0 0 0 52 94 0 0 0 0 0 
0 0 0 0 0 0 19 0 0 0 0 0 0 0 0 0 0 0 0 0 57 0 0 0 
58 41 39 80 0 0 0 0 0 0 0 0 0 93 0 0 0 0 0 0 0 0 0 
0 0 0 0 73 0 0 0 0 0 28 0 13 0 0 23 0 0 48 0 0 0 
0 0 20 0 0 0 0 0 0 0 21 76 0 59 77 0 40 0 0 82 0 
0 64 0 49 0 0 0 0 86 13 0 14 53 42 0 51 0 0 0 0 
0 0 46 0 0 0 0 72 22 82 32 0 0 3 0 0 0 0 0 
0 0 70 0 0 0 55 0 0 0 0 8 78 0 0 0 37 0 
0 0 1 69 94 0 0 0 0 70 66 0 0 0 3 0 0 
49 55 0 16 0 0 0 0 67 0 0 61 0 60 89 0 
0 86 0 0 23 0 0 0 0 0 87 0 0 0 25 
0 0 0 58 0 27 0 0 0 67 0 0 0 70 
0 0 0 0 0 0 29 0 0 0 43 0 0 
0 0 0 54 0 0 1 31 0 0 0 0 
0 43 0 0 66 0 0 0 0 61 42 
65 11 0 0 0 0 29 0 57 90 
0 0 0 0 0 0 11 0 0 
0 51 0 92 0 57 0 0 
73 0 4 33 0 0 0 
0 25 0 0 0 0 
0 16 0 0 0 
0 0 0 0 
0 0 0 
0 0 
0 

#i: 18
0 41 0 0 0 0 0 58 0 0 2 0 0 0 82 0 0 0 0 30 56 0 0 0 0 0 0 0 0 87 0 0 0 0 0 
0 0 87 0 38 0 26 70 0 80 0 97 0 12 0 0 0 0 0 88 0 0 6 0 92 41 0 0 82 0 0 27 0 83 
0 0 0 0 0 0 0 99 0 0 0 0 35 41 51 0 0 48 0 52 12 63 0 73 0 77 3 0 0 48 0 31 0 
45 0 70 0 0 3 54 0 0 0 58 0 0 56 6 0 0 0 0 71 39 0 0 83 0 0 0 0 0 0 0 0 
0 39 0 0 0 72 0 0 0 79 0 0 0 0 0 23 0 0 0 0 51 0 0 0 0 41 0 52 0 71 0 
21 46 0 72 0 69 38 0 0 56 53 5 0 0 0 0 0 38 0 0 0 0 0 0 0 0 26 0 0 0 
38 16 68 0 32 0 35 0 5 75 0 0 0 0 0 0 0 14 0 74 82 0 0 0 0 48 75 0 0 
35 76 0 0 37 0 0 0 53 88 0 93 89 0 15 0 0 0 80 0 0 0 0 76 0 0 46 37 
28 0 0 0 0 0 0 13 81 0 0 0 0 0 0 0 26 70 37 84 0 0 0 0 0 0 13 
39 0 0 60 0 0 0 0 18 0 0 63 0 0 0 45 34 0 41 0 0 49 0 74 0 0 
0 48 0 0 0 0 0 0 0 0 85 0 0 0 0 0 14 0 97 34 0 75 0 0 25 
0 0 0 0 0 28 0 0 57 0 0 0 47 0 0 0 0 0 0 0 0 0 0 0 
64 0 79 0 0 0 0 0 0 0 0 45 0 0 0 0 0 0 0 0 0 14 0 
0 82 69 0 0 71 16 0 0 0 0 0 0 60 24 0 0 48 86 0 0 0 
34 53 0 96 0 56 0 0 0 0 31 0 38 0 0 0 0 0 0 0 39 
93 0 0 48 0 42 0 0 65 0 0 60 23 79 0 0 0 0 89 0 
26 0 0 0 0 72 0 0 0 0 0 58 0 0 0 0 0 0 0 
0 5 0 0 0 95 83 0 0 0 0 20 0 0 36 0 0 0 
35 0 0 0 0 0 0 0 0 11 0 5 0 0 0 0 0 
32 58 0 52 60 0 66 0 0 0 54 0 0 0 0 0 
0 0 33 0 0 0 0 0 0 0 42 96 27 0 0 
100 0 0 0 0 0 51 57 0 0 0 0 0 0 
57 0 0 0 0 98 0 0 0 0 27 0 79 
0 0 0 83 0 0 0 5 0 0 0 70 
0 0 0 0 11 0 5 0 0 84 52 
0 0 0 0 0 0 0 0 35 22 
0 0 19 56 0 0 0 0 16 
0 0 0 0 0 0 0 0 
0 0 38 0 0 0 37 
0 0 0 0 0 0 
0 36 0 0 0 
0 0 0 30 
0 0 0 
0 0 
0 

#i: 19
0 0 0 0 0 56 0 26 0 0 0 0 0 0 0 0 49 6 72 0 0 95 0 0 0 0 28 0 0 0 44 0 0 65 
0 67 0 52 0 0 0 0 0 0 0 33 0 0 82 0 0 0 68 0 48 0 0 0 0 0 0 0 0 0 0 82 0 
48 0 20 80 69 0 0 0 5 0 79 0 0 0 0 0 75 0 0 0 28 0 20 0 0 0 0 0 0 0 0 0 
0 58 0 0 11 0 0 0 0 15 64 0 0 0 0 0 0 0 19 0 0 21 0 0 0 0 81 0 0 40 70 
0 0 55 0 8 0 0 0 0 0 0 0 84 0 0 59 0 0 0 0 0 0 0 95 0 0 0 71 0 25 
0 0 0 0 0 81 0 0 0 0 0 0 0 0 88 0 72 0 0 87 0 4 35 0 88 0 0 0 0 
0 79 0 0 23 50 44 0 0 0 0 0 0 0 33 33 46 0 12 49 0 0 0 0 0 48 0 0 
19 0 0 0 29 0 0 0 63 0 0 0 0 0 0 0 0 0 47 37 0 0 0 86 0 46 0 
0 0 0 46 0 54 71 9 0 40 0 0 0 0 0 0 24 0 0 0 0 61 0 40 0 0 
0 0 0 0 0 78 0 0 0 0 33 7 71 94 0 0 25 18 0 0 0 0 0 78 0 
0 0 0 0 0 41 0 0 99 0 0 0 85 0 0 0 0 39 0 0 0 0 0 99 
0 0 0 0 0 0 55 0 0 0 0 0 0 0 65 0 0 96 76 57 0 36 0 
0 0 0 0 0 0 81 23 0 0 0 0 7 0 0 0 0 86 13 0 39 0 
0 0 0 0 0 0 0 0 33 0 0 0 0 34 0 0 47 61 0 0 0 
0 0 0 0 0 0 10 0 0 0 60 0 20 0 0 0 60 0 59 11 
0 0 74 19 0 0 0 31 0 0 10 61 46 0 0 89 0 26 0 
0 0 25 0 0 0 0 0 0 0 0 0 0 0 0 0 0 0 
56 0 0 0 0 99 0 0 0 0 88 0 0 0 0 46 0 
100 6 18 0 0 0 0 0 0 38 0 77 0 0 0 0 
0 0 10 0 0 0 0 0 0 0 0 4 78 0 0 
0 65 0 0 59 0 74 0 0 12 31 28 0 0 
14 0 0 0 0 74 65 0 61 0 0 0 0 
0 0 0 0 0 0 78 0 0 0 0 0 
0 0 4 0 0 0 0 0 78 49 0 
97 34 0 0 0 0 29 36 19 81 
0 0 0 0 0 12 55 0 83 
0 0 0 0 0 0 48 0 
0 48 82 0 0 0 40 
0 0 64 73 0 0 
0 0 0 33 0 
0 0 0 0 
0 0 51 
0 0 
23 

#i: 20
30 0 0 0 0 0 0 0 89 0 78 0 0 0 28 0 33 0 77 0 68 0 0 0 0 0 72 0 19 0 99 0 0 
0 0 0 0 0 0 0 0 0 35 0 0 0 0 0 0 0 0 5 0 13 30 0 13 0 0 0 0 0 0 0 0 
0 0 93 0 0 28 37 0 0 0 0 60 0 0 85 0 0 0 0 0 0 0 84 0 0 0 0 46 0 45 55 
0 0 0 0 0 0 0 0 0 0 0 43 68 66 90 50 0 0 0 0 0 0 38 0 0 0 0 70 0 65 
0 7 0 0 0 83 0 83 0 0 0 0 69 0 33 0 0 0 0 0 0 3 63 0 0 0 0 0 0 
0 0 79 0 0 0 0 84 0 0 89 59 0 0 0 0 0 2 0 0 0 0 0 0 0 99 0 0 
0 0 0 79 14 0 58 0 0 0 0 0 0 0 0 0 0 0 0 0 4 0 0 0 0 28 0 
0 0 0 0 0 0 0 0 0 86 28 0 0 0 0 0 0 0 91 0 17 0 0 0 79 0 
13 74 0 0 0 0 0 0 19 0 0 0 0 0 67 0 25 0 0 0 0 0 79 80 0 
0 91 25 0 0 0 0 5 0 98 0 0 0 63 0 0 0 88 15 97 0 38 0 0 
14 94 0 28 0 0 0 9 26 0 21 0 0 0 0 0 51 30 28 0 0 0 0 
0 0 0 0 0 0 0 0 0 0 0 0 0 0 87 0 77 0 27 0 0 0 
17 0 0 35 0 0 0 0 0 78 0 0 32 0 0 68 0 0 93 0 0 
0 82 0 0 51 0 0 28 0 0 0 0 0 0 0 0 0 0 0 0 
0 0 0 0 0 0 0 0 46 0 0 0 0 0 0 38 23 0 0 
0 0 0 0 0 0 0 0 0 0 0 20 0 59 0 0 0 0 
0 0 89 0 28 19 15 0 36 0 0 0 0 0 0 0 0 
0 26 0 0 31 0 0 91 0 0 72 0 0 0 0 0 
0 15 62 0 0 0 0 0 59 24 6 0 0 7 58 
0 0 95 0 66 0 0 0 99 0 0 0 0 99 
0 0 0 0 0 0 0 0 63 0 0 0 0 
96 0 86 0 0 2 0 0 6 0 0 0 
0 0 0 93 0 0 76 0 58 0 0 
0 0 0 0 93 0 0 0 0 0 
0 0 0 0 0 0 0 83 88 
0 0 96 0 11 50 0 0 
0 46 0 0 12 0 11 
0 0 0 0 0 0 
43 0 0 0 0 
0 94 0 0 
0 0 90 
27 0 
0 

#i: 21
0 0 79 55 66 0 0 0 0 48 0 0 0 0 77 0 0 0 0 61 0 0 0 59 5 56 0 0 0 24 0 0 
0 0 0 0 0 0 0 0 0 0 1 0 84 0 0 0 0 0 0 0 0 0 0 0 0 77 0 0 0 26 41 
0 0 0 0 0 0 0 0 74 31 0 0 10 0 0 0 99 85 0 0 0 0 0 0 0 0 0 20 0 0 
0 0 0 0 0 0 29 0 27 0 0 25 0 0 44 0 0 0 0 0 0 0 0 0 0 43 0 0 0 
0 0 0 0 0 81 57 17 10 0 0 72 0 0 0 86 0 0 0 55 0 19 6 0 0 0 75 0 
93 54 2 0 0 0 49 0 0 51 61 0 0 0 0 0 0 0 0 0 0 0 0 0 0 0 0 
0 0 0 0 0 16 0 31 0 21 0 0 13 0 0 0 0 71 0 0 0 52 0 100 60 0 
0 0 0 4 0 71 0 0 0 0 0 0 0 0 0 96 55 0 0 0 15 0 0 65 0 
0 0 15 94 0 0 13 0 65 57 0 0 0 0 0 0 0 0 0 0 0 0 0 38 
0 0 0 0 0 0 0 0 34 0 0 0 76 0 98 33 44 0 0 33 0 0 0 
0 3 0 0 0 1 0 0 0 0 0 0 0 0 64 0 0 4 0 0 0 0 
0 0 0 84 100 41 0 0 0 0 0 3 0 0 0 0 0 0 0 0 0 
0 0 77 0 0 0 0 0 0 0 62 0 0 0 0 23 62 0 0 0 
0 0 0 0 0 0 0 55 0 0 0 0 0 0 0 98 0 0 0 
51 50 0 0 0 0 0 0 0 0 57 0 0 0 0 0 0 0 
0 0 0 0 0 29 0 0 0 7 0 0 0 0 0 14 0 
53 0 0 95 0 0 0 21 0 0 5 0 0 0 62 38 
0 0 0 0 0 0 1 0 0 0 0 0 0 79 0 
0 0 0 23 0 0 0 0 58 0 15 0 0 0 
0 0 1 0 63 0 0 71 0 0 70 0 0 
0 0 59 0 0 0 0 0 0 81 96 0 
0 0 0 0 79 39 0 0 0 66 0 
0 47 0 0 0 0 0 0 0 0 
0 0 0 0 0 0 0 0 0 
0 0 37 0 0 0 0 0 
0 0 0 74 0 0 84 
0 0 0 0 0 0 
0 0 0 0 0 
0 0 0 0 
28 0 69 
0 0 
0 

#i: 22
0 0 38 0 0 0 77 0 0 0 0 0 0 0 72 0 0 0 0 0 0 0 0 84 0 0 0 0 0 0 55 
0 0 13 80 71 0 0 0 0 0 0 0 0 0 0 0 0 0 0 0 0 0 0 10 0 0 0 81 65 61 
0 0 0 0 0 0 0 0 0 32 60 0 0 0 0 0 50 0 0 0 11 0 60 0 0 0 0 0 0 
0 0 0 0 0 0 0 0 0 0 0 44 92 0 0 29 0 98 0 0 0 0 0 0 0 0 0 0 
0 0 0 49 0 0 0 0 0 0 0 0 0 72 13 0 0 0 0 0 91 45 0 72 0 0 0 
0 0 0 0 0 46 0 0 0 0 31 0 54 0 12 82 0 78 0 0 48 0 0 0 25 0 
0 0 0 24 0 0 0 0 0 0 56 0 60 0 0 0 0 0 61 0 0 25 31 0 0 
0 0 20 0 0 0 0 0 0 64 19 0 0 0 0 85 0 63 0 0 99 0 0 0 
0 0 0 47 0 66 0 0 0 0 0 0 61 76 0 0 0 0 0 0 36 34 0 
0 0 0 0 6 0 0 0 0 0 0 0 0 0 0 0 0 96 0 65 0 0 
0 73 83 0 0 0 0 0 78 0 90 0 0 47 0 85 0 0 0 0 0 
0 0 0 22 0 0 0 0 0 0 0 0 0 0 0 0 0 0 0 0 
0 0 0 0 0 0 0 0 0 0 0 74 0 0 54 0 0 0 0 
0 41 0 0 61 10 0 52 43 0 0 0 0 0 58 89 0 53 
28 0 0 0 0 0 0 81 0 0 0 0 0 0 76 0 0 
0 0 0 0 0 34 0 0 0 34 64 0 0 58 34 0 
0 8 0 0 0 0 0 0 0 0 0 0 0 0 0 
0 0 91 0 40 0 0 0 0 0 0 0 0 0 
0 7 0 0 0 0 0 0 0 0 23 0 0 
97 0 0 0 0 69 0 0 0 0 0 0 
0 0 0 0 0 93 0 0 0 0 0 
0 0 0 54 0 75 0 0 0 0 
0 0 0 0 0 0 0 0 93 
0 0 49 0 0 0 0 75 
0 0 0 0 59 98 0 
60 0 0 0 80 0 
0 0 85 0 0 
59 46 0 0 
0 51 0 
0 0 
0 

#i: 23
62 0 75 0 0 0 0 0 0 52 17 0 0 82 49 0 0 0 0 23 68 0 0 0 0 0 0 0 0 16 
0 0 80 0 65 0 0 0 0 0 0 0 13 0 0 0 0 0 0 0 0 0 0 0 0 54 9 9 57 
0 0 0 0 0 0 0 0 30 0 0 0 0 0 0 70 0 0 0 0 15 80 0 0 0 0 0 0 
0 0 5 0 5 0 0 0 0 0 0 0 0 0 52 0 0 0 0 0 0 0 0 0 6 0 75 
0 0 0 0 49 0 56 78 0 0 0 0 0 0 0 0 62 0 0 0 74 0 0 0 4 57 
74 0 0 0 32 0 0 0 32 0 12 0 0 0 81 0 1 0 56 0 31 0 5 0 0 
0 0 0 0 0 0 24 0 0 0 51 0 0 0 0 91 0 0 0 0 17 0 0 0 
0 0 45 0 31 0 0 88 20 0 0 0 0 0 6 33 0 0 0 0 0 81 0 
14 77 0 0 0 0 0 45 0 89 0 0 53 0 71 0 0 0 78 17 0 0 
0 0 77 0 0 0 36 0 98 0 0 0 0 0 23 0 64 0 9 2 23 
0 0 37 0 0 0 0 0 0 0 0 0 0 0 0 0 45 10 0 0 
88 41 0 77 0 13 0 0 70 89 0 0 4 83 0 0 0 0 0 
75 0 10 0 0 0 0 0 0 0 0 0 15 1 0 51 64 0 
0 0 100 0 69 0 78 99 0 0 0 0 58 0 0 0 0 
0 0 0 0 10 9 0 0 0 0 0 0 0 69 0 0 
35 0 73 0 0 0 21 0 0 0 0 0 0 0 90 
0 0 0 0 0 0 0 0 0 0 70 0 0 0 
86 0 0 29 0 55 0 0 24 0 0 0 0 
0 0 0 0 4 0 72 0 0 0 0 76 
50 93 36 0 61 0 0 12 0 0 0 
0 0 0 51 0 0 0 0 0 0 
0 0 0 0 0 11 0 76 0 
0 0 32 0 0 0 0 0 
26 0 0 0 0 38 0 
46 0 0 0 0 0 
0 0 39 0 0 
0 0 0 0 
44 0 0 
34 0 
0 

#i: 24
93 30 0 0 0 0 0 0 0 76 0 0 0 0 0 0 0 0 0 76 0 81 0 0 0 0 0 0 53 
50 14 54 0 0 0 0 48 0 0 0 0 0 0 0 0 7 4 0 11 0 0 0 0 93 0 0 83 
0 0 41 0 0 0 52 0 0 0 0 0 0 0 0 0 63 0 0 0 0 0 0 0 85 0 52 
0 100 76 0 0 90 1 0 0 90 0 0 97 0 0 0 0 56 0 0 39 0 0 0 86 0 
0 0 0 0 16 57 0 58 0 0 0 0 0 0 0 0 0 0 0 0 55 0 0 83 2 
0 0 28 58 18 99 0 14 0 97 100 52 0 0 0 0 0 0 0 30 0 63 0 0 
80 0 0 0 0 0 0 0 0 0 0 0 0 0 0 0 0 0 0 0 0 0 0 
86 79 95 0 76 31 0 39 0 45 0 0 0 32 0 0 0 0 55 0 0 7 
0 0 0 0 0 0 20 40 0 0 0 0 0 0 71 0 0 0 0 38 0 
0 0 0 0 0 0 0 0 0 0 43 0 0 0 0 1 0 0 0 0 
29 1 29 0 0 0 0 36 0 0 0 58 0 0 0 0 0 0 0 
93 75 0 98 9 0 0 0 0 0 0 0 0 0 65 0 0 34 
0 0 0 94 0 0 48 65 13 0 0 0 0 0 0 8 0 
51 78 0 0 0 18 0 0 0 0 0 98 89 0 0 0 
0 0 0 0 53 0 94 0 30 0 65 0 0 0 0 
0 0 0 0 0 0 24 94 0 9 0 0 0 0 
0 0 0 0 15 0 70 0 0 0 0 2 0 
58 8 36 0 0 0 0 12 0 0 0 0 
0 0 0 0 0 0 0 0 11 2 53 
0 0 11 83 0 0 0 0 0 0 
0 0 29 44 2 0 0 0 39 
0 0 0 0 9 0 62 75 
0 0 0 0 0 71 100 
0 71 58 0 10 0 
0 0 0 0 50 
0 0 0 55 
0 0 0 
51 0 
0 

#i: 25
0 0 0 0 0 0 0 0 0 0 67 0 37 0 0 38 0 0 20 0 0 0 0 0 0 62 0 0 
0 0 80 63 0 0 2 92 0 0 0 0 0 0 0 0 0 91 0 0 0 20 0 0 0 0 0 
31 87 0 0 0 0 0 0 0 0 0 0 47 0 0 0 0 0 0 0 0 0 0 92 0 0 
0 0 0 0 0 0 0 0 0 0 0 0 0 14 61 0 55 0 0 91 0 0 0 0 0 
0 0 49 0 31 0 78 0 0 0 0 0 34 0 0 0 0 42 0 0 0 72 0 0 
0 0 0 42 0 62 46 0 0 0 0 0 0 0 86 0 0 0 0 0 54 0 0 
0 0 0 0 0 55 0 0 0 0 41 0 0 0 72 0 0 0 0 0 3 0 
0 0 0 0 0 0 0 0 0 0 0 0 67 72 0 0 0 0 0 0 88 
0 40 0 75 0 0 0 0 0 0 22 32 0 0 0 11 0 0 0 0 
23 0 0 0 0 0 0 29 95 0 0 85 29 0 2 0 84 0 31 
0 0 0 0 0 0 0 0 0 0 0 0 0 0 0 0 0 57 
55 0 0 0 0 0 0 0 6 0 0 0 0 0 0 59 0 
0 0 0 0 0 0 0 0 0 20 0 0 0 0 87 0 
91 0 0 0 53 0 19 0 0 0 0 0 0 0 14 
0 0 0 1 0 44 0 0 0 0 0 0 98 42 
0 0 0 0 0 67 0 0 0 0 33 0 91 
0 0 0 65 10 0 0 0 0 87 0 0 
0 0 0 0 0 0 0 12 0 0 0 
60 0 0 0 31 0 0 0 0 0 
0 0 71 42 0 0 0 0 0 
0 0 48 0 64 0 0 0 
0 0 0 0 0 13 7 
0 16 0 91 0 0 
0 0 0 15 0 
0 0 92 37 
0 0 0 
0 66 
32 

#i: 26
0 0 0 55 0 0 0 0 0 0 0 0 15 3 0 66 0 0 0 0 0 0 0 0 0 94 39 
0 49 0 94 0 0 80 0 0 0 0 0 89 0 0 36 0 10 0 35 0 0 0 0 0 0 
0 0 65 0 0 0 98 5 0 75 68 0 0 0 0 0 74 0 72 13 0 0 56 0 74 
0 0 0 0 0 0 16 0 49 0 0 0 0 17 0 0 0 0 0 90 0 39 89 79 
0 84 0 0 0 0 0 0 0 0 0 0 0 0 21 93 0 0 0 0 0 0 0 
0 0 0 0 0 12 0 30 0 0 0 82 0 0 21 0 0 0 0 0 0 0 
0 0 0 0 0 0 0 43 0 0 0 0 0 10 0 32 87 0 0 0 0 
0 0 0 0 0 0 0 0 0 0 0 0 0 0 0 0 0 94 46 46 
0 17 0 0 0 0 0 54 0 0 0 0 0 7 0 0 0 0 0 
44 0 0 48 0 0 0 0 0 0 92 0 0 0 0 0 0 0 
0 76 0 62 92 0 0 0 93 0 0 0 0 3 0 0 0 
0 0 23 97 0 0 0 0 0 0 0 85 0 25 0 0 
0 30 36 0 0 0 0 58 59 0 0 69 5 18 0 
0 0 0 0 19 0 54 2 54 0 49 16 0 0 
0 58 0 0 0 2 0 0 0 29 0 0 0 
0 92 0 0 0 66 0 0 0 0 0 0 
8 0 77 0 0 0 0 0 6 0 60 
95 0 0 8 0 0 0 0 23 0 
38 0 78 0 0 0 0 0 41 
0 0 0 0 0 0 96 0 
0 0 14 0 0 0 46 
42 0 49 48 18 0 
0 0 0 0 0 
0 0 0 0 
0 0 0 
0 38 
0 

#i: 27
0 0 11 0 0 45 0 0 0 0 14 37 0 0 0 47 11 0 0 0 0 0 40 0 16 0 
87 0 0 0 0 0 0 0 0 0 55 0 0 0 0 0 0 5 0 0 58 67 21 10 21 
63 0 0 0 0 0 16 0 0 0 0 0 0 0 0 4 40 0 86 0 0 0 0 0 
19 0 0 0 0 0 0 0 0 27 0 0 0 0 0 0 0 0 0 0 0 0 0 
85 0 0 15 0 0 98 0 96 0 8 0 93 0 0 0 0 67 0 0 0 0 
0 67 0 0 0 88 0 0 86 0 0 0 0 0 0 0 0 0 0 0 0 
0 3 0 98 63 82 0 79 0 0 71 0 0 0 0 0 0 0 0 17 
0 0 0 0 63 0 0 0 0 0 0 98 0 0 0 53 0 0 0 
0 0 0 0 0 79 0 0 0 0 0 19 0 0 0 48 0 53 
0 0 0 0 0 0 0 0 0 0 0 0 0 0 0 0 0 
0 0 0 27 0 0 0 0 0 0 0 0 0 65 0 0 
34 0 0 62 0 0 0 0 0 0 0 0 47 17 0 
0 0 90 0 0 0 0 0 89 0 0 0 0 0 
31 50 0 0 48 22 0 0 0 99 0 91 0 
0 0 0 0 0 3 47 0 0 0 10 0 
0 0 0 0 0 0 0 43 0 35 0 
0 0 24 12 62 0 26 0 37 0 
0 0 0 0 46 0 0 0 0 
0 0 22 0 0 0 3 0 
0 0 0 0 0 0 0 
0 0 30 0 0 0 
0 0 0 0 85 
0 5 0 0 
21 0 0 
0 75 
0 

#i: 28
0 0 0 0 0 0 0 0 0 21 37 40 7 0 0 0 0 0 30 30 0 0 0 65 0 
0 47 0 0 0 0 0 0 0 0 0 0 0 26 47 0 5 0 0 0 0 82 0 19 
30 0 0 0 0 94 0 0 0 0 0 0 90 0 0 0 0 91 0 0 32 0 22 
0 0 0 0 0 0 0 0 0 85 0 0 25 0 17 91 79 0 97 0 0 59 
0 79 0 84 47 0 0 0 1 0 3 0 0 0 0 0 0 0 0 0 0 
0 53 0 0 50 0 0 0 61 25 0 0 0 0 0 0 0 0 35 91 
0 28 8 0 0 11 0 0 0 0 0 8 0 0 0 0 0 0 0 
0 0 0 0 87 0 0 0 0 0 0 0 9 12 19 40 0 48 
31 0 0 0 0 96 0 0 64 0 0 0 0 0 0 5 7 
54 71 35 26 0 2 0 0 0 70 0 0 80 18 0 0 
0 0 5 0 0 0 16 0 0 0 0 0 0 0 0 
0 0 0 0 0 0 59 95 44 0 0 0 0 0 
0 0 88 0 41 0 0 0 0 0 0 0 0 
21 0 18 44 0 0 0 80 77 0 0 0 
0 0 0 85 0 0 0 75 11 0 86 
0 0 0 0 0 6 0 0 0 0 
0 0 55 0 0 0 0 0 0 
0 0 5 0 0 0 0 75 
0 67 0 0 0 0 0 
0 0 0 0 0 0 
74 0 0 29 0 
0 46 17 0 
32 0 0 
0 53 
98 

#i: 29
47 61 98 0 0 45 31 0 0 48 13 0 0 0 0 55 0 0 0 0 0 0 41 84 
35 84 19 65 0 0 0 0 0 0 0 3 90 0 0 73 57 0 0 51 39 0 0 
0 28 0 0 0 72 0 0 0 0 0 67 0 0 0 0 0 0 0 0 28 6 
23 0 0 0 0 0 0 0 74 0 0 0 28 0 0 20 0 68 0 0 3 
0 0 0 0 0 0 0 81 0 0 0 0 0 0 78 0 26 93 0 0 
0 0 0 0 0 0 52 0 0 0 96 41 0 0 0 69 0 69 0 
30 0 0 0 52 48 47 26 0 0 0 38 0 0 0 0 0 0 
0 0 77 0 0 0 0 0 0 0 0 0 0 0 0 43 0 
48 0 0 24 9 0 0 68 0 0 0 0 0 67 0 0 
47 0 0 0 77 0 0 80 28 0 21 0 0 0 0 
0 0 0 0 74 0 0 69 0 0 44 0 66 0 
0 0 0 100 43 0 0 0 0 0 0 0 73 
0 0 34 38 0 0 0 0 0 81 0 0 
0 0 0 83 0 0 99 6 0 0 0 
0 82 0 0 31 56 0 57 0 67 
0 90 0 0 0 50 0 0 0 
58 50 0 0 0 97 0 98 
0 0 87 0 0 0 18 
50 0 0 0 0 0 
0 0 0 0 77 
0 0 0 0 
0 0 0 
0 86 
0 

#i: 30
0 0 3 0 0 0 0 0 0 0 32 0 0 0 94 0 0 49 0 67 0 56 0 
68 0 0 0 0 91 0 0 0 90 0 0 0 0 0 12 0 0 0 12 0 0 
0 0 0 61 0 10 50 0 70 13 0 47 0 0 0 0 0 0 0 0 0 
0 0 0 0 0 0 0 86 31 0 0 0 0 0 0 0 0 0 18 0 
0 0 0 0 0 0 69 0 0 0 0 0 0 0 0 0 0 0 78 
0 0 34 27 45 0 23 65 58 0 0 0 0 0 0 92 37 51 
0 0 0 17 0 0 0 46 0 0 0 0 78 0 0 0 0 
9 0 0 66 0 73 0 14 45 0 0 37 0 0 0 0 
44 0 0 0 79 0 0 0 0 0 15 0 0 0 0 
0 31 0 19 0 0 0 0 0 67 0 95 0 0 
0 10 0 56 0 0 0 0 46 0 28 45 0 
49 0 0 9 0 0 0 0 0 0 0 0 
0 0 0 0 87 0 0 0 29 0 0 
95 0 0 0 0 0 0 94 0 28 
0 0 0 22 0 0 28 0 0 
0 0 0 0 94 15 0 0 
27 0 0 0 0 53 0 
0 95 99 0 76 0 
0 0 0 10 56 
0 0 29 0 
36 0 0 
0 0 
0 

#i: 31
97 0 0 0 94 0 0 0 0 0 0 0 0 74 0 0 0 0 100 0 54 90 
0 0 0 21 0 0 59 86 98 0 17 37 0 0 0 0 0 0 0 0 0 
0 17 0 0 0 0 0 18 0 5 58 0 0 28 0 0 0 0 0 0 
0 0 41 0 0 3 0 0 0 0 0 0 88 0 0 0 0 0 44 
0 0 23 0 0 0 0 26 0 0 0 1 0 0 0 0 0 0 
0 30 26 0 0 0 12 0 0 0 77 0 0 0 0 69 65 
48 0 0 0 0 0 0 0 0 0 0 79 0 0 45 0 
0 50 0 0 0 0 0 0 0 0 0 0 90 0 88 
56 0 81 0 25 0 0 42 0 0 0 41 55 0 
0 77 0 11 0 0 0 90 0 83 0 0 0 
0 53 0 0 0 63 0 0 0 0 0 0 
8 88 0 0 0 43 0 0 0 0 0 
0 43 0 0 0 0 21 0 0 0 
0 0 0 0 0 42 0 0 29 
78 38 37 0 0 0 0 0 
0 0 41 0 0 0 0 
0 0 11 0 45 0 
93 0 0 0 100 
0 5 0 0 
91 0 0 
0 0 
0 

#i: 32
5 0 0 0 66 0 0 0 0 21 0 0 6 0 0 17 0 0 0 86 0 
0 0 0 0 0 0 97 20 0 0 0 0 0 33 0 0 0 0 0 0 
0 0 0 0 0 0 0 0 0 0 0 0 80 0 0 79 20 0 0 
0 0 0 35 20 0 0 0 0 0 63 0 0 70 0 29 0 0 
83 0 0 0 78 0 0 83 0 0 0 0 0 0 0 48 0 
4 0 39 29 0 0 0 11 0 0 75 83 0 0 0 14 
0 0 0 0 0 0 4 0 71 0 0 0 0 0 0 
0 0 0 91 0 0 0 0 0 99 0 5 0 0 
0 0 41 55 0 63 0 0 51 0 0 0 24 
14 0 0 0 0 0 0 0 0 0 88 0 
0 0 36 0 0 0 0 0 0 0 0 
0 0 0 0 0 0 46 0 0 14 
0 0 0 0 0 75 0 0 0 
25 83 0 0 7 0 0 0 
0 0 0 0 0 30 0 
77 0 0 0 0 0 
0 26 0 0 0 
0 0 0 0 
94 0 0 
0 0 
0 

#i: 33
0 0 0 0 0 0 0 0 0 0 0 63 0 0 0 67 0 15 0 22 
0 0 0 0 0 0 0 0 0 0 0 0 0 0 83 24 0 0 0 
87 72 0 0 0 93 72 0 0 22 0 13 0 0 40 0 0 1 
6 7 0 0 0 0 0 0 0 0 96 0 0 0 0 16 0 
28 0 0 0 0 66 3 0 0 0 0 0 85 88 0 0 
0 0 0 2 0 0 0 0 0 13 0 0 40 0 0 
14 83 90 0 67 80 62 0 97 0 0 86 0 0 
81 63 0 91 74 0 0 0 0 0 26 0 0 
0 0 7 0 0 0 71 59 0 0 0 66 
77 91 52 59 48 98 0 0 0 0 0 
0 0 60 0 0 0 0 63 0 77 
51 0 0 0 0 0 0 0 0 
0 69 0 0 0 0 0 0 
10 0 0 0 0 0 0 
54 69 0 0 0 8 
87 0 0 0 0 
6 0 0 71 
36 0 0 
0 0 
0 

#i: 34
0 0 0 0 0 0 89 0 0 0 0 0 0 33 60 0 0 0 0 
0 0 0 0 0 0 0 0 0 0 0 0 0 0 13 0 88 0 
0 0 0 0 0 0 35 0 0 0 0 0 2 0 80 58 0 
0 0 0 0 0 0 0 0 0 0 0 0 7 7 0 37 
0 0 0 82 0 32 0 35 39 0 0 0 5 0 0 
0 0 0 8 0 0 80 47 0 0 0 0 0 0 
70 12 0 0 0 0 0 0 0 0 0 0 83 
0 0 0 0 0 31 0 66 0 0 0 0 
0 0 56 0 0 20 90 0 0 0 0 
15 0 0 0 34 0 0 0 0 0 
0 0 85 0 0 54 69 0 87 
0 0 0 35 0 0 0 0 
0 0 0 0 2 89 44 
0 40 46 56 24 0 
81 100 29 87 45 
54 0 0 0 
19 0 0 
0 0 
90 

#i: 35
0 0 0 0 0 0 80 0 0 0 11 0 0 13 0 0 0 48 
31 0 59 0 0 0 0 20 0 22 48 0 0 0 0 0 0 
71 5 0 0 0 68 0 0 0 0 0 100 86 99 35 0 
0 66 17 0 0 0 5 0 0 0 0 0 48 0 0 
0 0 0 49 0 0 0 0 0 0 0 0 51 0 
0 0 0 0 0 0 100 0 55 57 98 0 0 
0 0 0 0 0 0 0 0 0 0 28 0 
0 38 7 0 77 0 47 0 0 0 0 
0 28 0 0 0 0 0 0 56 0 
0 82 0 0 10 0 17 0 0 
0 0 0 0 0 100 63 36 
0 0 73 0 100 0 5 
0 0 0 0 73 0 
0 20 0 0 0 
52 0 0 0 
0 0 0 
0 0 
0 

#i: 36
73 5 0 0 0 0 0 0 0 0 0 0 0 0 0 0 0 
0 56 0 0 0 0 0 0 45 36 0 0 0 0 0 0 
19 0 25 0 0 0 0 0 92 0 94 71 0 0 0 
0 0 0 84 0 0 0 0 0 58 6 0 0 0 
71 62 0 93 0 0 70 86 0 0 0 0 0 
0 0 0 0 0 36 0 0 0 0 0 0 
0 0 0 0 0 0 0 56 0 0 0 
79 0 0 0 0 88 0 0 24 93 
73 0 0 0 0 0 0 4 0 
0 92 86 10 4 0 0 0 
0 0 68 9 0 0 0 
0 0 0 0 0 0 
0 0 0 0 41 
0 0 0 0 
0 0 0 
0 0 
0 

#i: 37
0 93 0 0 0 0 0 0 0 0 66 59 0 0 0 0 
0 17 0 3 0 0 0 42 0 0 0 0 0 0 31 
0 0 87 0 0 0 0 0 23 0 0 89 92 0 
52 0 60 0 0 0 0 0 40 0 62 0 0 
65 0 0 89 0 0 0 0 17 0 0 0 
0 0 0 0 0 0 0 60 44 0 0 
0 0 26 0 8 0 0 0 88 0 
0 0 0 85 93 0 0 0 0 
0 0 5 0 0 0 0 0 
0 0 0 0 0 20 0 
0 0 0 0 0 0 
0 0 0 0 0 
0 0 0 0 
23 0 0 
67 0 
0 

#i: 38
0 84 0 56 0 43 0 0 0 0 1 46 83 0 0 
15 82 41 0 0 0 7 0 0 0 0 0 49 11 
0 33 0 0 0 0 0 0 0 0 92 0 78 
53 0 39 23 0 0 0 0 0 0 25 0 
0 80 7 47 0 0 38 0 0 0 0 
0 0 0 0 82 0 0 0 52 63 
0 65 0 0 0 0 0 0 0 
0 0 0 0 0 0 95 0 
59 0 5 0 0 89 0 
20 0 0 0 0 64 
0 11 0 100 0 
0 4 0 0 
63 0 0 
37 0 
0 

#i: 39
18 0 0 0 0 0 0 0 0 0 0 68 0 0 
0 0 0 0 88 0 0 0 0 0 0 0 0 
0 0 0 61 0 0 78 68 0 0 0 0 
0 0 90 0 0 1 0 0 84 0 38 
0 0 50 0 0 0 93 52 0 0 
0 0 0 0 18 0 43 0 0 
0 0 0 0 0 0 72 0 
0 6 80 0 26 0 78 
0 0 0 0 0 9 
0 0 87 0 0 
0 60 0 0 
0 0 51 
0 0 
0 

#i: 40
0 0 93 4 0 12 0 0 0 30 0 0 0 
0 0 0 44 0 0 0 0 96 0 0 70 
0 0 0 0 67 0 0 0 15 0 0 
19 0 0 89 41 0 64 0 44 0 
0 0 0 0 0 0 28 56 0 
8 0 0 33 0 0 0 78 
0 9 0 0 0 0 0 
0 0 0 0 82 0 
0 0 0 53 45 
0 19 0 0 
0 0 0 
0 37 
15 

#i: 41
54 0 0 57 0 0 0 69 0 0 0 0 
0 0 92 22 90 82 0 25 86 0 0 
0 0 0 0 0 0 0 95 0 3 
67 0 0 0 0 0 0 0 0 
0 0 36 6 2 0 0 0 
67 0 0 0 0 34 0 
0 0 97 0 16 0 
0 0 0 0 0 
12 0 26 0 
67 0 0 
38 75 
0 

#i: 42
0 0 0 0 0 45 70 49 0 0 0 
0 90 0 0 0 0 0 0 0 0 
88 0 91 0 0 32 0 0 29 
0 0 0 80 0 0 0 0 
0 0 1 0 39 35 0 
0 0 0 0 0 0 
60 0 0 0 0 
0 68 0 0 
15 0 64 
0 0 
0 

#i: 43
0 0 8 0 72 94 0 0 0 0 
0 0 0 96 0 0 0 0 0 
96 0 0 0 0 0 0 0 
0 0 0 62 0 0 0 
29 28 0 25 0 0 
67 0 7 33 0 
33 0 0 26 
0 23 0 
0 0 
55 

#i: 44
0 74 0 0 0 0 0 0 0 
0 0 26 0 0 0 0 17 
0 0 0 0 29 0 0 
13 58 0 16 16 0 
0 4 81 0 0 
0 0 0 0 
0 0 0 
0 39 
0 

#i: 45
0 0 0 0 51 0 0 0 
0 0 0 36 0 0 0 
0 0 0 87 0 0 
0 100 93 0 0 
0 0 0 59 
0 0 0 
0 0 
0 

#i: 46
0 0 0 0 0 0 6 
0 98 97 95 0 0 
37 0 0 0 63 
0 0 72 0 
54 0 0 
0 0 
0 

#i: 47
0 87 0 1 0 0 
0 0 0 0 0 
0 0 49 0 
0 16 58 
0 0 
0 

#i: 48
0 0 0 0 17 
6 0 0 0 
16 0 0 
0 0 
100 

#i: 49
0 0 0 0 
0 0 0 
0 0 
57 

#i: 50
0 0 8 
15 0 
0 

#i: 51
0 0 
76 

#i: 52
0 

#i: 53

#i: 54

ckp-55-0.25.txt