#number of items n
60

#knapsack capacity b
385

#constraint coefficients a
13 1 33 18 36 4 9 14 39 49 16 26 4 22 27 26 6 1 47 5 7 20 7 5 50 27 43 38 37 22 26 30 49 8 48 21 14 14 28 37 17 33 24 35 14 26 17 16 42 5 46 19 48 24 22 1 16 26 7 50 

#linear coefficients c
0 0 2 0 0 0 61 0 0 83 36 100 0 0 53 0 0 8 0 0 0 21 0 0 0 0 0 0 0 81 28 77 0 0 0 0 0 0 0 0 50 2 0 0 88 0 41 0 0 0 0 0 0 0 0 0 0 0 0 0 

#quadratic coefficients C: i < j
0 0 0 82 99 0 18 0 0 0 0 0 0 0 4 0 0 0 0 0 44 0 0 0 0 61 0 0 0 0 0 0 0 88 69 0 0 34 0 90 0 0 0 95 0 0 0 0 0 0 0 0 0 0 0 0 83 0 0 
0 83 0 0 0 0 74 0 0 0 0 0 0 47 0 0 0 0 0 0 0 31 36 0 0 0 0 0 0 0 0 0 0 0 35 36 0 0 0 0 0 0 0 97 0 0 0 0 0 0 0 1 27 0 0 0 0 92 
0 0 24 0 38 62 0 0 0 41 0 0 0 0 0 95 0 58 83 0 0 0 0 0 20 0 0 0 0 0 63 0 0 87 77 2 75 2 0 0 0 0 0 0 0 36 0 40 78 0 0 89 0 89 69 0 0 
0 0 0 0 0 0 0 47 0 0 0 0 0 0 49 84 78 0 0 0 0 0 0 23 0 7 58 0 0 0 0 18 49 71 0 0 0 0 0 0 0 0 0 0 13 0 0 0 0 0 0 0 0 0 0 0 
11 62 0 84 0 65 13 0 52 0 0 0 0 0 0 90 40 2 0 0 0 0 0 68 23 0 0 0 0 0 0 0 32 0 0 0 0 0 0 0 98 0 0 0 10 2 2 0 0 0 0 0 62 0 39 
0 59 0 8 0 61 0 0 0 0 0 0 0 0 0 0 0 0 55 0 0 0 95 0 54 62 0 29 0 0 0 0 55 0 0 0 0 62 0 0 30 65 0 0 0 35 0 0 0 0 0 0 0 0 
0 98 4 0 0 0 0 0 0 0 91 0 0 0 0 53 0 0 0 67 0 0 68 3 0 0 4 0 0 0 0 0 0 66 0 0 0 90 58 0 0 36 0 24 0 0 59 0 0 0 0 9 0 
0 0 0 0 0 0 0 0 0 31 0 0 0 58 0 0 0 0 0 0 61 0 70 0 0 0 37 0 83 0 0 0 0 0 0 0 0 0 88 0 0 45 0 0 0 54 0 0 76 0 0 0 
0 48 0 0 0 0 0 83 0 86 6 0 0 0 59 0 0 0 83 0 0 0 0 0 79 0 6 0 55 0 0 0 0 0 0 0 0 0 0 0 0 62 0 0 0 0 84 15 0 0 0 
0 0 86 0 0 69 0 6 0 16 0 97 5 0 82 0 0 13 0 78 92 0 0 0 44 0 26 0 0 0 2 0 0 0 76 39 0 0 0 0 0 0 0 34 0 0 31 0 0 0 
0 0 0 0 0 0 0 0 0 0 0 44 0 0 0 0 15 0 87 95 41 0 0 52 0 0 0 0 0 0 0 40 32 28 0 79 0 0 0 0 0 15 0 0 0 94 0 0 0 
0 0 0 0 0 0 0 0 0 0 0 0 0 0 0 39 0 0 0 0 0 0 71 22 0 0 0 0 0 0 0 84 0 0 0 0 70 0 0 0 0 34 49 0 0 0 0 0 
33 0 0 0 0 78 0 0 0 0 0 0 0 32 0 0 12 0 69 34 0 0 0 32 0 75 0 0 0 0 0 0 0 0 33 0 0 0 0 0 0 0 96 0 57 0 0 
0 100 0 0 86 42 92 0 0 0 0 0 0 0 54 0 0 0 55 0 0 33 0 0 0 0 0 0 0 0 0 79 0 0 0 0 0 99 0 0 52 0 99 0 0 0 
0 0 0 95 27 0 0 0 0 0 26 95 90 0 10 0 0 0 37 93 0 0 78 0 0 0 0 0 15 0 0 0 0 0 96 0 0 95 34 0 0 0 0 89 0 
0 0 3 0 0 7 0 0 92 22 28 0 0 78 0 0 0 0 0 26 0 21 40 0 79 0 28 0 0 96 82 0 0 0 0 0 0 0 0 0 0 58 0 0 
0 0 0 0 0 0 41 0 0 0 86 39 0 32 46 0 14 74 0 0 0 0 0 0 0 0 0 0 35 0 0 0 3 0 15 0 0 0 5 28 0 0 0 
0 0 93 0 0 0 0 54 0 14 0 0 0 0 66 0 0 0 26 0 0 0 0 0 0 0 5 11 11 0 66 0 79 0 0 0 62 0 0 0 0 0 
43 0 0 58 0 0 27 0 51 0 31 0 0 0 0 47 90 13 0 100 17 0 38 0 0 71 0 0 0 0 0 0 0 0 0 0 0 0 0 0 50 
51 0 0 0 0 0 0 87 0 0 0 43 0 0 0 0 0 0 49 0 0 0 0 0 0 0 0 0 0 0 0 0 0 0 32 0 0 0 44 0 
30 74 0 0 0 27 33 70 0 0 27 89 8 0 0 0 26 29 76 0 16 0 36 0 99 53 0 0 0 0 68 0 0 0 0 0 0 90 0 
0 0 62 0 0 0 0 0 0 0 70 0 79 0 43 53 0 0 0 0 0 0 0 0 9 0 85 66 0 0 35 0 0 0 0 0 0 0 
0 0 0 0 0 0 72 0 0 0 0 0 0 3 0 0 0 0 0 0 0 0 0 92 21 6 0 0 0 0 0 0 22 0 0 0 0 
78 0 0 0 0 0 0 0 83 100 0 0 89 0 0 37 73 0 78 0 0 0 0 25 0 72 0 13 0 0 0 17 52 0 0 0 
91 0 0 0 0 0 0 17 0 0 0 37 0 2 0 0 0 0 0 43 0 0 18 67 8 0 0 61 0 0 0 0 0 0 81 
0 47 0 0 0 0 0 0 0 0 7 0 0 0 86 0 0 0 0 0 0 11 0 64 0 26 63 0 0 0 0 72 14 0 
0 0 0 0 38 0 0 0 91 0 0 0 0 0 0 0 0 0 0 0 0 0 18 61 0 0 0 0 0 0 0 87 0 
0 0 0 0 0 0 89 86 0 0 0 0 0 0 11 0 0 31 0 50 89 0 0 0 0 64 0 27 33 59 0 0 
27 42 0 0 0 0 0 0 0 0 0 0 0 0 0 0 0 0 0 70 93 0 0 0 16 0 92 0 0 100 1 
0 88 8 0 0 17 0 0 0 0 53 50 69 0 0 0 0 40 64 0 0 0 0 0 0 0 0 0 0 6 
82 53 0 0 0 0 0 0 0 0 0 0 0 0 0 0 96 0 0 20 0 0 0 0 0 0 0 0 19 
7 0 0 0 0 0 0 0 0 0 71 63 0 23 0 0 7 0 70 0 0 0 39 0 0 0 0 0 
0 0 0 56 0 0 92 0 0 55 41 0 0 0 0 15 0 0 0 0 0 0 0 53 0 0 0 
0 0 0 0 0 0 0 0 0 0 0 33 0 0 0 0 0 0 0 58 0 56 0 0 0 0 
0 0 33 0 0 0 0 0 44 59 0 0 0 0 0 0 0 0 0 0 0 0 0 0 0 
0 0 74 18 0 0 1 0 0 0 0 55 0 0 0 45 0 0 0 42 0 0 63 83 
0 0 0 37 0 0 15 100 0 0 0 80 0 0 68 0 0 0 0 0 50 27 57 
0 0 28 0 100 45 0 0 0 0 42 8 0 0 23 0 0 0 0 0 0 0 
0 0 18 31 0 0 0 0 0 0 0 0 20 0 0 66 19 0 0 0 0 
0 0 0 95 0 0 0 0 0 13 0 0 0 0 0 0 56 26 34 0 
0 62 0 0 0 97 0 0 0 0 89 0 0 59 0 0 0 27 0 
0 98 94 0 0 21 98 80 0 0 0 0 0 0 76 0 0 0 
0 0 0 0 52 0 31 0 0 26 0 0 0 90 0 0 0 
0 0 75 0 0 0 0 0 0 0 0 0 0 0 31 0 
49 0 0 78 0 0 0 38 0 0 0 43 0 0 0 
0 0 0 0 0 0 0 82 0 25 0 28 1 0 
0 26 0 0 0 0 0 0 0 31 12 0 0 
0 0 0 21 44 0 0 19 0 0 0 0 
42 0 0 0 88 89 0 0 0 16 0 
98 0 0 51 0 67 0 0 0 0 
0 0 86 0 0 0 0 0 0 
8 3 0 0 0 0 51 0 
0 0 0 0 0 0 18 
0 0 0 0 0 0 
0 0 0 0 0 
73 0 0 0 
81 38 0 
0 0 
0 

#cubic coefficients D: i < j < k
#i: 0
26 14 0 0 0 6 0 0 0 0 53 0 0 0 0 40 0 77 0 8 0 0 0 0 4 0 0 0 0 0 0 0 0 0 0 71 49 90 0 49 0 0 47 0 0 36 0 0 0 0 0 0 0 68 0 0 6 0 
0 0 0 0 0 0 0 0 0 0 0 0 0 0 72 81 0 0 0 0 76 0 58 0 0 0 78 0 0 43 0 0 0 0 0 38 0 0 0 0 0 42 0 0 46 0 0 0 0 0 80 0 0 0 0 32 0 
0 94 0 0 0 98 0 0 0 0 0 0 28 91 0 0 0 0 0 0 36 0 0 0 0 0 93 0 0 0 0 0 0 0 0 0 0 0 0 0 86 0 46 0 0 17 0 0 0 48 0 0 85 0 0 78 
0 0 0 0 0 0 0 90 0 25 0 0 71 0 0 0 0 96 0 0 80 0 0 0 0 0 2 0 0 18 0 13 0 0 9 0 0 25 72 0 17 0 42 0 0 0 7 0 0 9 0 0 0 58 0 
0 0 71 98 0 9 0 0 65 9 0 24 0 0 0 0 20 0 0 0 53 0 23 0 36 37 0 0 0 0 0 0 0 0 0 0 0 0 0 100 0 31 0 0 0 13 57 0 0 0 0 76 0 29 
81 0 0 0 4 46 0 0 0 0 0 0 0 0 0 0 62 23 81 0 0 0 78 0 0 0 72 0 0 0 0 79 0 67 0 0 76 0 61 64 0 0 0 43 0 0 0 23 0 0 0 0 41 
0 0 0 0 0 0 0 0 0 35 0 86 38 0 0 0 0 0 0 0 0 0 0 0 99 26 0 7 0 0 0 0 0 0 0 36 73 0 0 0 0 93 28 0 0 1 0 7 81 0 0 46 
0 0 0 0 83 0 54 0 0 62 46 0 35 0 0 36 47 0 0 0 0 0 0 0 0 0 0 51 49 0 0 28 0 0 0 99 20 62 0 0 0 0 0 0 0 87 0 0 0 0 78 
0 0 47 66 0 0 41 0 0 0 100 0 0 0 0 0 0 0 0 0 0 0 69 57 0 0 0 0 0 0 74 0 0 69 0 0 0 40 74 0 0 0 0 51 0 0 0 0 0 80 
0 0 88 0 0 1 0 75 0 0 48 0 0 12 60 0 0 0 0 0 0 0 0 0 0 0 0 10 0 0 58 0 0 0 0 0 0 0 0 0 0 0 0 0 0 0 90 46 8 
0 0 0 0 0 0 0 0 0 57 0 51 0 0 0 0 0 0 0 82 0 0 0 0 0 0 63 1 44 0 0 0 62 0 0 53 36 0 44 0 52 0 0 0 91 0 33 0 
0 0 0 4 0 4 0 44 0 0 0 0 92 0 0 0 0 0 39 0 0 0 0 0 0 4 18 0 0 0 0 0 0 0 18 0 0 65 0 0 0 76 0 0 0 0 0 
9 0 0 80 0 0 0 0 0 0 0 0 0 0 0 14 0 35 37 0 0 0 59 62 0 0 0 0 0 0 0 0 0 31 0 0 0 0 0 19 0 0 23 70 0 0 
99 0 16 0 0 0 0 65 78 0 0 77 0 0 100 0 0 100 73 14 24 0 0 0 82 0 3 0 0 0 9 0 0 4 68 0 0 0 0 0 65 0 0 0 0 
0 67 0 0 0 0 0 0 11 57 0 0 0 0 0 39 0 0 61 0 0 0 0 0 77 0 0 0 0 53 0 0 0 0 0 0 0 0 43 0 61 88 0 17 
0 22 0 0 0 9 0 0 0 0 0 0 0 0 96 0 0 0 0 67 60 74 0 91 0 33 0 0 1 12 0 0 55 0 0 37 42 0 17 0 46 0 0 
22 0 0 69 0 0 0 0 17 83 70 0 0 0 0 20 24 57 0 36 0 93 46 0 66 0 94 0 0 77 77 82 0 0 0 0 29 24 88 0 0 0 
0 0 4 0 0 0 0 98 0 0 0 0 0 0 69 0 56 0 98 0 80 0 77 0 49 0 0 0 0 0 0 40 67 61 0 0 0 0 35 0 14 
0 0 0 34 0 0 0 46 0 0 43 0 0 0 0 0 0 0 0 90 35 0 0 0 38 0 0 0 0 0 15 0 0 0 78 0 0 0 0 0 
0 0 58 0 29 0 0 0 0 0 0 0 91 0 11 0 0 18 0 0 0 0 0 0 0 0 0 0 0 0 0 35 0 0 0 0 0 0 0 
0 67 0 0 0 37 0 97 0 0 0 71 20 0 0 0 0 0 27 0 0 42 0 77 0 0 0 0 0 0 0 0 0 0 0 0 0 0 
57 0 0 0 14 0 0 0 0 41 0 0 0 0 0 0 69 0 0 0 99 0 29 0 0 0 0 70 32 97 52 0 94 0 0 0 5 
0 0 78 0 0 0 0 0 0 55 11 0 0 0 0 0 24 19 0 29 0 36 0 10 79 0 0 0 0 0 74 0 0 0 18 0 
0 85 0 1 0 0 0 0 27 0 45 0 0 0 0 0 73 0 0 39 54 0 58 0 0 0 0 50 0 0 27 61 0 0 0 
0 0 5 0 0 37 0 0 45 21 0 0 0 0 99 0 39 8 55 0 0 0 0 0 4 0 46 0 0 56 0 0 0 0 
0 0 0 0 35 0 0 0 59 0 0 0 0 0 0 83 0 0 0 0 0 0 0 0 0 0 59 0 0 0 0 0 0 
0 0 77 25 0 48 0 0 47 0 0 80 40 0 0 0 0 59 42 0 0 2 13 0 0 13 0 0 0 91 0 50 
0 79 17 69 56 0 0 5 0 0 0 65 0 7 0 0 0 55 0 0 0 0 11 0 0 29 0 17 0 0 0 
78 0 0 0 0 0 0 0 0 89 0 0 0 0 0 0 54 0 0 4 79 93 0 93 0 0 69 0 0 0 
0 0 0 0 0 0 0 0 54 0 0 0 0 0 0 40 0 0 2 53 23 0 16 0 31 0 0 0 99 
0 0 0 67 0 0 0 0 28 0 0 88 57 0 0 0 0 0 0 0 0 0 16 0 0 25 31 0 
0 0 48 0 0 0 0 0 80 26 0 22 0 83 0 0 0 0 0 100 0 0 0 0 0 0 51 
0 0 0 0 0 7 44 0 0 0 0 0 0 0 0 0 15 0 30 0 0 0 0 0 0 0 
0 95 0 0 0 0 0 0 0 0 100 0 0 0 0 0 59 35 8 49 89 57 0 0 0 
0 0 0 0 0 43 54 0 0 0 0 0 0 0 0 0 0 0 0 88 16 0 40 0 
0 48 0 0 0 0 0 0 0 0 78 0 11 28 53 0 0 0 0 0 0 43 94 
6 0 72 58 0 0 0 0 0 0 51 97 88 0 0 0 0 0 0 0 0 0 
0 0 0 0 0 0 0 54 0 0 0 0 17 0 0 0 0 0 39 0 47 
0 47 0 0 0 0 0 40 0 0 11 0 0 0 0 0 16 0 0 0 
0 0 84 0 0 0 54 0 0 0 74 0 0 0 7 0 0 0 0 
0 0 0 0 0 0 0 0 0 0 0 0 0 0 0 0 45 0 
0 0 65 0 0 34 0 64 0 0 0 0 2 0 0 0 0 
0 0 0 0 0 89 0 0 0 85 0 0 0 0 52 63 
0 0 57 87 18 93 0 0 16 0 0 0 97 0 63 
0 0 56 0 0 0 0 0 0 25 84 0 27 0 
0 64 0 64 0 0 0 0 0 6 0 0 20 
0 71 0 0 0 0 0 0 0 0 0 0 
0 16 0 21 0 19 21 17 0 0 0 
0 0 0 0 0 0 0 8 0 0 
0 74 26 0 10 0 0 0 0 
0 28 32 0 0 0 0 10 
0 0 0 0 0 37 47 
0 38 0 69 0 0 
0 90 0 0 0 
70 0 0 0 
21 0 38 
0 66 
0 

#i: 1
0 0 0 0 0 0 50 0 0 0 0 0 0 0 0 90 46 0 0 0 0 0 0 0 0 26 0 0 0 0 9 39 0 40 79 0 0 0 0 0 0 0 0 0 41 0 13 0 0 0 0 0 40 40 42 0 56 
0 0 59 0 0 90 0 0 0 0 0 4 0 0 0 98 0 0 0 66 0 91 0 75 0 0 0 0 0 0 0 0 83 0 0 0 0 0 0 0 0 65 0 71 0 0 10 0 0 0 93 0 0 0 0 0 
90 0 0 51 78 0 0 0 0 0 0 0 0 0 0 81 60 0 23 69 0 0 0 0 0 36 16 0 0 0 0 29 0 0 0 78 0 98 0 0 0 11 17 0 0 72 0 0 0 0 0 54 0 0 0 
0 43 0 0 0 55 0 0 16 0 21 11 0 0 0 75 0 0 0 83 59 0 0 0 0 0 0 0 0 0 0 0 0 0 0 0 0 0 43 77 0 0 0 0 0 0 0 6 7 54 0 0 0 0 
0 0 0 14 0 0 0 0 44 0 0 0 0 0 0 0 0 0 0 0 0 0 63 94 0 0 76 0 0 0 0 0 0 0 58 0 19 0 63 43 94 0 0 94 81 19 0 0 4 24 0 0 97 
0 0 0 0 70 0 0 63 0 1 0 0 36 94 25 96 0 0 88 71 0 0 0 0 0 0 0 11 0 25 0 0 0 0 0 0 0 0 0 27 0 69 0 0 0 0 0 0 0 54 70 0 
0 0 0 0 0 70 0 0 0 0 0 0 0 0 0 85 0 0 0 0 0 0 0 0 0 0 0 0 0 0 0 0 0 24 0 0 0 0 0 0 0 0 0 0 0 96 0 0 0 0 0 
0 0 47 0 0 0 0 0 0 30 0 0 0 0 2 0 0 0 0 0 0 0 0 0 0 0 0 0 95 0 0 0 0 12 79 0 36 0 0 0 0 38 0 0 0 48 0 0 7 0 
0 0 0 0 0 0 0 30 91 0 90 0 0 87 0 0 1 0 0 74 0 0 71 0 0 0 0 0 43 0 0 0 0 60 0 0 0 98 0 0 0 4 73 0 32 0 0 0 0 
0 0 6 23 0 0 0 74 84 69 0 0 6 0 0 26 0 0 77 0 0 0 72 0 0 0 0 0 85 67 0 0 0 82 0 0 80 0 0 7 0 0 0 0 0 0 0 0 
0 100 0 0 0 0 0 72 0 0 0 7 0 0 0 0 0 23 0 70 0 88 0 30 0 44 0 0 38 0 92 0 0 0 0 0 31 0 97 0 0 0 96 95 97 0 0 
45 64 0 0 0 0 0 0 0 0 61 0 0 0 0 0 0 0 0 0 0 0 94 0 0 0 0 6 0 45 40 0 0 0 0 16 0 0 93 0 36 0 0 0 68 0 
0 0 0 0 0 95 0 0 0 0 0 0 0 0 28 0 0 0 88 0 0 0 57 0 0 0 25 3 52 0 0 0 0 0 0 0 98 85 100 0 0 82 0 53 0 
0 0 0 0 0 0 0 0 99 0 0 0 0 14 0 14 15 0 0 81 0 53 0 89 0 0 0 39 0 0 11 38 0 0 0 0 31 0 0 0 0 0 0 0 
0 0 0 0 0 97 35 0 95 65 0 0 0 0 0 0 0 0 0 71 60 0 25 0 0 0 0 0 0 0 0 0 15 0 0 0 0 0 45 95 0 0 0 
0 51 0 0 82 0 0 0 0 0 0 0 0 61 0 0 3 0 81 0 88 0 0 7 0 0 22 0 79 0 0 0 0 0 0 0 0 0 0 0 59 0 
0 49 0 29 0 0 0 5 91 17 68 0 0 0 0 0 0 8 0 0 0 0 0 0 52 0 0 6 0 96 0 42 0 0 0 0 0 0 0 76 0 
0 0 4 0 0 0 0 0 0 0 69 0 0 0 0 75 0 0 0 58 0 0 0 0 79 0 0 0 0 0 0 0 23 0 0 0 0 0 0 0 
0 0 0 0 0 0 0 0 0 22 0 0 0 0 58 0 35 0 97 33 0 0 0 0 0 54 0 0 0 69 87 75 0 0 0 0 0 0 0 
0 0 0 0 0 37 0 0 0 0 0 83 0 94 0 0 0 0 14 0 0 0 91 0 0 16 0 0 39 0 0 0 0 0 9 0 0 0 
0 0 0 0 0 37 0 19 46 0 0 0 26 0 100 0 0 0 0 27 0 93 59 0 0 20 21 76 0 31 0 0 38 0 29 0 0 
40 0 26 0 67 0 0 0 65 0 0 0 0 0 0 0 0 0 0 70 0 0 0 0 76 0 0 0 1 0 0 0 90 34 80 0 
41 11 0 0 0 57 99 82 51 0 0 54 0 0 24 0 0 0 56 0 0 0 0 74 0 0 0 1 86 0 13 0 0 0 0 
0 0 0 0 0 0 0 0 0 0 0 12 0 72 88 20 63 72 27 0 0 0 3 39 0 0 0 27 0 0 0 0 85 0 
0 0 24 0 0 0 0 0 0 0 0 0 0 0 0 0 0 0 28 63 14 0 61 0 0 0 0 0 0 0 0 0 49 
0 0 0 0 0 0 0 0 0 0 0 0 0 66 0 0 0 55 0 0 0 0 24 13 0 39 0 0 0 0 0 0 
0 0 0 0 77 62 0 0 5 0 0 0 66 0 0 0 0 0 0 0 0 91 0 0 0 0 0 0 0 0 0 
12 50 95 0 5 0 0 0 0 0 0 0 0 0 0 0 0 55 0 0 0 0 0 91 0 0 0 33 0 0 
0 0 0 0 0 0 85 0 0 0 0 95 0 0 0 0 28 0 0 0 0 0 39 0 6 0 23 18 0 
95 39 0 0 0 80 0 0 68 0 39 0 67 0 0 17 0 0 0 0 0 16 0 0 91 0 5 0 
0 86 0 0 0 0 0 0 0 0 93 0 0 0 0 3 0 0 0 19 0 66 0 0 0 0 0 
0 0 0 0 0 0 0 0 0 0 0 0 48 0 0 0 0 0 88 0 58 0 0 0 0 0 
0 0 0 0 0 40 84 0 0 0 0 0 0 0 0 0 0 0 0 0 0 76 37 0 0 
0 0 0 0 99 87 0 52 0 0 0 0 0 0 26 0 0 0 0 0 0 0 0 53 
74 0 0 0 68 0 0 0 0 0 0 0 66 0 0 47 0 0 0 0 0 0 0 
0 0 0 0 0 0 0 0 0 0 0 0 39 0 0 8 0 0 0 0 64 0 
0 0 0 0 0 52 0 38 0 2 0 70 0 0 0 9 48 11 82 0 0 
1 0 0 0 0 0 27 0 0 81 0 0 0 47 11 49 33 0 12 0 
0 0 0 0 0 11 0 0 0 0 0 0 0 0 0 0 0 0 0 
0 0 0 0 0 0 46 0 0 0 0 8 0 0 78 36 0 0 
0 0 0 42 0 0 0 0 0 0 81 0 0 0 0 0 3 
0 0 0 0 0 4 0 0 10 0 39 0 0 0 0 80 
0 0 67 0 0 74 0 0 0 0 0 91 0 0 0 
0 0 0 0 0 0 0 81 0 26 0 0 0 0 
0 0 0 70 0 0 0 0 0 0 53 0 0 
0 0 0 91 0 0 44 0 0 0 0 0 
0 0 0 0 0 53 0 0 0 0 12 
0 3 0 0 0 0 0 16 43 0 
0 86 0 0 0 0 0 64 0 
0 0 0 0 0 0 0 80 
0 0 57 0 0 0 0 
73 94 0 0 0 0 
0 45 0 11 0 
0 45 0 0 
0 0 0 
26 0 
0 

#i: 2
0 0 0 0 0 0 0 0 100 54 75 0 0 0 75 0 0 0 6 0 0 0 0 0 0 0 0 0 0 0 0 0 0 0 0 0 0 43 0 0 50 0 0 0 0 0 28 0 0 0 0 0 0 0 0 6 
0 0 0 0 77 0 3 0 0 0 0 0 0 100 0 24 0 0 0 0 0 0 0 0 0 0 0 0 0 0 0 0 0 0 0 0 0 0 0 15 0 31 4 0 0 0 14 0 0 0 60 0 0 57 0 
24 81 92 0 0 0 12 0 62 0 0 0 0 0 48 0 0 0 0 0 0 0 0 57 4 0 0 0 0 87 0 0 3 0 84 0 0 0 0 0 10 63 54 0 0 0 0 15 0 1 0 0 0 0 
0 0 70 0 72 0 0 0 0 0 0 0 58 0 0 0 0 0 0 0 0 0 17 0 0 0 0 0 0 0 0 0 0 0 0 86 0 0 0 50 0 94 0 0 0 0 0 68 0 0 0 0 13 
0 0 0 0 0 0 0 0 0 0 20 75 0 0 0 0 0 0 0 0 0 0 0 0 0 0 3 0 0 0 85 0 0 0 0 0 0 0 0 29 0 0 0 0 9 0 26 0 65 0 0 0 
0 23 0 0 0 0 0 0 0 58 0 0 0 66 0 32 0 0 0 0 0 49 0 72 0 0 0 0 0 0 31 0 0 0 0 0 0 0 0 37 0 0 28 0 99 0 0 0 0 9 0 
0 0 0 0 0 0 98 98 0 0 0 0 24 0 20 7 0 53 15 0 55 0 0 0 0 98 82 0 97 0 1 0 0 0 0 0 0 0 0 0 0 0 0 0 25 0 0 23 0 0 
0 53 7 67 0 0 0 25 0 25 0 0 0 0 8 0 0 0 0 0 0 0 89 1 0 29 0 57 14 0 78 0 0 0 74 0 0 0 63 0 0 32 0 41 0 0 0 41 0 
0 0 0 87 0 0 0 0 0 4 0 39 0 0 0 0 0 90 0 9 60 0 50 0 0 0 0 48 78 0 0 0 0 0 85 53 0 0 0 78 0 0 0 0 0 76 0 0 
0 0 0 0 0 0 55 0 0 0 0 0 0 15 69 20 19 0 0 0 0 0 0 0 2 59 81 0 0 0 0 0 0 0 4 0 0 0 0 0 55 0 0 56 75 0 0 
0 0 0 0 0 0 56 0 0 0 0 0 0 5 64 0 10 0 0 0 0 0 0 0 0 0 0 0 0 0 0 0 0 0 26 77 0 38 45 0 0 0 0 0 58 0 
91 0 0 0 0 0 0 85 0 0 0 0 0 0 0 0 85 0 0 0 0 93 0 12 0 46 0 0 0 4 0 0 0 0 0 0 0 0 0 0 0 0 18 0 0 
16 0 0 0 0 0 0 0 0 0 71 40 0 0 0 0 0 0 0 0 0 0 90 0 0 0 0 0 0 0 22 22 6 88 0 0 27 0 0 0 7 0 0 90 
0 62 97 0 0 70 0 0 9 0 0 80 1 0 0 0 0 0 0 0 0 85 0 0 0 0 0 0 0 0 0 77 0 0 0 0 93 14 58 0 0 0 61 
0 0 43 13 0 13 0 2 0 0 0 0 0 0 0 0 0 20 0 0 0 0 0 22 0 54 0 0 0 0 0 0 0 0 0 0 0 0 35 0 0 0 
82 0 0 59 0 0 21 0 98 0 64 0 0 0 0 0 23 0 0 5 0 0 19 0 0 0 62 0 0 41 25 6 0 0 32 0 18 0 0 0 0 
0 0 0 0 0 0 0 0 13 0 67 0 0 0 0 0 0 0 0 0 0 0 0 0 0 0 0 0 0 0 0 29 0 0 0 0 0 0 0 0 
0 0 0 0 0 0 0 0 0 0 0 0 23 0 0 0 0 0 0 31 0 0 0 0 0 21 0 0 62 0 0 76 0 0 0 0 0 34 0 
0 0 0 0 72 0 80 0 0 90 0 0 29 0 0 0 0 0 0 0 60 96 0 0 0 0 0 0 0 51 0 0 0 0 0 0 0 0 
0 0 0 0 60 48 0 0 0 43 0 0 0 0 96 12 0 0 0 0 81 15 0 0 79 0 0 0 0 0 0 0 0 0 0 11 0 
0 0 0 0 70 60 41 0 33 46 73 68 0 0 0 0 0 0 0 0 0 52 14 0 38 0 0 0 0 74 0 0 0 0 0 0 
0 0 0 0 0 56 0 60 0 0 0 0 81 0 19 0 0 0 0 71 0 62 0 63 28 26 59 0 92 0 0 0 0 0 0 
0 0 0 59 0 0 86 0 0 0 36 0 13 26 0 0 0 0 0 75 0 0 0 0 0 0 24 0 76 0 0 0 0 0 
0 0 0 35 0 65 0 0 48 87 0 0 25 0 0 0 0 75 0 0 0 0 0 43 0 0 0 0 0 0 0 0 0 
0 0 94 0 19 0 21 0 57 72 0 8 0 0 0 68 0 0 0 0 91 0 0 41 31 0 69 0 0 0 0 0 
69 0 0 0 11 0 0 26 0 0 37 0 0 1 28 0 41 0 0 0 0 0 96 45 0 0 0 0 0 0 0 
0 0 0 0 0 0 57 0 0 0 0 7 56 84 0 49 0 71 0 0 0 0 0 0 0 30 0 0 83 0 
86 91 0 0 96 94 0 8 0 0 57 0 0 10 0 0 0 0 0 0 0 53 0 0 0 0 0 0 9 
0 0 92 0 88 0 48 32 0 0 8 0 62 0 0 0 0 0 0 3 0 0 0 0 25 0 0 0 
0 0 0 40 50 0 0 0 0 0 0 0 0 0 0 0 0 0 0 0 0 0 0 0 0 54 0 
0 0 8 90 57 0 0 0 0 73 97 0 0 51 0 0 95 0 0 25 88 0 0 0 0 38 
0 0 0 60 54 34 0 59 15 46 33 0 20 0 7 0 0 0 36 0 0 0 0 0 0 
59 0 0 0 38 0 16 51 37 67 0 0 0 0 0 0 0 0 0 0 80 0 0 0 
0 0 0 0 0 0 0 45 0 8 0 0 0 0 0 0 0 0 0 0 23 0 0 
0 0 52 0 11 0 0 76 0 0 0 0 0 0 0 0 0 92 42 8 0 0 
0 0 0 0 0 0 0 0 0 74 0 0 0 0 0 0 89 0 0 0 0 
0 0 0 0 31 0 25 0 0 0 8 0 0 0 0 40 77 0 29 0 
88 95 0 0 0 0 0 62 0 0 0 0 0 95 0 0 0 0 0 
39 0 0 47 0 0 14 0 0 0 0 0 0 0 15 54 0 0 
0 0 61 0 30 0 0 0 0 0 0 0 77 0 0 57 0 
0 0 0 0 0 75 0 0 0 0 0 0 0 0 0 0 
0 0 0 50 33 48 0 17 0 0 47 0 0 0 0 
0 0 36 0 44 17 0 55 0 69 26 0 0 0 
82 0 0 0 0 88 0 90 0 21 0 0 75 
62 0 0 0 0 0 0 50 0 16 14 0 
0 0 0 0 39 54 0 0 0 0 0 
0 0 34 0 0 0 21 0 0 0 
0 0 0 0 88 6 0 83 0 
0 0 56 0 89 0 0 0 
0 0 0 0 0 57 0 
0 0 49 0 0 19 
57 0 99 0 0 
0 0 0 0 
0 0 0 
59 0 
0 

#i: 3
0 0 0 98 0 0 0 0 0 32 0 0 0 0 0 0 0 42 0 0 0 0 0 0 0 0 0 0 0 41 69 0 89 0 30 0 0 0 0 0 0 0 33 0 0 0 0 0 0 0 26 0 98 45 0 
0 0 0 0 0 97 10 0 0 0 86 0 0 0 0 0 0 0 0 63 0 0 0 82 0 0 23 0 0 0 0 0 0 0 0 0 0 0 40 0 61 78 0 59 0 2 25 0 88 94 0 57 0 0 
0 18 0 0 63 0 0 66 0 54 0 0 0 0 39 0 0 0 0 0 0 0 0 0 10 0 0 0 0 0 0 0 0 77 0 53 0 0 0 0 0 0 0 0 66 0 0 0 0 0 0 0 81 
28 0 0 54 0 0 0 81 39 0 19 0 0 0 0 0 0 0 0 0 0 0 0 0 0 0 0 0 0 0 47 0 54 0 0 0 0 0 22 81 0 0 12 0 0 0 56 0 0 0 0 0 
0 0 69 0 94 0 0 0 0 83 0 0 0 0 0 0 68 0 0 0 0 0 0 0 0 0 77 0 0 0 0 0 0 16 0 0 0 0 0 0 0 71 0 0 52 0 0 0 0 0 0 
0 72 0 98 0 0 0 0 0 0 0 0 0 0 0 64 0 0 13 34 0 15 11 0 0 9 0 62 0 0 0 0 10 98 0 0 0 0 0 52 36 0 0 0 0 0 0 0 28 0 
0 52 0 0 0 0 32 0 0 57 0 0 0 0 15 12 63 0 0 12 55 0 76 23 0 93 47 49 63 22 0 85 0 0 0 0 0 0 0 0 0 0 0 0 0 0 0 0 0 
0 0 70 0 0 55 0 83 0 0 75 0 0 0 9 83 0 0 0 0 0 0 0 81 0 0 0 0 0 97 0 0 0 0 0 0 0 0 0 0 54 10 74 0 97 0 0 0 
40 0 0 38 0 0 0 0 74 0 0 0 0 0 0 0 19 87 0 0 0 0 0 0 0 0 0 0 0 92 74 0 0 0 0 0 74 91 0 0 0 0 40 23 69 0 0 
0 0 0 0 0 0 62 96 0 20 0 0 62 0 0 26 0 0 0 0 0 0 0 0 0 0 38 19 0 1 0 0 0 0 77 0 0 0 0 0 0 30 0 0 0 91 
0 0 0 36 0 0 0 63 0 0 61 0 0 0 8 0 0 0 0 63 0 28 3 0 72 23 0 0 31 0 2 0 0 0 0 0 16 0 0 0 0 0 0 0 0 
0 0 0 56 15 0 0 0 65 0 98 0 39 0 0 0 0 0 0 0 0 0 89 0 80 0 0 0 0 0 0 0 98 26 0 0 0 61 0 0 7 94 0 0 
31 0 0 0 0 0 30 0 0 0 72 0 0 36 0 0 0 78 86 0 24 0 0 0 7 0 0 0 47 0 79 49 0 33 0 0 0 0 0 74 0 0 0 
0 0 0 0 0 59 55 0 0 0 0 0 0 0 70 0 0 0 90 0 0 0 31 0 23 0 44 0 0 0 0 0 0 0 83 0 0 46 67 0 0 0 
0 0 0 0 0 23 0 0 0 0 0 0 63 17 0 0 0 0 0 0 0 0 0 80 0 85 0 0 0 0 0 0 28 0 0 0 0 0 0 0 8 
0 0 7 0 0 0 0 0 75 27 0 0 5 31 43 0 60 74 0 0 20 0 0 0 0 0 0 0 0 0 0 85 67 36 0 0 0 22 8 38 
0 0 0 58 0 0 0 59 0 0 0 0 34 3 0 73 0 0 0 81 0 97 33 0 0 0 0 0 45 0 0 0 0 0 0 0 0 0 0 
0 49 0 0 0 32 0 0 0 92 0 0 0 0 0 0 0 87 0 0 20 7 20 0 0 20 21 0 0 0 0 0 0 0 0 0 0 0 
0 1 0 0 0 0 0 0 0 97 0 0 0 0 0 0 28 0 0 0 93 0 58 0 0 0 0 0 0 0 0 0 15 0 0 0 0 
0 0 0 0 0 0 0 0 0 0 0 0 0 0 64 0 0 0 30 78 41 0 72 0 0 3 0 0 0 0 0 69 0 0 0 0 
66 0 0 14 20 0 0 0 0 90 0 65 0 0 0 0 0 65 0 0 0 0 0 0 0 0 7 7 0 0 0 0 43 0 0 
0 0 0 0 0 0 0 0 0 0 0 46 0 0 32 93 0 0 65 69 0 0 52 0 0 0 0 0 0 0 0 0 0 0 
0 78 0 0 0 0 0 0 0 0 0 0 96 0 39 0 0 83 0 0 83 65 35 23 0 0 0 86 0 0 0 62 0 
0 0 0 0 0 0 0 0 0 0 0 0 0 0 21 40 0 0 0 0 0 0 0 0 0 0 0 0 0 27 0 7 
0 51 94 30 29 90 0 0 0 0 59 0 0 0 0 0 53 0 68 0 0 0 48 0 0 0 0 0 0 0 0 
0 0 0 44 0 97 0 69 0 0 0 0 0 0 0 0 50 0 0 0 0 0 0 0 0 0 0 0 0 0 
0 59 22 0 0 86 0 0 0 0 0 0 0 0 0 0 0 0 0 63 94 0 0 0 0 36 0 0 0 
0 22 0 0 0 0 0 60 0 0 48 0 0 0 0 0 31 0 0 0 49 0 0 87 0 0 78 0 
0 0 0 0 47 0 0 43 0 0 7 0 0 8 84 0 0 0 90 0 0 0 64 21 62 7 0 
0 90 56 80 61 0 0 0 0 0 0 24 0 0 19 0 0 0 11 0 26 0 41 0 0 0 
45 14 0 0 93 0 0 64 62 0 0 89 0 0 41 0 0 44 0 0 0 0 71 0 0 
0 0 85 0 0 0 0 0 0 0 0 0 0 0 86 4 0 22 0 0 52 0 0 0 
0 0 0 0 44 91 0 0 63 98 50 67 74 0 0 0 0 29 22 82 88 80 0 
0 0 0 46 0 0 0 0 0 0 0 0 0 0 60 0 0 60 78 0 0 98 
0 0 33 0 0 35 0 0 0 0 0 49 0 0 0 0 23 44 0 20 0 
72 0 0 0 12 0 0 0 64 9 0 65 0 86 0 0 18 44 11 64 
0 0 0 0 47 0 0 0 0 0 0 0 22 0 57 0 0 0 73 
7 0 0 79 0 48 0 0 0 0 0 0 0 0 76 0 0 0 
0 100 16 0 0 87 76 0 0 0 93 0 0 0 0 0 0 
0 0 11 94 43 0 0 0 0 75 0 0 0 0 0 0 
0 55 0 0 0 0 0 0 0 0 0 0 59 0 0 
0 0 0 0 69 0 0 0 0 59 0 0 0 0 
0 0 0 12 0 0 15 0 25 0 0 19 0 
0 21 0 0 0 30 0 0 49 0 0 0 
0 0 0 0 24 0 0 53 0 0 0 
0 0 0 0 0 0 0 0 0 0 
0 0 0 0 0 0 60 0 0 
29 0 0 34 0 0 0 0 
0 0 0 0 0 0 0 
0 0 0 0 37 89 
95 0 0 0 96 
0 0 32 32 
0 0 0 
0 0 
0 

#i: 4
0 0 0 0 0 0 0 0 0 0 0 0 0 0 0 0 72 61 0 0 0 65 0 0 0 0 0 0 0 0 17 0 0 0 0 89 0 0 0 0 0 43 0 50 0 0 0 60 0 0 0 0 38 0 
0 88 0 0 0 98 0 0 0 0 0 46 71 0 0 0 50 67 86 0 0 0 0 90 0 44 0 0 0 0 41 0 0 6 0 0 0 0 0 93 0 21 0 28 0 0 0 84 0 0 37 0 0 
0 76 0 73 31 60 88 0 33 0 0 9 0 0 0 0 0 0 0 0 0 17 89 32 0 92 0 46 0 37 70 0 0 0 0 0 0 0 0 53 0 0 0 0 0 0 0 0 0 0 0 0 
0 0 0 0 0 0 0 0 0 0 0 0 68 0 0 0 0 0 0 0 0 0 0 59 0 0 0 73 0 0 0 0 0 0 0 0 0 0 3 8 0 0 0 100 0 0 0 0 0 0 1 
0 0 0 0 0 0 0 0 0 0 0 0 0 0 0 48 0 0 0 0 0 0 0 63 0 33 45 0 0 76 0 0 0 0 0 0 0 0 0 39 0 0 0 0 12 0 0 100 29 0 
0 0 0 0 0 48 0 78 64 19 0 0 0 74 19 0 0 79 0 0 0 0 0 0 0 0 0 0 0 0 0 0 0 11 0 0 14 0 0 0 0 60 0 0 0 0 0 0 0 
0 0 0 0 0 93 0 0 0 0 0 52 0 0 0 0 0 0 62 0 0 8 0 0 0 0 30 61 75 0 0 0 0 0 0 0 94 0 0 0 26 0 0 0 0 0 0 0 
0 18 0 0 0 0 0 0 35 71 0 0 0 0 0 0 0 0 0 0 0 0 0 0 0 62 0 0 0 0 47 0 0 0 0 0 81 0 0 0 0 0 4 0 0 77 0 
28 89 0 0 0 0 0 0 0 0 78 0 15 0 98 0 0 0 0 0 0 0 0 5 0 0 0 45 98 0 60 0 0 0 32 0 0 0 0 0 0 0 0 0 29 0 
0 64 0 0 100 0 0 0 67 51 0 0 0 5 0 0 85 97 0 0 0 0 76 0 0 61 0 0 0 0 23 0 50 0 0 0 0 5 0 0 0 0 0 0 0 
0 0 91 0 0 0 0 0 100 0 68 0 0 0 0 0 0 0 65 69 0 0 0 13 0 76 0 0 0 0 0 0 0 0 0 0 52 0 0 1 0 0 0 0 
0 49 0 42 0 0 0 0 7 91 0 0 0 0 61 0 74 22 0 76 0 0 0 0 0 0 0 76 0 0 0 0 0 0 0 0 92 0 0 53 0 0 86 
0 0 0 0 83 0 0 21 0 19 0 0 0 44 0 0 0 0 0 0 0 0 0 0 0 0 0 56 0 71 0 39 93 38 0 47 0 68 33 0 0 0 
0 0 96 0 0 24 0 0 0 0 0 0 0 0 65 0 0 0 0 0 0 0 0 20 0 30 58 21 0 63 61 0 0 0 0 0 60 0 0 0 74 
0 0 0 0 8 82 60 0 0 0 0 0 0 0 0 0 75 0 0 0 0 0 0 0 0 79 78 6 0 48 0 0 0 0 0 1 0 0 0 0 
74 71 0 0 0 0 0 0 0 76 0 0 37 0 0 0 49 0 34 68 57 0 0 0 0 0 0 0 0 0 0 83 74 0 0 0 0 35 0 
0 0 0 0 24 0 95 0 14 51 0 0 38 0 0 0 0 0 73 0 76 0 0 0 71 85 0 20 0 0 0 0 0 90 0 0 0 0 
0 0 0 0 35 0 0 0 77 0 0 0 0 0 0 0 0 0 0 0 18 31 0 0 0 0 0 0 0 6 0 0 0 0 73 0 87 
7 0 0 0 0 0 37 0 0 0 38 36 69 0 0 0 0 0 2 0 0 36 0 0 0 0 0 29 0 86 0 35 0 0 0 0 
0 0 0 66 0 79 0 39 0 47 0 0 0 0 0 0 0 0 0 0 82 0 0 18 0 0 0 0 0 0 0 86 82 0 0 
0 0 90 53 0 0 0 0 0 0 0 44 0 36 96 19 0 96 0 0 0 0 0 0 51 0 76 11 42 0 0 0 0 0 
0 0 0 73 0 0 47 62 0 0 0 0 0 21 0 0 30 0 0 0 71 0 0 0 0 0 7 0 67 36 0 0 70 
0 65 41 0 0 58 82 0 0 0 45 0 0 0 25 0 0 98 0 0 29 0 0 96 0 0 43 0 0 1 0 0 
0 86 12 0 83 0 100 66 0 0 0 31 0 0 0 0 0 0 0 67 0 17 0 0 90 0 61 0 0 0 0 
0 0 0 0 0 39 62 0 0 46 0 0 0 0 0 0 0 0 0 0 0 0 0 0 0 0 0 0 0 18 
0 78 0 0 0 34 18 0 0 0 75 0 77 0 0 0 0 0 0 0 3 0 0 0 80 0 0 0 17 
0 0 0 34 0 0 0 0 99 0 0 0 0 0 0 0 0 25 0 0 0 0 2 0 0 0 96 0 
0 0 0 0 0 33 0 0 0 39 0 0 0 33 0 0 69 0 0 0 0 0 0 0 95 0 94 
0 53 0 0 0 87 0 0 24 0 0 0 0 0 61 39 98 57 13 0 31 0 0 0 65 0 
77 0 0 0 0 93 27 0 0 0 0 50 0 0 0 0 0 0 0 0 0 46 31 0 0 
0 0 0 34 6 0 0 0 0 61 2 0 73 0 0 0 0 0 0 0 0 0 0 82 
80 0 27 0 0 0 0 18 7 80 0 0 0 0 0 0 0 0 0 0 0 89 41 
0 0 37 0 0 96 38 0 0 0 0 0 10 0 0 0 0 57 0 0 0 0 
0 0 84 0 61 0 0 0 0 0 73 17 0 0 0 0 0 0 37 0 0 
0 0 0 0 0 0 0 81 0 0 0 0 55 0 0 77 0 0 0 5 
31 0 0 0 0 0 65 0 0 0 0 0 0 0 0 0 0 0 0 
0 56 0 0 0 0 0 0 0 0 0 7 0 32 0 0 0 0 
0 0 0 48 46 81 0 0 0 0 0 0 12 0 0 0 81 
0 0 0 0 0 0 0 0 0 22 0 0 0 0 68 0 
0 0 0 0 0 0 72 0 0 0 22 0 45 93 0 
0 0 0 0 0 73 2 0 0 0 0 0 0 90 
0 79 0 0 0 0 0 91 0 0 86 0 0 
0 0 0 0 0 0 0 0 0 0 0 0 
0 0 49 0 0 0 0 0 0 0 7 
39 4 0 0 0 0 98 0 0 0 
38 0 0 15 71 0 66 0 0 
0 1 0 0 0 79 0 0 
0 0 0 0 0 0 0 
0 31 0 7 0 0 
0 55 0 0 0 
64 0 0 0 
0 0 0 
0 0 
0 

#i: 5
0 95 0 0 0 43 0 94 12 0 65 0 0 0 0 0 0 0 0 0 0 0 0 0 0 0 0 0 70 0 9 0 0 0 81 0 0 74 0 0 0 0 0 20 0 0 60 0 21 9 0 11 71 
57 0 0 0 0 0 0 0 25 0 0 67 0 0 0 27 0 0 0 0 0 0 0 0 0 0 0 0 0 0 53 59 0 0 0 0 0 0 0 38 0 0 0 0 0 71 0 0 0 0 0 0 
98 0 0 20 0 0 0 0 0 0 0 0 48 0 0 0 0 0 0 0 35 0 0 0 0 0 0 0 97 0 69 0 0 94 0 12 0 0 59 0 0 30 96 39 30 0 98 0 60 0 0 
0 0 20 0 0 0 0 0 0 0 34 0 0 0 0 0 0 48 0 56 93 0 0 10 0 78 47 57 84 18 0 0 0 0 0 0 0 6 0 0 21 0 0 0 50 46 0 0 0 0 
0 47 58 26 0 84 0 0 0 0 0 0 86 0 0 0 0 0 0 0 0 0 0 0 74 0 0 0 92 80 0 0 0 0 0 60 0 0 0 0 0 0 0 0 78 0 0 0 42 
58 0 0 0 55 0 0 0 0 0 0 0 0 0 0 0 0 88 0 47 0 0 0 5 40 49 0 0 0 33 0 0 0 0 0 79 3 0 0 19 34 0 0 0 0 0 70 44 
0 0 0 0 0 0 0 0 0 0 0 0 0 0 0 37 0 0 51 63 44 77 98 0 0 0 0 0 0 0 0 0 0 0 0 42 0 0 15 0 0 0 0 0 49 0 0 
0 0 0 3 0 0 0 0 0 0 0 0 0 62 0 0 0 0 0 0 0 27 0 0 0 0 0 0 0 0 0 64 0 84 94 0 0 67 0 0 0 0 43 0 0 0 
0 0 0 0 0 12 46 0 0 0 0 90 0 0 0 0 0 0 2 6 0 0 56 0 62 50 42 0 0 0 64 0 82 0 0 0 0 0 0 0 0 91 8 61 66 
61 73 0 0 0 0 63 0 0 0 0 0 0 0 0 0 75 0 55 0 0 0 23 12 0 0 0 2 0 0 0 0 17 0 0 0 0 47 0 0 51 95 0 0 
50 0 0 0 0 0 0 0 0 0 0 0 0 0 0 0 0 36 0 0 0 0 0 0 82 0 0 55 38 0 0 0 0 0 89 0 0 0 6 0 0 94 20 
64 0 0 0 9 0 0 78 23 17 0 0 0 90 0 3 0 0 0 0 0 40 0 91 0 0 80 0 0 0 0 0 0 0 0 89 0 0 0 75 0 0 
0 0 0 0 0 0 0 23 0 0 0 55 39 0 0 0 0 0 0 0 0 13 0 67 0 26 0 0 0 0 0 26 0 0 0 0 0 0 0 0 66 
0 0 0 0 0 0 0 78 0 0 0 0 0 12 0 43 0 0 0 0 0 24 0 0 0 34 0 0 0 36 0 0 0 0 0 0 0 58 0 0 
0 0 0 0 0 0 0 0 0 89 0 0 0 0 37 0 0 0 0 0 0 0 0 0 0 78 0 0 0 0 0 0 0 0 96 0 82 0 20 
0 0 44 0 0 0 86 26 0 0 0 93 0 0 0 0 0 0 0 0 0 0 53 41 0 0 37 1 0 0 0 0 25 32 0 55 0 0 
0 0 0 0 0 0 0 0 74 0 0 63 71 0 0 0 0 0 0 0 0 0 0 0 0 0 40 0 0 92 0 0 0 57 0 42 98 
0 0 0 0 0 0 0 0 0 84 0 0 0 4 0 0 0 0 0 0 0 90 0 0 35 0 0 0 41 0 0 0 0 21 0 0 
75 29 0 0 50 0 92 0 95 0 44 0 0 0 0 5 0 0 79 0 64 20 0 0 0 46 0 0 0 87 0 0 97 0 0 
0 0 0 0 0 0 10 0 48 45 0 55 0 0 0 79 0 0 0 77 93 0 0 0 0 0 0 0 0 0 0 0 36 0 
0 0 0 0 0 0 0 0 0 46 0 61 0 0 0 0 99 46 72 0 36 0 0 13 0 0 0 25 63 0 0 0 0 
0 0 0 81 53 0 0 0 0 0 76 0 0 0 30 0 90 0 0 0 0 60 29 0 0 0 0 0 44 0 0 0 
0 67 0 0 0 0 0 0 0 33 0 3 0 0 0 75 0 0 0 0 0 0 57 0 2 0 18 0 0 0 0 
0 17 0 86 0 0 0 0 0 4 0 0 0 66 0 0 0 0 0 0 96 18 14 0 0 60 0 34 0 0 
0 0 0 7 0 0 0 0 94 0 0 0 0 0 0 0 23 0 0 39 91 0 31 0 0 0 0 0 0 
0 0 0 0 0 94 0 0 66 0 0 81 0 0 0 0 0 0 0 0 0 0 0 0 0 79 0 98 
69 0 0 0 0 0 0 14 0 0 0 0 37 0 91 0 0 22 0 72 0 52 88 0 25 43 0 
0 0 0 19 0 0 0 57 0 0 0 0 62 0 52 0 0 0 0 65 38 0 24 0 0 31 
51 0 0 44 85 81 20 0 0 0 0 0 0 0 68 0 0 0 0 0 0 0 51 29 0 
0 0 0 0 0 36 0 0 0 0 0 0 0 0 21 0 0 0 0 94 0 0 25 0 
0 93 0 0 0 0 0 72 0 0 0 0 0 0 0 0 0 0 0 0 39 0 0 
0 0 0 51 55 0 0 91 0 0 0 0 87 0 11 0 0 96 0 0 14 11 
0 0 0 0 0 0 0 0 0 22 0 0 31 0 0 7 0 0 86 0 0 
0 0 0 0 0 0 0 0 55 0 58 0 0 0 0 0 0 0 0 0 
0 0 83 79 0 0 69 86 42 0 0 5 0 0 0 0 0 0 91 
0 0 26 100 0 25 0 0 68 0 0 45 0 0 0 0 0 0 
0 0 0 41 27 0 0 0 0 0 23 0 0 0 90 0 0 
0 0 0 0 27 25 0 0 7 0 0 0 0 0 0 100 
0 9 0 0 0 0 0 0 43 38 0 0 0 0 0 
0 0 0 0 0 0 0 0 0 0 0 0 21 0 
0 94 25 0 29 20 0 0 0 95 0 20 0 
0 0 0 80 0 0 0 0 0 0 0 0 
21 0 0 27 0 0 94 0 0 0 0 
92 0 0 0 0 71 44 0 0 0 
0 64 0 0 0 0 44 0 62 
21 0 32 34 0 0 0 0 
53 0 0 0 0 0 0 
28 0 0 0 0 0 
0 0 0 0 0 
62 68 0 2 
0 0 0 
79 34 
0 

#i: 6
0 37 0 80 0 0 0 77 0 68 0 0 0 0 0 85 0 0 0 0 34 0 12 0 0 0 5 0 0 0 0 0 58 0 0 0 0 0 0 0 0 34 91 17 0 0 0 12 0 0 0 82 
0 0 0 0 0 53 0 0 22 0 67 32 0 0 6 0 0 3 0 0 0 0 0 55 0 48 0 0 16 0 0 85 0 0 0 0 0 0 33 91 0 0 0 0 57 0 13 93 0 65 0 
0 6 20 0 0 0 0 73 0 0 99 0 0 0 0 0 0 0 92 34 83 0 62 0 10 0 0 0 96 0 3 9 79 0 0 0 0 0 0 0 0 0 0 88 0 0 0 0 0 0 
0 0 0 0 0 0 0 0 0 0 0 0 84 59 0 0 0 0 92 0 0 0 75 0 92 0 0 0 89 0 88 0 0 24 0 0 100 0 0 0 0 84 0 0 0 0 8 0 36 
0 43 0 0 92 0 11 0 0 0 0 0 86 0 0 0 0 0 0 0 0 0 0 0 0 0 0 0 0 0 0 0 0 53 0 0 0 0 15 73 1 26 0 88 0 0 0 0 
32 28 0 0 0 0 0 0 8 0 36 0 0 0 66 0 65 6 0 0 0 99 0 0 0 0 0 0 0 2 8 0 0 0 0 0 0 0 87 0 0 0 0 0 67 0 0 
99 0 0 65 0 0 0 19 0 0 0 0 0 0 0 0 0 0 0 0 0 0 0 0 0 48 19 0 41 80 78 0 76 0 0 62 93 0 0 81 82 3 59 0 0 0 
0 66 99 0 9 0 0 0 50 0 0 0 0 0 60 0 2 0 0 0 0 0 0 56 0 0 94 93 0 0 67 89 0 0 0 0 0 0 0 0 0 5 0 0 0 
0 0 0 0 0 0 0 0 95 0 0 0 0 0 0 0 0 71 0 0 15 0 0 11 0 0 0 53 0 0 0 0 0 0 0 0 0 77 0 52 0 75 0 0 
65 0 0 0 69 15 0 0 0 0 0 0 0 46 71 0 0 0 87 62 0 0 0 0 0 0 0 0 0 0 37 0 75 0 0 0 0 0 11 0 28 96 0 
84 0 58 0 0 92 10 57 0 0 53 0 0 0 0 0 0 0 60 0 81 43 0 0 0 0 0 0 0 0 0 0 0 16 0 0 0 79 0 0 0 73 
0 0 97 0 15 0 0 0 16 0 0 0 0 0 0 0 0 0 20 0 0 0 0 54 0 0 0 0 0 81 0 76 0 0 0 0 0 48 0 0 0 
0 0 0 0 0 0 0 0 0 0 0 0 0 0 0 0 63 0 0 0 97 0 69 0 0 0 0 44 0 0 0 0 0 80 0 81 32 0 0 0 
0 0 0 0 58 0 0 0 12 0 0 43 0 0 35 0 0 0 0 84 0 0 0 0 0 0 0 55 65 0 0 91 0 84 0 0 93 0 0 
0 0 27 0 0 0 0 7 0 0 0 0 0 0 0 10 0 0 0 50 0 0 0 3 56 0 0 0 0 0 0 0 0 19 0 0 41 0 
0 0 0 0 38 0 0 12 0 60 0 0 0 2 18 0 34 0 0 51 0 0 0 0 0 0 0 0 55 27 0 22 0 0 74 0 96 
93 0 0 0 0 0 0 77 63 0 0 0 77 0 0 0 33 0 0 0 0 0 0 20 76 0 0 0 0 0 0 32 82 0 0 0 
51 0 0 0 0 0 68 0 0 0 1 0 91 0 72 0 14 0 38 0 0 0 0 0 63 0 0 0 0 89 31 0 0 0 0 
58 0 0 0 0 0 0 0 0 0 0 87 0 0 0 0 0 0 0 0 0 0 0 0 0 0 0 0 0 42 37 0 12 52 
38 0 0 0 0 0 0 100 0 46 0 0 0 0 0 0 0 0 60 0 0 0 0 0 0 20 0 0 0 0 0 70 55 
0 0 0 0 20 4 86 0 0 0 0 0 51 0 0 0 81 0 0 0 38 0 0 0 0 0 0 0 0 0 35 0 
0 70 0 44 0 0 2 0 0 0 0 0 0 0 0 0 0 0 0 0 0 0 33 0 0 0 29 0 0 0 0 
0 11 0 0 0 0 0 0 0 0 0 0 53 0 63 38 0 0 63 0 37 0 0 0 0 0 0 84 0 0 
0 0 0 88 0 95 0 0 0 60 0 0 0 0 62 0 0 0 0 0 11 0 0 0 0 0 0 62 0 
0 0 0 0 0 0 0 47 0 0 1 0 0 0 0 0 0 91 0 0 0 0 0 0 39 0 0 0 
84 0 0 0 0 21 0 0 0 0 0 0 65 0 22 64 0 0 55 0 65 58 0 0 96 0 0 
0 0 0 0 0 49 0 0 0 0 0 99 87 0 0 0 0 10 0 0 21 0 0 0 92 0 
0 0 91 0 0 94 0 0 0 0 0 0 0 21 0 100 25 3 0 21 0 0 0 0 0 
0 0 0 84 0 0 0 0 0 0 0 0 0 0 0 0 0 0 0 0 74 0 54 0 
0 0 0 43 0 0 0 14 60 43 0 0 0 76 0 35 5 0 0 0 46 0 0 
0 0 81 0 15 8 0 0 8 18 0 0 3 0 0 0 0 0 0 0 0 0 
66 0 0 0 0 0 0 0 0 0 0 0 0 0 0 0 0 0 0 0 0 
0 0 0 0 0 0 0 64 0 17 98 0 0 59 0 0 0 0 0 0 
82 0 0 8 0 0 0 0 0 0 0 0 0 61 0 0 0 0 45 
0 0 4 48 26 10 13 0 0 0 0 0 0 0 0 0 96 0 
0 0 0 0 0 95 0 0 0 0 0 0 0 0 0 0 73 
0 0 0 11 97 0 0 0 0 72 0 0 0 0 0 0 
0 31 0 0 0 0 0 0 0 0 0 53 63 0 0 
95 33 0 4 0 0 0 0 0 0 98 0 0 0 
0 0 0 0 0 27 0 0 14 0 0 0 13 
0 17 0 0 0 0 0 0 0 0 85 0 
0 0 0 0 0 0 0 0 0 26 0 
0 0 87 0 0 0 27 0 0 0 
0 0 0 0 0 0 0 1 23 
0 0 0 67 0 0 90 0 
0 0 0 0 0 0 0 
0 0 0 0 0 0 
0 0 30 54 2 
0 0 0 0 
0 2 0 
42 0 
0 

#i: 7
0 78 0 0 0 0 0 0 0 0 0 88 1 0 47 0 7 0 19 0 0 0 88 0 0 0 65 0 0 0 0 0 0 0 0 0 0 0 0 0 93 0 0 79 15 0 0 0 0 82 0 
0 0 0 0 0 0 0 0 0 39 61 0 0 0 0 0 62 96 0 0 43 0 0 0 0 0 0 29 0 0 0 72 63 0 0 0 0 0 0 51 77 0 0 0 0 82 0 0 0 0 
0 0 0 77 0 0 7 0 0 0 0 0 0 51 0 0 0 0 84 56 69 0 68 71 0 0 0 0 0 0 0 0 0 0 40 0 0 0 0 0 0 0 0 0 0 0 0 0 0 
2 0 0 0 0 0 0 0 0 29 0 0 0 0 0 0 0 0 23 0 0 0 0 14 54 67 68 36 0 38 0 0 9 20 70 0 0 0 0 0 26 0 73 0 0 0 92 0 
0 15 0 0 62 0 75 0 0 0 0 9 0 28 9 0 30 0 0 0 0 0 0 0 0 0 0 0 0 95 0 0 0 0 48 0 10 0 0 0 0 0 0 32 0 4 0 
0 0 56 0 0 0 0 0 0 0 0 0 0 0 5 0 0 0 0 0 14 0 0 0 0 92 0 0 0 83 0 0 0 0 59 17 19 0 0 0 0 0 0 0 0 0 
0 70 84 0 0 20 100 0 0 0 0 0 0 0 0 89 0 0 0 0 0 0 0 19 71 0 0 0 0 0 0 0 33 0 0 0 0 0 0 87 0 0 0 24 0 
0 19 0 68 0 0 0 0 0 0 0 65 0 0 0 84 0 0 0 0 84 0 0 0 55 0 34 26 0 92 41 85 0 0 0 0 0 80 0 0 0 0 31 0 
45 0 66 52 17 0 0 85 12 0 56 0 20 0 0 0 0 93 22 0 19 0 57 0 0 0 96 42 0 0 0 0 0 38 3 25 0 0 17 0 0 0 0 
0 0 0 0 0 0 10 0 18 59 4 27 61 0 0 0 0 0 0 9 0 68 18 0 0 49 25 0 76 0 0 0 0 0 0 0 0 0 0 20 0 0 
0 0 84 0 0 0 0 0 0 0 0 0 0 0 22 81 0 95 0 0 48 50 0 0 0 0 0 0 89 0 0 10 0 0 0 99 0 25 0 0 0 
42 0 0 0 0 0 0 0 29 0 87 0 77 81 0 0 0 0 0 0 0 0 0 68 0 0 21 0 0 0 0 0 0 0 80 0 0 0 0 0 
0 0 23 34 0 0 0 0 0 0 0 0 0 0 50 37 0 0 0 0 0 0 0 0 0 0 0 0 6 0 0 0 9 0 0 91 0 0 62 
0 0 0 0 0 0 0 44 0 0 0 0 0 26 0 0 0 0 60 0 28 0 60 25 0 81 7 0 0 0 0 0 0 90 17 0 0 66 
0 0 0 0 0 0 11 0 0 0 0 19 19 68 0 0 0 55 0 85 74 0 0 0 93 8 0 0 0 76 0 0 0 49 72 0 0 
23 63 95 0 0 0 38 78 0 0 0 0 0 0 0 75 0 0 0 0 0 53 0 0 0 0 2 86 0 46 19 70 50 52 0 0 
0 0 0 0 92 0 0 0 0 0 13 0 69 0 0 16 4 0 9 0 77 0 0 17 0 0 0 78 65 0 0 0 0 0 0 
0 0 43 52 0 0 0 45 0 0 0 0 9 58 0 99 51 0 0 0 0 0 0 0 0 82 19 97 0 0 89 17 39 0 
0 0 59 15 8 0 57 0 0 0 0 0 25 0 0 71 0 0 0 0 0 0 0 0 92 0 0 0 0 0 0 0 0 
0 0 0 18 0 0 0 48 68 0 0 0 0 0 78 0 55 4 56 0 0 0 0 0 0 0 0 0 0 0 0 58 
0 0 0 0 0 81 0 91 0 60 0 0 0 0 0 0 0 89 0 0 0 0 0 52 90 23 0 0 52 0 26 
0 0 61 0 0 0 0 94 0 0 25 0 0 0 0 0 0 0 0 0 48 45 0 0 0 0 0 11 0 75 
0 0 71 17 49 0 0 0 0 0 0 0 0 0 76 0 0 0 0 0 48 98 0 0 0 0 0 0 85 
0 0 0 0 0 20 0 0 43 0 0 0 0 0 0 0 0 0 0 0 0 95 28 47 0 0 57 0 
74 89 0 42 0 28 0 0 0 0 0 0 0 91 0 71 0 0 0 0 0 0 74 0 0 0 0 
0 46 0 0 0 0 0 35 0 0 0 0 0 94 0 0 0 0 92 54 0 0 0 0 0 0 
0 0 0 23 0 0 0 0 0 0 43 0 0 0 0 0 51 73 0 0 27 0 0 0 42 
0 0 0 66 0 0 0 0 0 0 0 0 0 0 0 0 0 81 0 0 84 0 0 0 
0 70 0 10 0 0 0 67 0 0 0 72 0 0 0 0 0 0 0 99 40 0 0 
75 0 0 0 0 0 0 4 0 0 0 0 0 0 0 0 0 0 0 68 40 51 
0 0 0 0 0 0 74 0 30 0 11 4 0 0 0 0 0 0 0 0 65 
0 0 0 0 0 0 0 0 0 0 0 0 0 68 0 0 0 0 58 0 
0 0 0 0 66 37 0 0 32 36 0 35 0 0 0 0 0 0 0 
0 73 0 13 43 51 54 0 0 1 43 82 0 0 0 0 0 95 
92 20 8 0 97 0 0 17 0 0 0 0 0 0 0 0 32 
0 0 0 85 0 0 0 47 0 0 0 3 0 0 0 0 
0 25 0 52 0 0 0 0 0 58 0 0 0 48 0 
0 45 0 0 59 0 33 37 0 0 0 0 0 0 
0 0 0 0 0 37 11 0 0 0 0 0 0 
0 0 0 0 0 0 0 0 0 88 0 66 
0 30 0 0 0 83 0 0 36 0 40 
0 0 1 0 0 0 0 0 0 2 
0 0 0 0 0 0 0 0 0 
37 0 93 0 92 0 0 0 
0 13 0 0 0 49 0 
0 0 0 0 86 0 
75 0 0 0 0 
29 66 17 0 
0 0 0 
0 15 
1 

#i: 8
0 8 0 100 0 0 0 80 0 88 0 71 0 0 44 0 0 0 0 97 65 0 0 0 52 0 95 3 0 91 0 0 0 0 11 0 0 0 0 0 84 0 60 0 0 53 40 0 0 0 
0 0 0 0 0 0 0 0 15 0 0 0 0 0 0 0 0 0 75 0 76 0 0 0 92 0 0 73 19 0 0 0 0 10 0 0 0 52 0 71 0 0 49 40 98 0 0 0 0 
0 0 0 0 85 55 14 0 61 38 0 0 0 0 0 0 90 0 0 65 9 34 73 0 45 0 0 0 0 97 0 0 0 0 0 0 0 0 0 0 8 0 57 0 0 89 0 0 
0 0 0 9 0 0 83 98 0 0 0 62 0 0 0 53 0 24 0 0 0 0 0 65 0 0 0 0 0 96 0 0 0 55 0 0 0 0 0 0 0 78 0 18 0 0 0 
19 0 0 0 0 80 0 0 0 0 0 0 0 0 0 0 0 0 0 0 0 0 54 0 0 44 0 0 0 0 0 0 41 0 0 25 99 0 0 0 89 0 0 0 0 0 
18 0 0 0 0 79 0 0 0 0 0 0 0 0 0 0 0 0 0 0 0 96 82 0 0 0 0 0 0 0 0 0 0 0 0 1 0 0 0 0 0 0 0 0 0 
0 49 61 0 0 0 0 0 0 0 53 18 0 0 1 0 0 0 0 0 0 0 0 0 0 0 0 0 57 0 0 91 0 0 65 0 0 0 12 0 0 0 2 0 
0 0 16 0 0 0 0 0 0 0 0 59 0 100 10 91 17 0 0 0 0 0 60 0 0 0 0 0 0 63 0 0 0 0 27 82 0 0 0 0 96 0 0 
0 0 39 17 0 0 34 0 55 97 0 0 87 0 0 22 0 0 0 0 0 0 33 0 0 0 0 0 0 0 0 0 0 0 0 65 0 0 0 92 0 59 
0 0 38 69 46 82 0 0 0 0 0 27 0 48 0 0 0 0 0 0 0 0 0 0 0 95 0 0 65 0 0 0 0 100 0 0 0 0 0 0 0 
23 0 0 0 0 10 0 0 63 0 0 0 0 0 0 0 81 0 46 0 0 0 0 0 0 0 11 0 0 0 0 48 0 0 95 0 47 0 22 0 
13 90 0 0 12 12 0 0 0 0 6 0 0 0 0 0 0 0 0 0 99 21 0 0 0 0 11 0 0 0 0 0 69 74 0 0 0 0 0 
0 0 0 0 23 0 0 0 0 0 0 0 0 0 97 99 0 0 0 47 0 0 0 0 0 72 0 0 0 0 0 0 54 100 0 0 0 0 
0 0 0 0 0 0 36 0 0 0 0 0 78 0 0 0 0 0 85 0 0 0 0 0 0 0 25 0 0 61 0 0 0 0 13 0 0 
0 0 0 0 0 0 0 0 0 0 0 0 72 54 81 0 95 0 70 0 0 0 0 0 0 20 0 0 73 0 0 0 0 0 0 0 
13 0 0 0 0 0 84 0 87 0 0 0 0 0 0 5 0 0 8 0 0 0 86 0 0 0 93 0 0 0 56 41 0 0 0 
71 0 0 0 0 0 0 27 34 80 0 0 17 0 0 0 1 3 95 0 0 0 20 0 0 0 93 0 0 26 0 0 0 0 
0 0 0 0 0 73 0 0 0 0 0 0 0 0 0 5 0 0 0 0 0 0 0 0 0 0 0 0 0 52 0 0 0 
0 0 98 29 0 0 89 0 41 0 0 0 0 0 61 0 0 0 0 80 0 0 0 0 0 0 61 10 0 0 0 0 
49 0 90 0 0 94 58 0 0 0 54 0 36 0 0 33 0 0 0 0 58 0 0 0 61 0 0 72 46 0 0 
0 55 0 0 0 0 71 0 0 0 99 0 0 63 0 94 0 0 0 60 0 0 0 0 38 93 0 0 0 0 
0 38 22 0 0 67 8 9 0 0 83 0 45 0 45 81 0 0 0 0 66 0 0 0 0 0 0 0 0 
19 90 0 0 0 0 0 34 53 95 0 0 0 47 0 0 0 0 0 0 0 0 0 0 0 63 0 0 
0 0 0 0 0 40 0 76 0 0 0 0 8 77 0 0 13 0 83 0 0 0 0 0 0 0 0 
0 0 0 0 0 66 0 0 0 0 40 0 0 0 0 0 51 34 0 53 0 0 0 0 66 0 
0 0 0 49 0 37 0 28 0 89 28 26 0 23 0 12 15 0 0 0 0 78 0 81 0 
0 34 71 0 0 0 0 6 0 43 0 0 58 80 65 0 0 43 0 0 0 0 0 0 
0 77 0 95 58 0 0 0 0 0 0 18 0 0 0 0 0 0 0 53 0 0 0 
0 19 0 48 0 0 89 67 1 0 0 0 0 0 100 0 0 0 0 0 0 0 
13 0 0 0 0 0 0 6 0 0 0 99 23 0 31 0 0 0 31 0 0 
0 55 86 0 0 0 19 0 0 0 0 96 0 0 70 0 0 0 0 59 
53 0 82 94 0 0 0 0 0 0 24 57 0 0 0 0 0 72 0 
56 0 0 0 0 0 0 0 0 0 0 0 19 39 0 18 0 0 
0 0 0 0 0 0 0 0 0 0 0 0 69 0 0 26 67 
0 0 0 0 0 0 0 26 0 18 22 0 0 0 0 41 
0 0 0 0 0 0 13 0 0 0 0 0 0 0 15 
0 0 0 0 12 0 0 0 2 0 0 0 97 0 
0 0 0 0 0 1 0 0 0 22 0 0 0 
0 0 0 0 0 74 0 0 63 0 93 0 
0 0 0 0 0 14 77 0 1 38 64 
0 0 81 0 22 0 0 0 0 0 
8 0 89 0 0 0 0 82 0 
0 0 0 0 0 68 0 44 
0 0 0 0 0 0 0 
0 0 19 0 0 0 
0 0 0 0 97 
0 0 0 0 
0 73 0 
0 0 
95 

#i: 9
79 0 0 0 16 0 0 0 0 0 0 0 0 89 0 0 0 0 92 46 0 0 0 0 22 70 0 0 0 83 23 0 0 0 0 0 0 13 0 66 0 0 16 0 0 0 74 0 0 
0 44 53 0 0 0 94 0 0 0 0 0 53 0 0 0 0 0 0 0 81 0 0 51 0 0 0 88 0 0 0 0 0 0 0 0 0 43 0 0 0 85 0 61 0 0 82 0 
0 43 81 47 0 0 6 0 0 0 0 0 0 0 0 0 26 83 0 0 17 0 85 0 0 0 0 0 0 0 33 0 72 0 0 40 0 0 0 0 0 0 0 0 0 0 0 
43 0 0 0 0 10 0 0 70 0 0 87 0 0 4 0 0 0 0 0 0 0 0 15 0 0 0 0 42 0 0 0 0 0 0 99 0 0 47 0 73 0 62 0 0 0 
5 0 0 0 60 0 0 30 54 0 0 0 80 0 0 7 65 79 0 0 0 0 51 0 0 50 37 6 0 0 0 0 12 0 0 0 0 0 0 0 0 0 0 0 0 
31 68 0 0 0 0 0 0 0 0 0 0 0 0 0 0 0 59 80 0 0 26 0 0 0 0 0 66 0 0 0 0 24 0 0 0 20 98 0 0 60 0 0 25 
1 0 0 0 23 0 0 90 0 0 0 98 18 0 0 0 0 0 70 19 0 0 80 0 0 0 0 78 0 0 0 0 0 68 0 19 0 91 0 3 0 0 0 
13 0 0 0 96 49 0 0 0 0 0 0 0 0 0 0 0 0 78 0 33 0 0 0 0 0 0 68 0 0 53 0 0 0 0 60 0 0 0 0 0 75 
0 36 0 0 0 95 0 16 60 0 0 0 0 0 61 0 0 0 0 34 0 0 0 71 0 0 36 0 32 57 77 14 0 40 0 0 54 0 28 48 22 
0 0 0 0 0 0 0 0 82 0 0 0 0 0 95 94 0 0 0 0 0 0 0 0 0 81 0 0 0 0 11 45 0 73 0 96 0 96 0 0 
0 39 92 0 0 0 0 96 0 27 19 0 0 0 0 0 0 0 35 0 0 0 0 46 8 0 0 0 0 0 0 0 0 0 0 0 39 0 0 
0 0 0 0 53 0 35 0 92 0 0 0 50 0 0 25 0 0 66 0 0 94 0 95 0 0 0 0 0 0 0 0 50 21 0 0 96 59 
42 50 26 0 0 0 0 0 0 0 0 0 0 0 0 0 0 0 0 0 0 0 53 0 0 0 0 33 68 0 0 8 0 25 0 0 0 
0 0 0 0 82 0 84 0 94 0 29 0 0 0 0 0 0 0 0 0 65 0 86 0 0 0 52 0 0 0 0 0 0 0 0 0 
0 27 12 86 0 0 43 0 0 0 0 0 0 0 0 0 0 0 0 0 2 0 0 0 0 56 0 0 0 0 0 0 0 0 0 
0 0 0 0 0 0 0 0 0 24 0 0 0 0 50 0 28 0 67 0 55 0 0 0 50 89 94 0 27 0 0 0 67 0 
71 0 0 22 0 64 0 17 0 0 0 0 18 45 0 0 0 0 0 0 98 0 0 0 0 0 0 90 45 0 63 0 0 
59 0 0 0 0 0 0 0 57 71 0 61 0 28 0 0 60 0 15 67 35 0 0 0 0 12 0 0 0 7 0 0 
0 0 71 0 0 0 0 0 47 0 0 0 0 0 0 57 21 0 0 0 92 0 0 0 0 0 0 0 8 0 0 
6 0 0 0 0 25 0 0 0 0 0 96 0 80 0 0 0 0 0 62 0 94 0 0 0 0 0 67 0 0 
0 0 17 0 0 42 0 0 0 97 0 0 8 0 0 48 0 0 0 0 0 60 61 99 0 0 0 0 0 
0 0 0 0 0 0 0 0 0 0 0 0 0 0 79 69 0 86 0 0 0 22 0 35 27 6 38 94 
0 47 0 0 0 0 0 0 0 0 0 0 28 0 0 0 0 0 0 0 0 0 0 0 0 0 0 
64 0 0 0 0 0 0 0 0 0 0 0 23 0 0 0 72 0 0 61 0 0 8 0 0 71 
0 0 0 96 0 0 0 0 53 0 0 35 0 0 0 0 0 0 1 0 79 0 0 0 6 
0 0 0 0 0 0 0 0 80 0 0 0 0 0 0 11 0 77 0 0 0 0 0 0 
0 0 0 53 0 0 0 0 0 0 0 84 0 0 0 0 0 0 59 0 0 3 88 
0 0 0 0 0 0 0 0 0 0 49 0 0 0 0 53 0 62 0 49 41 0 
96 0 0 0 0 0 0 63 0 5 0 46 0 0 0 0 0 71 49 91 0 
0 0 0 0 0 0 0 0 0 0 0 0 0 0 0 0 0 0 0 0 
54 0 0 66 0 0 37 0 0 0 0 35 0 0 0 0 10 0 0 
0 0 0 0 0 0 82 0 0 0 18 0 9 0 0 0 0 95 
0 0 0 61 0 30 0 0 0 64 0 0 62 0 0 0 0 
0 0 0 0 0 35 0 0 83 77 99 0 0 0 0 0 
0 0 90 0 0 0 0 0 82 8 0 0 0 0 6 
0 32 0 0 0 0 0 0 0 0 0 0 0 0 
37 31 0 0 14 0 47 0 0 0 0 0 0 
0 0 0 0 61 0 0 0 95 29 54 0 
0 0 54 0 0 0 69 0 27 85 73 
13 0 0 57 0 0 0 0 0 0 
0 0 93 0 0 0 0 0 0 
0 0 0 0 0 0 0 0 
0 0 0 0 74 13 27 
0 94 0 58 91 0 
68 0 0 0 0 
0 2 0 0 
0 0 64 
26 0 
63 

#i: 10
0 0 0 50 0 0 0 83 0 0 0 3 0 0 0 7 0 0 4 0 0 46 34 0 0 0 0 0 0 0 0 63 87 0 0 0 0 0 66 0 77 0 0 0 0 0 0 49 
0 0 38 14 0 0 0 0 0 0 0 0 0 96 42 0 0 77 15 0 0 0 0 0 0 0 0 86 72 0 0 0 0 88 48 0 0 0 17 0 0 86 0 39 0 85 0 
0 0 0 0 0 61 0 0 0 0 0 0 0 0 0 0 68 70 0 0 0 0 0 76 24 0 0 79 86 0 64 0 0 96 50 0 61 0 20 0 0 49 0 0 0 0 
77 67 0 0 0 0 19 0 0 0 95 100 0 98 43 0 0 0 18 0 7 0 0 97 33 0 0 0 0 62 0 0 0 0 0 0 0 0 22 4 0 0 13 0 0 
0 0 11 0 0 0 0 0 0 0 0 0 0 0 0 0 0 39 0 0 0 0 0 17 0 0 0 0 0 0 99 48 0 0 5 0 0 0 0 0 35 0 49 36 
0 0 0 0 15 0 68 0 0 0 0 0 72 56 0 0 20 0 0 0 76 0 0 0 0 0 85 22 0 74 37 0 0 0 0 64 0 0 0 0 0 72 0 
11 0 84 0 68 0 0 0 0 0 9 0 0 85 0 0 0 0 8 0 0 0 0 92 0 0 0 0 0 0 42 0 0 0 0 0 0 32 0 0 83 0 
88 0 0 0 60 0 0 0 0 0 88 0 83 0 0 0 0 0 82 13 0 58 0 0 0 0 0 76 0 86 0 0 0 32 0 0 14 83 76 57 59 
0 0 0 0 0 0 42 55 17 0 96 0 0 59 62 0 0 0 0 0 0 0 82 0 0 59 0 93 0 100 0 0 72 0 0 0 78 58 86 56 
0 0 0 0 0 0 66 0 68 0 0 0 0 0 21 84 0 0 0 0 0 14 0 0 69 0 85 0 0 0 0 0 0 0 22 0 0 0 62 
0 0 0 0 0 0 51 0 0 0 0 0 0 0 0 82 0 0 0 0 0 0 0 0 0 0 0 0 0 0 0 0 91 32 23 0 0 0 
0 18 0 43 0 0 33 42 0 0 0 84 0 0 0 0 0 0 0 38 63 64 0 0 50 0 0 0 0 0 0 0 0 0 0 0 0 
0 13 0 0 0 0 0 0 0 97 0 0 0 0 0 0 0 0 15 38 0 0 0 0 0 82 0 0 0 0 0 0 0 0 0 0 
0 0 0 0 0 0 0 0 38 8 0 93 82 0 0 0 0 0 0 0 52 35 0 76 17 28 0 78 0 76 0 0 0 0 0 
33 0 0 0 29 65 0 0 0 0 36 0 0 0 36 0 0 0 0 59 0 3 0 0 0 0 0 0 0 0 94 94 0 0 
0 0 99 0 0 0 0 0 24 0 0 0 69 0 0 12 44 0 0 0 0 0 0 0 0 0 19 0 0 0 0 62 0 
0 0 95 9 71 0 1 0 0 56 29 0 0 1 29 0 0 0 72 0 0 0 0 0 0 0 0 55 76 0 0 50 
80 0 0 0 22 0 0 0 0 11 61 69 0 0 97 0 31 79 0 0 55 0 0 0 3 34 0 0 0 0 29 
0 0 0 74 41 0 0 78 39 0 0 0 0 0 0 21 44 0 0 0 84 0 0 0 23 0 30 81 14 0 
50 0 0 0 0 0 0 25 0 98 0 0 9 62 0 0 0 0 0 0 0 0 0 0 0 0 0 69 0 
53 0 0 13 0 0 0 86 65 0 0 0 69 10 0 91 0 11 0 0 0 0 0 0 0 17 0 0 
0 0 0 0 0 0 0 60 50 0 0 0 0 0 0 0 25 0 0 0 0 0 0 0 53 0 0 
96 0 0 45 29 0 0 0 56 30 43 0 0 0 83 0 0 0 72 0 0 0 17 0 0 30 
0 0 0 0 0 0 0 0 0 0 0 19 0 0 0 0 71 0 0 0 0 31 0 0 0 
18 0 42 0 28 0 0 78 0 0 0 0 0 0 0 90 0 0 93 0 0 0 0 0 
0 6 0 0 0 23 0 0 0 0 77 0 0 99 0 0 0 18 0 2 0 0 36 
0 0 0 74 45 0 8 58 0 8 0 41 28 0 0 98 0 62 0 0 0 0 
68 0 0 85 0 0 0 0 0 0 30 21 0 0 0 59 0 0 32 0 0 
0 8 24 0 0 44 48 0 0 0 0 21 0 8 0 0 0 0 0 60 
0 0 0 0 5 48 0 0 0 29 25 0 0 0 0 0 1 0 0 
0 0 0 0 35 0 0 0 0 0 0 0 0 6 49 0 0 0 
18 0 3 0 93 26 26 0 0 0 0 0 0 27 37 0 0 
26 0 0 0 0 15 0 0 0 0 0 0 0 0 0 64 
89 26 19 0 57 0 93 0 0 0 98 0 0 93 17 
0 0 0 59 55 0 0 0 0 34 73 0 0 0 
14 0 0 0 0 1 0 0 0 0 8 100 0 
0 0 10 0 0 0 0 21 0 0 0 0 
24 30 76 0 0 51 0 0 0 0 0 
0 87 0 32 0 48 75 0 0 0 
0 89 0 21 0 0 0 0 0 
0 88 0 78 0 0 0 0 
0 0 0 0 0 16 82 
0 0 0 0 0 87 
0 0 39 0 42 
0 0 0 0 
0 55 0 
0 0 
0 

#i: 11
0 0 33 0 46 28 0 0 86 0 0 0 0 4 56 0 0 91 0 86 0 0 0 0 0 0 0 0 3 0 0 0 0 81 0 61 0 0 26 0 51 0 0 0 52 0 0 
0 24 0 29 0 17 0 0 0 49 39 0 0 0 0 0 65 0 0 0 0 0 0 0 76 0 40 0 0 0 0 0 0 0 0 0 0 0 0 0 0 0 63 0 0 0 
0 0 0 0 0 0 35 0 0 0 0 0 0 35 0 67 16 1 0 0 0 34 23 0 0 0 0 0 0 14 0 0 36 0 0 0 0 0 0 0 0 0 52 14 0 
0 0 0 0 0 0 0 82 17 74 0 78 0 0 25 59 0 0 0 0 99 53 0 10 0 0 0 0 0 0 0 0 0 0 0 0 89 0 85 0 0 0 0 0 
0 0 26 54 0 0 0 0 0 0 0 0 0 0 0 72 34 69 0 0 21 18 0 0 76 51 0 0 0 0 0 0 0 0 0 0 4 0 0 0 0 94 0 
0 0 0 0 0 0 0 0 0 0 0 0 0 0 0 0 0 0 0 0 0 0 0 0 0 90 0 0 0 0 0 0 0 0 39 0 0 0 0 0 0 0 
59 0 0 0 0 0 69 66 0 48 15 0 27 13 0 0 18 0 0 100 0 0 0 0 0 0 96 0 64 0 16 0 35 36 0 0 0 0 0 62 4 
0 0 0 0 0 0 0 0 0 0 0 0 0 0 0 92 0 0 0 0 0 97 0 60 28 0 71 0 0 0 0 99 0 0 0 0 0 0 0 0 
48 0 0 54 0 26 46 0 0 59 0 0 65 86 0 0 0 18 42 0 58 0 0 0 0 53 0 0 0 49 40 0 0 0 0 0 0 6 0 
0 0 0 0 0 0 0 0 18 8 0 0 0 12 0 0 50 0 0 0 0 94 37 0 13 0 0 0 39 0 0 0 0 0 50 0 0 0 
0 0 0 0 0 82 67 0 0 49 0 0 55 0 0 0 0 0 0 29 0 0 0 0 0 0 0 50 0 0 98 0 0 60 48 61 0 
34 12 0 0 0 0 0 0 0 0 0 0 56 0 0 0 72 21 0 0 42 0 0 0 0 0 0 0 0 0 0 0 71 3 0 0 
0 0 0 0 0 0 0 0 0 0 41 0 89 0 0 0 12 9 0 0 22 0 0 0 0 0 46 0 38 0 27 0 84 78 0 
92 0 0 0 0 86 0 0 0 0 0 33 89 0 0 0 0 0 52 0 0 7 0 0 0 0 0 0 42 0 43 0 0 24 
68 33 0 0 0 37 0 0 0 0 82 0 0 0 0 0 41 0 0 0 0 47 0 0 0 0 0 0 0 0 0 0 0 
84 0 98 0 0 0 0 0 0 0 0 0 31 0 0 0 19 0 0 37 16 0 5 0 0 68 0 0 0 0 0 0 
45 0 93 34 84 0 0 0 0 0 0 0 0 0 0 26 0 0 0 0 63 0 100 0 0 0 0 0 0 0 21 
0 0 0 0 45 0 0 0 0 0 0 0 0 0 0 0 11 0 0 0 0 0 0 0 0 0 0 0 0 0 
0 61 6 0 0 0 0 0 0 0 0 0 0 0 0 0 0 0 15 24 0 0 0 6 61 0 41 0 0 
0 0 0 0 0 56 0 0 0 0 60 33 0 0 0 94 0 0 0 0 20 0 0 0 37 0 16 24 
0 66 12 0 0 33 0 78 0 0 0 0 0 0 0 47 29 8 0 31 0 18 0 0 0 0 0 
0 0 0 0 0 0 0 0 96 72 0 0 0 0 67 0 61 0 80 0 57 0 0 0 0 0 
0 0 0 0 0 74 0 0 19 0 91 29 0 39 97 0 21 81 0 64 0 0 0 0 0 
0 0 41 0 0 6 0 49 90 98 0 0 0 0 0 0 0 63 0 0 0 0 91 0 
0 0 68 54 0 42 0 0 0 0 0 0 0 0 49 52 18 72 0 0 12 0 85 
87 0 0 0 0 0 82 0 0 80 74 0 0 61 0 0 0 0 0 0 29 0 
62 0 52 0 0 8 0 0 0 0 0 0 14 0 0 42 0 10 0 0 0 
0 0 0 42 0 0 0 31 0 32 0 0 61 0 0 84 0 0 0 0 
0 90 79 0 0 0 0 66 0 0 0 0 0 59 0 0 0 0 0 
0 0 90 0 0 0 0 74 93 0 0 87 0 0 0 0 0 0 
0 0 0 0 0 0 17 0 0 44 0 0 70 0 0 0 0 
11 0 0 0 0 55 0 99 25 0 99 0 0 0 0 83 
0 0 10 0 0 0 37 0 0 14 0 0 0 0 14 
0 0 0 0 5 0 0 0 0 0 0 0 0 0 
0 0 83 11 0 0 0 77 0 0 16 0 0 
0 21 0 0 0 0 94 0 85 0 42 0 
0 0 0 47 0 0 0 0 85 0 0 
67 27 0 0 0 29 0 47 0 0 
0 0 0 0 0 0 0 63 0 
0 0 53 0 0 8 0 0 
92 0 95 0 0 0 0 
0 59 78 43 0 0 
71 0 0 0 0 
0 93 0 0 
0 0 0 
16 0 
0 

#i: 12
9 0 15 19 0 0 0 0 69 0 0 0 39 0 0 91 0 72 0 0 0 0 0 51 0 100 31 0 63 88 0 16 0 0 0 0 91 8 0 0 0 0 0 95 0 0 
0 85 0 0 0 79 68 0 0 3 77 81 48 0 6 0 0 80 83 0 0 0 0 0 0 0 0 0 0 0 0 0 0 0 0 0 0 0 0 0 0 45 0 0 0 
0 86 93 0 0 0 0 54 0 0 9 0 0 0 0 0 0 0 9 0 17 89 92 0 0 0 0 8 0 11 0 0 0 0 0 0 0 0 0 0 23 0 61 0 
66 0 0 0 0 0 0 0 0 0 0 0 0 61 69 0 0 0 67 0 0 0 0 0 55 0 20 32 0 0 0 64 0 0 0 0 84 0 0 0 0 73 98 
0 2 0 0 0 0 0 85 0 45 0 0 0 0 14 0 15 0 91 0 0 57 29 0 0 0 0 21 63 74 65 0 0 0 35 86 0 0 0 0 80 83 
0 47 0 46 0 0 0 0 0 96 0 0 0 42 0 63 12 0 0 0 0 0 0 0 0 0 90 0 0 0 0 17 5 0 29 0 1 14 0 0 0 
75 53 94 0 98 0 0 0 0 0 22 0 0 0 25 0 0 0 0 13 0 0 0 0 0 73 0 0 0 0 0 0 0 27 0 0 0 0 0 90 
0 0 0 56 0 72 0 0 17 0 0 0 0 0 0 46 0 0 0 0 0 0 0 0 0 48 2 0 58 0 0 0 80 0 0 0 67 0 12 
0 15 0 0 0 0 0 0 0 0 0 0 0 0 36 0 0 0 0 0 91 0 0 0 0 75 0 0 0 0 0 0 54 0 0 0 0 0 
25 0 47 0 0 0 0 51 0 0 19 0 54 30 35 0 84 9 0 0 0 0 69 0 0 88 0 82 0 0 0 0 0 0 0 0 0 
0 0 0 15 95 0 23 0 0 0 0 16 0 0 55 0 0 0 28 0 0 9 58 0 0 0 0 0 0 0 0 0 82 0 0 0 
41 0 0 0 0 0 0 0 86 0 0 47 0 6 0 13 0 0 0 0 98 0 0 47 0 63 0 0 0 0 0 0 0 0 0 
0 0 0 0 0 0 0 0 0 27 0 0 0 26 0 0 0 0 0 1 0 0 14 90 25 0 0 0 26 0 65 0 0 0 
0 0 0 0 0 30 92 0 80 0 0 0 0 0 0 27 0 0 0 0 0 0 87 75 40 0 0 45 0 0 0 0 60 
0 0 0 7 25 65 0 0 0 55 0 0 0 0 29 56 74 0 86 0 0 0 0 0 29 0 0 0 0 0 0 66 
0 0 0 0 0 0 0 0 0 0 0 0 0 0 0 3 35 0 0 29 0 0 0 0 0 0 100 0 0 26 0 
0 0 67 0 79 0 0 6 0 56 58 0 47 0 0 0 0 15 65 0 0 0 46 0 46 79 0 0 85 14 
0 0 71 0 0 0 0 0 23 0 0 7 15 0 96 0 0 30 0 0 0 49 0 83 0 0 0 0 81 
0 0 0 0 67 0 86 0 0 62 0 0 37 0 0 0 80 0 0 0 3 0 44 0 31 53 0 0 
38 0 0 96 0 0 0 49 0 0 54 0 0 0 0 0 7 0 0 0 0 0 0 0 0 50 0 
0 0 3 0 15 0 0 0 0 76 0 5 0 0 0 26 23 0 24 43 0 0 0 60 62 0 
0 0 0 0 0 95 0 20 40 91 0 2 0 54 0 0 24 0 0 0 99 0 0 68 0 
0 49 0 0 0 78 0 60 0 0 41 5 0 96 0 0 0 0 36 0 0 0 23 0 
0 0 0 0 0 0 0 0 35 0 0 17 0 0 0 0 0 0 0 0 63 0 0 
0 0 0 0 78 0 0 0 0 0 0 0 0 0 0 0 0 0 0 0 0 28 
0 96 41 78 0 70 0 0 55 0 0 0 52 0 0 93 0 10 12 0 0 
0 0 57 0 0 6 0 0 0 0 0 0 0 0 0 84 0 0 6 0 
0 47 10 0 21 37 0 41 0 0 78 71 0 0 0 0 0 0 0 
0 26 0 0 0 0 0 42 0 0 0 0 15 71 0 48 0 0 
0 0 0 0 0 44 0 0 0 0 36 0 0 0 9 30 0 
0 0 38 0 0 0 0 90 0 0 0 0 0 0 0 0 
0 0 0 56 100 26 0 0 36 0 0 0 0 0 0 
0 26 0 0 0 0 0 0 94 0 23 0 0 0 
25 0 0 0 0 0 73 0 31 0 0 90 33 
63 0 0 0 0 51 0 0 0 0 0 0 
0 69 4 0 0 0 0 0 0 79 0 
6 0 0 0 93 0 100 0 0 0 
0 87 24 0 0 0 0 23 40 
0 0 0 0 0 0 0 0 
0 65 84 0 0 0 21 
0 0 0 0 0 0 
0 0 51 0 0 
19 0 0 0 
0 0 62 
0 0 
0 

#i: 13
0 0 59 0 22 0 0 0 0 64 0 0 0 0 0 0 0 0 0 0 0 0 0 0 0 0 62 0 0 0 0 23 0 0 0 0 0 0 0 0 0 0 0 0 0 
0 0 35 0 79 0 0 12 0 0 0 22 41 48 48 0 16 0 0 7 0 64 0 94 0 0 0 0 0 0 0 0 0 0 0 0 0 0 0 0 0 13 40 0 
40 0 0 0 0 87 0 0 0 0 0 67 94 0 0 0 0 0 0 36 36 0 0 17 0 0 0 0 0 43 0 40 0 0 0 0 2 0 0 0 55 31 0 
0 0 54 0 0 0 0 0 0 0 0 0 0 0 0 0 17 0 0 59 0 0 0 0 0 0 0 0 0 98 0 0 0 25 0 0 0 0 0 4 0 0 
0 0 0 0 0 73 69 0 0 0 0 0 0 0 0 0 0 0 0 35 0 0 0 64 0 0 0 0 0 0 0 0 0 0 0 55 77 10 0 0 0 
0 47 0 78 30 0 71 0 0 55 0 0 0 69 0 0 34 10 0 0 0 0 0 0 42 17 1 0 0 34 0 0 0 0 38 0 0 0 0 0 
0 0 0 0 0 0 0 0 0 95 0 0 0 0 0 96 70 0 0 81 0 0 37 56 29 0 0 16 0 0 0 0 0 0 44 0 83 0 0 
40 76 67 0 0 0 0 0 0 0 0 0 0 0 0 0 0 32 0 31 0 0 0 0 0 0 0 0 35 0 16 0 0 0 12 0 0 0 
0 0 4 70 0 45 0 0 0 0 0 0 0 0 0 6 0 0 0 1 2 0 0 45 40 35 0 0 0 0 0 0 0 0 0 0 0 
0 0 0 0 0 54 0 0 0 24 11 0 0 6 0 0 0 0 0 0 0 53 0 0 79 0 22 0 0 0 0 0 0 0 0 79 
0 0 55 0 24 0 0 0 0 13 0 0 0 0 0 0 0 0 0 0 0 0 0 0 0 0 0 0 0 0 0 23 0 15 0 
20 5 0 0 0 81 0 0 0 0 0 43 0 0 0 0 0 70 94 0 0 0 0 60 86 0 0 0 88 0 0 0 0 0 
57 0 0 70 0 0 72 64 0 51 0 96 0 0 0 0 0 85 0 0 0 0 59 0 97 0 0 0 0 0 0 20 0 
98 0 0 58 0 0 88 0 0 49 0 0 0 0 0 0 0 0 0 19 0 0 0 0 56 0 0 0 0 0 0 82 
0 99 0 0 0 0 0 0 0 0 0 0 0 0 0 0 42 0 0 0 13 13 0 0 0 0 0 0 72 0 0 
89 0 0 77 0 0 0 0 0 0 0 51 0 19 63 23 0 0 0 0 0 0 0 0 12 0 0 32 34 0 
0 17 0 0 67 35 77 0 0 0 30 85 0 0 0 0 0 0 6 0 0 0 0 0 59 8 54 0 0 
0 0 0 0 0 0 0 0 0 0 0 0 8 0 0 0 0 0 0 0 94 0 98 0 94 0 0 0 
0 15 0 0 0 0 0 0 0 0 0 0 0 18 0 0 0 0 89 0 27 0 0 0 0 0 0 
0 0 0 0 0 92 0 0 14 58 0 0 0 0 0 0 0 27 0 0 0 0 62 0 0 0 
0 50 0 80 0 0 29 18 0 84 0 0 0 0 0 0 0 0 0 0 0 0 0 0 0 
0 0 0 0 0 0 0 0 0 0 0 0 82 63 64 0 0 0 0 96 0 0 0 0 
74 45 61 0 0 53 0 0 0 0 0 0 0 0 4 0 0 0 0 0 0 0 0 
0 0 0 41 89 0 0 86 0 0 12 0 0 0 0 0 0 0 0 0 0 0 
0 0 0 0 94 50 0 0 76 0 0 0 93 0 0 0 75 0 0 0 0 
0 0 0 16 0 0 5 61 0 0 0 0 0 51 93 0 99 0 0 52 
41 61 0 53 0 0 0 0 0 79 0 41 0 0 97 96 0 74 0 
0 13 0 0 18 0 0 0 0 100 48 0 99 0 22 79 0 0 
98 0 0 0 0 0 0 0 0 0 25 7 74 0 0 88 0 
0 0 72 0 0 58 0 0 0 0 0 0 0 0 0 0 
0 0 0 0 31 0 0 0 62 51 0 4 0 0 0 
0 0 73 0 0 32 0 43 86 55 0 0 0 0 
0 0 25 77 29 0 90 0 0 60 0 0 0 
0 0 0 0 0 0 0 33 0 0 0 94 
0 0 0 0 0 0 0 0 0 0 0 
0 0 0 0 0 0 0 0 67 0 
0 0 28 0 0 0 0 0 0 
0 2 0 18 0 49 0 0 
79 0 70 35 0 0 0 
0 0 0 0 50 0 
0 0 21 0 0 
0 0 0 0 
0 54 0 
58 0 
0 

#i: 14
0 0 57 73 0 71 17 0 0 0 50 0 0 0 0 0 0 0 59 23 0 0 0 25 0 78 41 0 0 27 0 0 0 0 63 0 0 0 0 0 0 0 30 42 
49 66 74 0 0 0 0 0 0 0 0 7 0 40 14 0 43 99 65 0 0 0 0 80 0 0 0 0 0 90 0 0 0 0 98 77 0 0 35 0 0 0 16 
19 0 0 0 52 100 0 0 0 0 0 85 0 0 0 0 0 48 0 0 55 0 0 0 0 0 49 0 0 0 0 10 0 0 50 0 0 0 32 0 94 0 
0 0 0 0 31 0 71 0 0 0 0 0 0 0 0 47 0 0 0 0 57 0 0 0 0 0 38 0 0 0 0 0 32 0 0 0 0 0 0 0 0 
95 8 0 0 0 0 0 0 11 0 90 26 56 0 0 0 0 0 0 79 0 0 0 88 8 0 0 0 0 0 0 0 25 44 0 8 4 0 0 0 
0 0 0 0 0 0 0 0 0 0 0 0 0 0 0 97 0 0 0 0 70 0 0 62 0 0 95 0 0 0 14 10 7 65 0 20 0 0 0 
73 0 50 0 9 0 0 0 0 0 42 0 0 15 0 0 0 0 25 71 46 0 0 0 35 0 9 22 20 0 0 0 0 40 94 0 0 0 
0 0 0 0 0 0 0 43 0 0 0 0 0 0 0 45 0 81 0 0 0 0 56 0 0 0 82 0 95 0 0 0 0 0 99 95 0 
44 84 0 0 0 87 0 0 0 40 0 83 0 0 0 10 87 0 0 0 0 92 0 0 95 0 0 0 0 0 15 0 0 0 0 0 
63 0 0 0 70 0 0 0 0 31 0 0 0 0 0 3 82 0 0 0 0 0 0 0 0 0 0 71 0 0 0 0 81 0 0 
0 79 0 0 0 0 76 0 0 0 0 0 0 64 0 34 0 0 0 0 0 0 0 0 0 0 0 7 81 0 0 34 0 0 
0 0 39 0 0 0 37 44 0 0 77 0 0 0 0 89 41 99 0 0 0 50 12 0 30 36 0 0 0 43 0 0 0 
0 99 0 0 0 0 0 0 0 0 14 0 0 20 0 0 0 0 5 92 0 0 18 0 0 0 22 0 0 0 6 0 
0 0 0 0 0 0 0 0 0 0 0 0 0 47 81 0 0 90 0 0 67 0 0 0 0 62 0 0 69 0 0 
0 0 0 0 78 0 0 0 0 4 24 0 80 0 0 0 0 31 0 0 0 0 0 0 0 0 0 0 0 35 
0 5 0 0 0 48 81 0 0 0 0 69 0 0 0 60 0 41 0 0 89 0 0 82 0 0 0 0 0 
0 30 32 0 0 0 0 70 0 0 0 0 0 0 0 0 0 0 62 83 0 0 10 0 0 0 0 0 
40 40 0 0 95 96 0 58 0 0 0 0 0 0 0 0 4 0 0 0 0 0 0 15 0 0 0 
0 0 67 0 0 1 99 0 0 17 0 0 0 0 0 79 0 0 0 84 0 0 0 0 0 0 
22 0 0 85 0 0 0 24 0 0 0 0 0 16 0 44 0 41 0 0 0 0 0 0 0 
0 0 47 0 0 0 0 94 0 0 0 91 0 0 0 0 49 59 0 28 49 0 0 0 
0 0 0 20 0 18 0 25 0 0 74 67 0 0 0 0 0 0 0 0 0 0 0 
0 0 0 0 8 0 0 0 0 69 0 59 0 0 0 0 0 0 0 0 0 0 
2 0 87 0 0 0 0 45 0 0 0 47 0 0 0 0 0 0 0 0 0 
58 68 0 55 0 18 0 0 0 0 52 0 0 0 6 3 0 0 0 0 
98 0 71 0 59 0 0 0 0 0 37 0 0 3 5 0 0 0 44 
0 0 0 60 99 0 0 14 0 0 0 0 0 11 0 0 0 0 
77 0 0 78 0 0 92 96 24 0 0 0 0 0 0 0 0 
0 88 0 0 0 66 0 0 0 76 0 0 22 0 0 0 
0 4 0 0 0 0 17 98 0 44 0 0 0 0 0 
0 0 0 0 0 0 0 0 0 0 0 0 97 71 
0 28 0 0 0 0 0 75 0 0 0 48 0 
47 0 0 0 0 0 0 0 0 0 0 0 
0 0 69 0 0 0 0 71 0 0 0 
0 0 31 0 0 97 0 0 95 56 
0 79 6 0 0 73 34 0 15 
0 0 86 0 0 0 0 0 
0 57 0 0 0 0 0 
0 0 0 0 0 0 
0 0 0 0 0 
0 0 0 0 
0 0 71 
0 0 
0 

#i: 15
0 46 0 0 0 0 0 0 33 0 0 0 0 14 0 85 0 2 94 0 25 0 17 64 0 0 0 79 0 0 0 0 0 0 0 0 2 0 0 0 0 0 0 
0 0 0 68 0 0 90 0 0 0 0 0 0 0 0 0 66 0 0 0 45 30 0 0 0 0 0 82 36 99 0 0 0 91 0 0 0 69 0 0 0 28 
0 0 52 0 18 97 46 31 0 0 0 0 0 0 0 0 0 92 0 0 100 29 0 83 0 61 0 0 0 44 0 0 0 0 0 0 0 0 6 0 0 
7 0 0 58 0 0 0 25 8 0 0 0 0 20 0 0 0 0 0 0 0 49 0 0 0 0 20 0 0 0 0 0 0 0 0 0 0 0 0 0 
0 0 0 0 0 0 0 71 12 25 0 0 0 0 0 0 46 0 0 0 0 36 0 67 0 99 6 24 0 0 11 30 0 0 0 0 0 0 0 
0 0 0 74 0 0 82 0 0 0 0 77 0 0 0 0 0 70 0 0 85 0 0 0 0 0 0 88 0 0 0 0 0 0 12 0 0 0 
0 0 0 0 0 0 0 32 0 0 64 0 54 0 0 0 0 0 0 0 0 23 0 0 0 0 46 0 60 0 0 0 0 78 0 0 50 
0 0 0 0 0 0 0 0 62 0 17 0 83 91 15 0 0 0 36 0 0 0 94 0 63 0 94 57 11 75 0 0 0 0 8 0 
0 40 0 0 0 0 0 0 0 20 20 62 0 0 0 0 9 0 0 0 0 0 0 0 0 0 12 0 9 0 0 76 0 7 0 
0 6 0 0 0 0 0 0 0 0 0 61 83 0 0 0 0 39 0 0 0 70 0 0 0 0 10 0 0 0 0 0 0 0 
0 0 63 0 0 72 47 91 0 0 0 0 0 0 0 1 0 0 0 0 78 0 14 9 0 34 0 0 0 0 16 35 0 
0 54 0 0 0 0 0 0 0 0 0 0 0 0 0 0 0 0 97 13 0 0 75 0 0 0 9 77 0 14 0 0 
0 0 0 0 0 28 0 0 86 0 0 77 51 0 0 0 0 0 0 0 0 0 23 2 0 0 55 0 18 0 95 
6 0 0 0 0 56 72 0 0 0 0 0 88 0 0 0 0 29 0 0 0 0 0 0 0 67 0 0 0 0 
29 0 0 48 0 89 50 0 0 0 27 52 0 0 0 0 0 11 0 0 0 40 0 0 0 0 0 0 0 
0 0 0 0 47 11 0 0 0 0 0 0 0 0 0 81 0 43 70 82 0 0 0 0 0 0 0 0 
67 0 11 0 53 0 0 0 0 47 0 0 48 0 0 0 0 0 0 0 69 0 85 0 0 0 54 
0 0 78 86 0 0 0 0 0 0 0 0 0 90 73 43 0 0 0 0 0 0 0 77 0 32 
52 0 0 0 0 0 46 0 4 11 0 45 73 0 19 93 50 0 0 0 0 33 0 0 0 
0 60 52 0 0 0 0 0 16 24 0 0 0 0 0 95 0 0 0 0 45 0 0 0 
0 0 0 0 0 0 0 0 0 58 0 0 0 0 0 0 0 0 0 0 47 37 11 
21 0 0 0 0 0 0 83 0 0 0 0 0 0 0 0 0 0 0 0 0 0 
98 42 0 0 0 82 0 0 0 0 56 77 0 0 0 0 0 0 0 0 0 
0 0 87 0 97 93 22 0 0 76 0 0 97 70 0 0 0 0 0 0 
0 11 0 58 78 0 0 0 0 0 0 0 0 67 0 36 0 0 0 
0 0 0 0 0 0 0 90 0 88 0 85 0 0 0 20 0 0 
0 0 0 0 0 0 0 0 0 0 0 91 20 0 0 0 0 
0 12 0 16 0 15 0 0 77 0 36 61 0 0 0 0 
0 12 76 0 0 0 0 16 0 4 0 43 0 0 82 
0 0 75 0 0 74 0 0 29 0 0 0 0 0 
87 8 0 0 0 0 0 0 64 0 76 0 25 
0 0 0 0 0 0 0 0 0 0 0 0 
0 0 0 6 0 0 0 0 0 0 80 
25 54 0 0 0 0 87 0 0 20 
6 0 0 0 0 0 0 0 0 
0 98 0 0 0 0 0 90 
0 0 0 0 0 0 0 
50 0 0 54 100 76 
0 0 57 93 0 
0 0 0 0 
0 0 0 
0 93 
0 

#i: 16
0 0 0 42 0 63 0 43 20 0 0 0 0 0 0 0 0 0 63 0 0 77 0 0 0 3 63 0 0 0 0 0 0 0 0 0 6 0 49 64 6 78 
0 0 0 0 18 0 0 0 65 0 24 0 0 0 0 0 12 0 59 0 0 15 0 0 0 0 46 0 0 0 0 0 0 20 0 0 0 0 0 0 0 
0 0 0 0 0 72 0 37 0 0 0 0 0 0 0 0 0 0 3 0 0 0 0 0 0 37 0 0 0 0 98 0 0 0 0 21 0 0 0 0 
0 0 90 0 0 0 0 0 0 0 0 0 0 0 0 85 0 0 0 0 0 0 0 0 40 0 0 0 0 0 0 0 0 0 0 2 48 0 0 
0 0 0 91 0 0 0 0 0 63 0 0 0 0 0 0 0 0 0 0 0 0 0 98 94 0 0 0 0 0 0 0 17 77 76 0 0 0 
0 0 0 0 0 0 0 65 0 20 0 0 62 0 0 0 0 0 0 94 0 0 0 0 0 0 0 0 0 0 0 0 0 24 0 65 64 
0 38 0 79 0 86 0 0 0 0 66 0 32 5 0 0 0 81 0 33 0 0 0 0 0 0 0 77 47 0 0 0 23 0 0 0 
0 0 0 0 0 0 0 0 63 0 0 0 0 67 0 0 75 0 90 0 0 0 50 0 0 0 0 0 0 0 0 0 0 0 89 
0 0 53 0 0 0 0 0 0 0 0 0 0 68 9 0 7 0 0 0 48 67 0 0 73 0 0 76 47 0 88 0 22 52 
0 0 0 0 0 0 0 0 13 0 0 0 0 0 0 0 17 0 0 0 0 6 0 0 0 0 0 0 0 0 0 0 0 
0 0 0 0 0 0 0 0 0 58 94 2 0 0 0 0 0 0 0 11 0 0 0 0 0 0 0 13 74 0 0 0 
0 0 0 0 0 0 0 0 0 92 0 0 0 0 0 0 0 0 0 0 89 12 0 81 0 0 32 51 0 0 0 
0 0 0 0 0 0 63 25 0 0 0 0 0 0 3 0 0 35 76 60 0 0 0 0 0 0 0 98 0 98 
0 0 0 0 0 0 4 0 0 0 0 0 0 0 85 48 79 65 0 0 0 0 82 13 0 0 20 0 29 
72 5 0 0 0 0 57 0 0 0 0 89 54 0 0 0 0 0 0 0 25 0 82 0 0 0 0 0 
0 0 0 0 0 0 0 0 0 0 0 0 0 0 0 0 47 69 0 0 0 16 0 0 0 24 0 
0 0 0 0 66 83 0 0 0 0 0 0 0 0 0 97 30 0 0 0 0 0 11 0 0 0 
0 47 91 0 0 0 0 0 0 0 19 0 0 0 0 0 96 0 0 0 71 25 0 0 0 
0 0 96 61 0 0 0 0 0 0 0 0 48 0 0 90 0 0 0 34 0 0 0 0 
0 0 0 65 70 0 0 0 21 0 0 0 0 1 0 0 0 0 0 97 0 100 0 
80 0 0 0 0 0 0 74 0 0 0 0 36 0 42 0 0 0 0 0 76 53 
0 0 0 0 0 0 0 0 0 0 0 0 0 0 9 0 0 0 0 0 0 
0 0 0 64 0 0 0 0 25 0 96 0 0 85 0 0 0 0 0 7 
0 0 0 0 0 0 0 0 0 0 0 0 0 67 0 0 7 45 0 
0 0 37 0 63 0 0 0 0 0 0 56 38 45 0 0 0 0 
16 32 35 0 0 0 0 0 65 0 48 0 0 88 0 27 0 
0 64 0 0 0 12 0 0 0 0 90 0 0 73 80 0 
35 17 0 65 0 0 0 0 35 0 0 0 5 0 0 
48 0 15 64 0 0 0 0 0 4 94 0 0 0 
35 0 0 0 0 59 78 0 0 0 0 0 0 
76 0 0 95 0 0 0 46 0 0 0 0 
0 0 59 0 0 2 0 0 36 0 0 
51 0 0 0 0 29 42 71 0 0 
0 0 0 49 0 16 0 0 82 
28 0 0 0 0 0 79 56 
0 17 9 0 0 45 0 
0 0 0 0 51 0 
0 0 64 0 0 
0 0 0 0 
53 65 0 
0 0 
71 

#i: 17
28 0 0 0 79 0 0 29 0 80 0 0 0 40 12 50 74 86 0 3 0 0 56 82 72 0 0 0 0 0 0 0 0 96 0 0 0 0 0 0 98 
0 0 0 0 0 0 0 0 0 0 16 0 0 0 15 0 0 0 0 33 0 0 0 0 0 0 0 50 88 69 37 0 0 0 0 0 0 0 0 0 
0 17 0 0 0 0 96 50 0 0 0 0 0 74 18 0 24 0 0 0 0 0 0 0 0 0 0 0 0 61 0 0 0 28 0 0 50 36 0 
0 0 0 0 0 94 0 0 0 0 0 0 0 0 0 0 0 0 0 0 0 0 0 0 92 0 0 0 0 0 0 0 69 0 0 27 0 0 
0 0 0 0 0 82 0 39 16 0 0 0 71 0 0 0 0 0 63 0 0 0 0 13 0 0 0 0 0 0 0 0 0 0 0 0 0 
0 0 0 0 0 0 0 0 0 0 0 0 0 52 0 0 0 0 0 0 0 0 61 0 0 13 0 52 26 72 5 25 0 0 0 98 
0 87 41 0 0 63 0 0 0 0 0 0 0 0 0 99 62 0 0 0 0 54 0 59 0 0 0 24 8 0 0 34 81 95 0 
0 0 0 75 91 11 0 0 88 0 0 17 0 81 0 0 24 28 0 0 3 0 0 0 0 85 0 0 0 0 0 0 0 0 
0 93 0 0 0 0 0 0 0 0 9 0 0 62 0 29 0 0 3 0 0 82 0 14 41 0 0 0 0 0 72 0 0 
54 0 0 0 0 0 0 0 44 0 42 0 29 75 0 52 0 0 17 0 65 0 73 0 0 0 0 0 0 0 0 0 
0 29 0 0 75 0 0 0 42 47 57 0 0 16 0 0 0 0 0 0 54 27 0 57 0 0 10 80 83 0 86 
0 0 0 0 0 0 0 0 76 0 0 0 13 0 0 0 23 0 87 68 0 0 0 0 0 79 29 0 77 0 
0 0 3 0 0 5 72 0 0 0 0 100 0 0 0 0 18 0 0 0 51 0 0 0 25 0 38 99 0 
0 0 0 0 0 0 39 65 0 0 0 0 0 0 0 0 0 0 0 64 0 0 0 85 0 0 0 0 
0 0 0 0 0 48 0 0 0 0 66 99 33 0 0 21 0 67 0 0 21 0 0 0 46 0 0 
0 0 0 99 0 0 0 0 0 85 0 0 0 0 0 0 0 0 0 0 86 0 27 0 0 0 
0 0 89 0 32 0 0 0 0 0 0 0 0 0 0 38 0 0 0 82 0 71 0 0 11 
0 0 91 0 0 28 0 0 56 0 37 23 0 0 0 0 0 0 0 82 0 0 89 0 
0 0 27 99 97 0 87 0 71 0 0 0 0 0 0 0 0 0 0 0 51 0 59 
93 0 0 34 0 0 0 0 79 0 87 0 0 0 0 0 0 0 0 47 0 0 
0 9 67 0 92 0 0 2 0 38 0 0 0 0 0 0 0 0 37 26 0 
0 15 0 0 0 70 0 0 0 42 0 0 0 0 0 6 32 96 97 0 
0 0 53 0 0 0 0 0 0 0 0 33 0 70 0 0 9 0 0 
80 0 0 0 0 0 0 11 0 0 0 0 0 0 0 0 0 0 
0 0 0 23 0 89 0 0 0 0 0 0 0 11 0 0 0 
0 0 94 0 0 0 43 4 0 0 0 2 0 0 48 0 
65 0 0 0 83 0 0 82 0 63 0 72 40 0 0 
0 21 0 86 0 0 31 0 30 0 0 0 0 0 
0 0 83 0 75 0 0 0 3 0 0 0 0 
9 0 0 0 0 0 0 0 46 0 91 0 
26 30 36 0 0 0 0 0 43 0 0 
0 0 60 0 0 0 94 80 37 0 
0 0 8 0 0 0 0 27 0 
0 83 5 0 92 0 0 89 
22 0 0 67 0 0 0 
61 0 36 0 0 0 
0 0 0 0 1 
0 65 0 0 
69 12 0 
0 0 
0 

#i: 18
0 39 0 0 0 0 0 0 51 0 0 0 0 0 0 0 0 0 0 27 73 67 0 0 19 18 0 21 22 0 21 0 0 82 0 0 0 0 0 0 
0 92 0 0 0 84 0 0 0 85 0 52 0 27 28 0 0 0 0 0 0 0 0 0 0 0 0 0 0 10 0 76 0 0 0 0 0 14 4 
24 0 0 0 0 0 0 30 59 0 0 0 0 0 0 0 0 32 63 0 0 0 0 55 89 34 0 0 0 0 0 0 0 10 0 0 0 0 
0 0 49 0 0 42 66 31 0 0 0 0 0 0 0 0 0 0 0 0 0 0 0 97 0 0 0 0 0 73 9 0 26 0 0 0 0 
70 0 0 0 0 15 82 98 0 0 0 0 0 0 0 5 47 0 53 51 37 0 48 0 0 0 0 0 0 0 0 0 0 0 3 0 
0 0 60 87 26 0 0 0 0 0 0 0 89 94 0 38 0 0 10 44 0 0 99 44 0 0 0 0 5 40 0 0 0 13 60 
0 0 0 71 0 0 0 14 0 0 0 0 0 0 0 73 0 0 26 0 0 0 0 0 0 0 0 0 51 0 0 0 60 0 
0 0 55 0 0 0 0 0 0 0 0 92 0 0 45 50 0 0 30 0 33 0 0 0 0 0 84 0 56 0 0 0 0 
40 42 0 7 0 0 29 0 0 0 0 0 86 0 0 97 0 0 0 0 0 0 42 0 65 0 0 0 0 0 0 0 
0 0 0 0 10 0 0 0 8 9 0 0 0 80 77 0 0 89 0 0 0 45 0 0 0 0 0 0 0 83 0 
28 14 66 0 0 0 0 0 0 89 0 0 96 84 0 0 0 0 0 0 0 0 0 0 0 0 0 0 17 42 
0 0 70 0 0 69 0 0 2 41 0 0 0 0 0 98 0 0 96 97 0 0 0 0 0 0 0 0 95 
0 0 0 0 0 0 0 0 0 66 12 11 0 0 0 0 0 0 0 56 0 0 0 0 0 0 37 0 
0 0 0 0 0 0 0 0 0 0 0 99 0 90 0 0 0 34 0 90 0 11 0 0 0 95 0 
0 0 0 0 59 0 0 0 53 0 0 46 79 0 0 0 0 0 13 0 0 0 48 0 0 0 
9 0 0 0 0 0 0 94 0 0 0 0 0 84 0 0 0 0 0 0 0 0 0 37 0 
0 0 0 0 81 0 0 0 0 44 0 0 0 0 0 20 0 0 30 0 0 31 0 78 
0 0 46 98 0 99 0 0 11 0 0 0 0 0 0 56 0 97 0 0 0 0 0 
0 98 0 90 0 0 93 0 55 0 0 0 0 0 0 0 0 0 0 0 0 0 
0 87 0 0 0 39 0 11 0 6 0 0 0 0 66 0 7 0 0 3 86 
0 49 0 0 0 0 0 0 0 0 0 0 0 0 0 0 0 0 44 0 
0 0 56 99 0 0 0 0 0 0 64 0 0 0 0 51 0 0 0 
0 0 14 0 33 0 0 0 0 79 0 0 0 0 0 65 0 0 
73 56 0 7 0 0 54 0 0 0 0 0 18 0 0 0 11 
0 0 0 58 0 0 0 0 15 0 35 0 0 0 0 0 
0 0 50 0 0 0 0 0 0 0 98 0 0 31 0 
0 0 0 5 0 5 0 0 0 0 0 0 0 0 
0 0 6 0 0 60 0 0 0 0 0 0 0 
14 0 97 0 0 0 64 0 0 0 0 0 
0 0 0 0 0 0 0 19 0 0 0 
87 93 0 0 0 14 4 79 0 0 
0 7 0 0 0 0 0 0 40 
0 85 38 27 44 0 0 0 
0 0 0 0 0 0 0 
0 80 0 0 0 0 
0 0 36 0 77 
0 0 0 0 
0 0 0 
0 67 
26 

#i: 19
0 46 0 0 0 0 0 0 0 0 100 0 27 0 0 14 0 0 5 0 0 0 0 0 100 0 0 0 1 0 0 0 0 0 0 0 0 0 0 
0 0 0 41 0 0 0 0 0 0 0 0 80 0 0 0 0 0 0 2 51 0 0 0 0 0 0 0 63 0 0 0 0 29 0 21 0 0 
0 0 0 31 56 0 0 0 0 12 0 0 0 0 0 0 0 0 0 0 0 84 57 0 29 0 42 0 0 0 0 32 0 70 0 0 0 
0 0 0 0 0 0 0 0 0 0 0 0 0 0 0 99 0 0 0 0 0 0 0 0 0 0 67 0 0 0 0 0 28 0 0 0 
0 0 15 0 0 0 0 0 0 0 40 0 0 94 0 4 0 1 62 0 0 0 0 0 30 0 0 3 0 0 85 0 0 26 97 
0 6 0 0 7 74 0 0 0 0 0 0 0 0 0 0 0 2 0 0 0 46 0 0 0 0 0 0 33 0 0 0 6 0 
0 0 0 0 0 0 0 0 0 0 59 0 0 0 41 85 80 0 0 0 50 78 2 0 28 0 23 0 0 0 78 0 0 
0 0 0 0 25 0 0 0 0 0 0 0 43 26 56 38 0 0 0 0 0 0 0 0 55 0 0 0 74 1 0 0 
0 0 2 0 0 0 0 0 0 0 4 0 0 30 0 0 0 24 0 99 89 0 0 0 100 0 0 0 0 0 42 
0 0 17 0 57 0 0 0 0 0 0 0 0 48 0 0 0 14 0 0 0 0 0 69 0 0 0 0 0 0 
0 0 0 98 0 0 0 0 0 22 44 1 0 0 85 0 0 88 26 0 0 0 0 0 0 0 0 0 0 
0 0 0 0 74 0 14 0 0 0 0 0 0 0 38 0 0 0 0 0 64 0 0 0 0 0 42 0 
0 35 0 0 0 0 0 0 0 0 0 0 55 0 73 0 0 88 77 36 0 0 0 0 0 0 0 
78 0 0 0 0 54 0 0 44 0 0 0 0 0 0 0 0 0 0 69 0 0 0 0 0 0 
0 0 2 5 17 0 0 40 78 0 0 44 6 0 0 0 0 0 75 55 9 0 26 0 0 
0 0 0 0 0 70 0 0 51 0 0 0 47 0 0 0 42 32 0 0 0 0 0 13 
0 0 0 0 0 0 99 47 0 0 0 0 0 0 0 0 0 0 72 0 0 0 0 
84 0 0 0 71 0 0 0 0 0 0 95 0 0 0 0 41 0 0 0 0 0 
0 0 0 0 0 0 0 0 0 0 0 0 5 0 77 79 68 0 0 0 0 
0 0 0 0 0 80 4 70 0 0 0 30 0 0 0 0 0 0 0 0 
0 0 0 0 64 0 0 94 11 0 0 0 0 54 0 0 0 33 18 
0 0 0 0 78 0 0 73 0 0 0 0 10 0 0 0 0 0 
0 0 76 0 0 0 4 0 0 51 0 0 0 0 0 60 0 
24 0 0 0 0 0 69 0 0 0 0 0 53 0 0 0 
0 0 0 0 54 0 0 36 0 0 71 0 0 0 47 
0 86 0 0 64 0 0 12 0 0 64 0 0 98 
88 0 0 0 68 0 0 24 0 0 0 0 0 
30 0 0 0 86 0 0 12 0 0 0 0 
73 0 21 0 0 0 0 0 0 0 0 
47 0 0 0 0 0 0 0 0 61 
0 0 0 0 0 0 0 59 77 
0 0 0 0 0 0 4 17 
0 0 0 0 96 0 75 
48 92 0 0 0 0 
0 0 0 0 0 
0 75 4 0 
7 0 0 
0 27 
0 

#i: 20
0 0 76 36 37 0 78 0 0 0 0 0 0 0 67 98 0 0 5 0 100 0 0 0 86 0 0 0 0 0 0 0 0 0 49 0 0 0 
0 0 0 0 0 0 0 0 54 0 98 0 0 94 0 0 0 0 0 0 0 58 0 0 0 0 0 1 0 0 0 59 84 0 80 0 0 
0 0 0 54 0 0 71 0 7 0 0 0 89 0 0 0 0 41 10 0 56 82 0 0 0 0 0 0 0 55 56 62 0 0 51 0 
0 0 0 82 0 0 3 0 0 0 76 0 72 82 0 0 0 0 89 0 0 0 0 0 20 0 60 0 0 0 0 0 0 0 0 
0 0 0 0 0 0 60 0 96 0 26 0 0 53 0 0 49 64 0 0 0 0 0 0 59 0 0 0 0 3 36 0 97 0 
0 39 0 0 0 0 0 0 0 0 0 0 0 0 0 15 0 0 0 95 0 65 0 0 0 0 0 0 0 0 14 0 0 
0 26 0 0 0 0 0 2 0 0 0 6 46 75 27 0 19 67 0 30 0 0 0 91 0 0 0 3 0 0 0 0 
0 0 0 0 3 0 0 0 0 72 0 40 0 43 0 0 38 0 43 10 0 54 0 15 0 0 0 17 0 0 0 
76 0 0 69 0 29 0 0 0 0 0 96 0 0 34 0 0 25 0 0 0 38 0 70 0 0 0 55 0 0 
0 0 0 0 12 0 0 0 0 0 37 0 0 0 38 0 0 39 0 0 69 0 0 0 0 0 15 0 0 
0 0 0 0 0 29 0 0 0 0 0 0 0 0 0 0 0 0 0 0 0 0 0 0 0 0 0 51 
0 61 51 0 0 0 0 0 0 0 0 0 0 0 0 69 0 0 58 0 0 0 0 0 0 0 0 
0 52 0 68 20 23 40 0 0 26 17 51 74 0 84 0 0 0 88 53 48 0 96 32 0 11 
89 0 46 0 0 0 0 0 0 0 0 45 0 0 0 3 16 0 0 0 0 0 0 0 18 
23 0 0 18 0 0 0 0 70 0 0 0 0 0 0 0 98 0 6 0 0 12 29 24 
0 0 0 22 0 0 3 34 0 0 13 25 43 0 29 85 54 0 0 0 25 0 0 
18 0 91 0 0 0 0 0 26 0 0 76 0 27 0 0 28 0 0 26 0 0 
0 96 0 0 0 0 0 0 0 0 79 0 0 100 14 0 0 0 0 0 0 
59 0 47 0 0 0 0 0 0 0 0 0 78 85 0 0 0 0 0 0 
0 0 0 0 0 0 0 0 0 0 0 0 93 0 0 0 71 0 0 
0 0 0 38 0 0 61 31 0 0 0 0 0 0 9 0 0 0 
0 0 0 34 0 0 0 0 0 0 44 0 0 0 0 0 0 
46 26 96 0 0 71 0 0 0 9 43 0 0 0 0 0 
0 0 0 0 0 0 0 0 0 35 0 0 0 5 0 
0 32 79 0 0 0 0 0 0 0 67 52 0 0 
7 50 40 0 10 0 0 0 0 69 56 0 0 
0 0 45 0 0 0 0 0 0 0 0 39 
87 67 2 0 0 0 0 0 0 0 0 
2 0 0 0 0 0 0 0 0 98 
0 0 0 0 0 0 0 0 0 
0 0 0 62 0 0 0 0 
0 0 0 0 5 0 0 
0 91 0 0 0 0 
0 59 0 0 0 
0 0 0 0 
0 0 0 
0 40 
90 

#i: 21
0 0 0 0 7 20 0 0 0 0 0 0 20 0 0 0 0 0 0 0 60 0 0 0 0 0 0 33 97 0 82 96 0 0 0 0 0 
76 27 0 0 0 0 12 0 51 0 0 0 0 0 0 0 0 0 0 0 0 0 0 0 0 39 0 0 0 0 56 49 0 0 0 0 
0 76 76 0 0 0 0 0 41 0 29 0 0 0 0 0 0 19 0 41 0 70 0 0 0 0 0 0 0 0 0 84 0 97 0 
0 36 0 0 0 0 48 0 19 0 0 92 0 0 61 16 0 0 71 0 0 0 0 0 0 0 0 0 0 0 0 0 0 0 
0 0 0 0 0 78 0 0 0 0 67 0 0 91 29 71 0 0 0 0 0 35 0 0 0 0 36 0 0 9 0 68 0 
0 92 0 0 0 0 18 59 22 98 0 61 0 0 0 0 0 0 0 0 0 0 81 0 0 97 0 0 0 33 0 25 
0 61 0 0 0 0 57 50 0 0 0 0 0 45 0 0 0 0 0 76 7 0 0 0 38 0 0 0 0 87 0 
0 0 0 47 0 0 15 0 0 0 0 0 42 0 91 0 0 0 0 0 0 0 40 0 0 93 0 0 97 0 
0 0 11 0 46 0 0 81 0 15 0 0 0 0 0 0 26 0 0 0 0 0 0 0 0 31 49 0 0 
0 0 0 0 0 0 35 0 0 0 0 0 97 0 0 0 0 0 0 70 0 0 0 0 70 0 0 0 
0 0 0 0 0 0 0 0 32 0 0 0 0 0 0 0 0 0 0 0 0 0 47 0 0 40 0 
0 0 0 0 0 0 0 62 79 0 0 34 0 0 0 0 0 99 59 0 96 0 0 0 0 0 
0 0 44 24 19 0 0 0 0 0 0 0 0 0 0 0 53 0 0 0 0 81 0 0 0 
76 0 21 0 0 14 9 0 90 0 0 0 0 0 0 0 0 0 0 0 0 58 0 0 
59 0 0 31 33 35 0 0 0 0 0 0 0 0 0 0 0 0 43 0 53 0 22 
0 0 0 0 0 0 0 0 0 0 84 0 0 0 0 0 0 67 0 28 57 0 
0 0 0 0 0 0 0 0 0 77 53 0 0 53 0 0 0 0 0 9 0 
0 0 0 11 0 0 49 0 0 0 0 0 0 47 0 0 0 0 0 0 
44 0 0 0 0 0 0 0 0 73 19 0 0 72 0 53 0 0 0 
0 0 0 0 64 0 0 71 0 0 21 13 0 0 0 0 0 0 
0 0 79 5 0 0 0 0 0 29 0 0 0 0 0 0 0 
0 0 0 21 0 0 0 0 0 0 0 0 0 69 48 0 
0 0 47 0 0 0 0 0 0 0 0 0 0 0 39 
77 0 0 0 0 0 99 0 0 0 0 0 0 0 
0 0 0 0 0 0 0 0 52 0 0 0 0 
0 0 0 0 0 2 0 0 0 88 58 0 
0 0 6 0 0 0 2 0 0 96 0 
23 0 47 0 0 100 0 60 0 96 
0 0 0 0 0 0 0 0 0 
21 41 0 6 0 58 0 52 
0 73 0 0 93 0 0 
0 0 0 0 0 0 
0 28 0 0 15 
0 0 0 0 
0 0 0 
0 0 
0 

#i: 22
0 0 66 0 0 0 0 0 13 0 0 0 0 0 0 0 0 0 29 75 85 0 0 0 0 0 0 0 0 21 0 0 0 0 1 70 
0 50 0 0 0 0 82 47 0 92 0 0 0 0 0 0 39 0 0 0 0 0 0 0 0 0 0 0 0 0 0 0 0 0 0 
0 0 0 0 0 0 18 0 74 0 0 0 7 0 43 17 0 0 0 0 0 0 0 0 0 0 0 0 0 0 0 0 0 0 
0 71 64 0 0 0 0 0 0 0 0 97 0 0 0 0 0 0 67 7 0 0 0 88 97 0 0 0 0 0 0 0 0 
72 89 0 0 0 75 0 0 0 0 0 0 0 0 0 0 0 51 49 0 0 0 93 0 19 0 53 0 0 0 45 0 
0 0 42 0 0 0 0 0 0 0 0 0 0 87 0 0 0 0 0 0 0 0 0 22 0 0 0 0 0 0 0 
0 0 0 0 0 49 0 0 0 50 0 0 0 36 58 0 0 0 91 0 7 0 0 0 0 0 68 0 0 1 
77 0 81 0 19 0 0 0 45 0 0 0 5 0 0 0 0 0 0 0 0 0 0 81 28 0 98 0 0 
0 0 0 0 0 0 0 11 0 0 0 87 34 0 0 79 0 79 0 0 0 23 93 0 0 66 45 0 
0 37 55 0 0 0 0 0 91 0 0 30 0 0 0 0 0 0 0 29 90 45 0 0 34 75 45 
93 0 84 0 0 8 0 80 0 0 53 0 0 0 5 26 0 31 0 27 0 0 0 0 0 0 
0 0 0 0 0 75 0 0 89 0 0 2 0 0 0 0 0 0 0 76 0 0 91 0 0 
0 72 0 40 0 0 0 0 0 0 5 0 14 0 0 0 33 51 0 12 0 71 0 0 
0 0 0 0 84 0 0 0 0 0 0 0 0 0 0 0 10 0 0 0 16 0 40 
0 0 0 0 0 0 0 0 100 0 0 98 0 0 0 0 0 0 0 66 0 79 
0 0 0 88 0 90 0 0 0 0 23 0 40 64 0 0 49 0 77 94 0 
47 20 0 49 0 0 0 0 93 0 0 0 47 0 50 51 0 0 0 63 
0 0 0 11 71 69 75 0 0 0 0 0 0 77 44 0 41 0 20 
0 0 58 0 28 0 0 0 0 18 40 0 60 7 0 74 0 0 
12 62 0 0 0 0 74 0 88 80 0 0 86 0 0 11 41 
78 0 0 0 68 0 0 0 17 71 0 84 0 42 0 0 
15 0 0 0 0 0 0 0 0 24 0 17 0 0 0 
0 0 0 46 0 0 0 0 0 0 0 49 0 42 
0 0 3 0 0 0 0 0 23 64 0 4 0 
0 58 0 0 0 0 0 0 0 0 0 0 
0 24 12 37 0 0 0 0 92 29 0 
0 0 0 0 0 0 0 0 8 0 
0 0 0 28 0 0 67 92 21 
21 38 52 0 0 0 0 0 
0 0 97 92 94 0 28 
0 0 0 55 0 0 
0 0 0 15 0 
0 0 66 94 
0 0 0 
30 3 
0 

#i: 23
0 0 0 33 0 0 0 0 0 0 18 0 0 78 0 0 6 96 0 0 0 0 0 0 0 0 0 0 12 0 0 0 32 63 34 
0 0 10 0 0 0 88 0 59 28 0 97 0 36 75 0 0 9 0 0 0 36 0 0 0 0 72 0 3 0 0 0 0 90 
0 0 0 0 0 0 0 99 0 0 68 0 0 0 0 20 0 21 48 0 50 0 49 0 0 0 0 0 0 0 0 22 0 
94 0 0 0 1 0 87 73 0 26 0 0 0 0 0 0 0 0 39 2 14 0 38 93 0 94 0 96 0 0 85 0 
0 0 0 0 0 0 0 16 71 0 65 0 4 0 0 0 0 0 0 0 96 0 0 50 0 61 0 0 0 0 54 
53 0 0 0 0 0 0 0 0 0 1 0 0 0 0 32 0 0 0 46 26 0 0 0 14 95 0 0 0 0 
0 76 10 0 0 0 0 0 0 0 0 43 26 0 0 74 0 0 77 0 57 0 80 2 0 0 0 0 0 
0 0 12 0 46 0 0 0 0 0 0 0 0 0 6 0 73 0 0 0 0 39 0 0 0 0 0 9 
0 94 0 0 0 79 0 0 33 0 69 0 0 0 27 0 0 0 0 0 0 0 0 6 0 0 0 
6 0 0 76 0 75 20 0 0 0 23 0 56 0 40 68 0 0 0 12 46 0 0 47 0 0 
0 92 0 0 0 0 0 0 0 79 0 0 0 0 0 95 0 0 11 0 0 0 0 0 0 
0 0 0 0 22 0 0 2 32 20 0 0 95 69 0 0 0 49 0 0 99 0 0 0 
0 0 85 0 0 0 0 0 0 0 0 26 86 43 6 0 6 0 98 0 100 0 0 
0 0 2 0 0 0 27 93 85 46 0 0 20 0 0 0 81 0 95 0 0 0 
0 0 0 43 0 0 0 38 0 0 18 79 0 0 88 0 0 85 0 0 0 
93 0 0 0 0 0 10 18 0 0 0 0 0 0 0 0 0 0 0 71 
0 0 0 0 0 0 79 0 0 0 0 62 0 0 0 0 0 0 0 
89 0 74 0 0 0 100 0 0 0 63 0 0 3 78 0 0 0 
0 0 0 0 0 0 0 0 0 58 0 0 0 0 0 0 0 
72 0 0 0 0 0 0 0 89 53 57 0 0 0 0 0 
0 90 0 67 0 0 0 48 0 0 0 0 0 0 0 
0 0 0 0 0 0 0 0 0 0 0 52 42 3 
0 0 34 0 0 0 0 0 0 0 0 0 0 
0 17 0 0 59 52 76 9 0 0 19 9 
0 0 0 0 50 0 93 0 67 0 43 
53 0 0 56 13 32 0 0 50 0 
0 0 41 0 43 0 1 0 0 
0 0 12 58 0 0 0 75 
0 0 0 0 0 50 0 
0 0 20 0 0 0 
0 0 0 0 0 
0 0 83 0 
23 0 0 
0 24 
0 

#i: 24
54 0 0 95 0 0 96 0 64 0 0 0 0 0 0 0 0 0 0 17 0 0 54 0 0 55 0 0 68 0 67 0 0 6 
94 4 0 0 0 0 0 0 0 0 0 0 0 83 54 58 0 0 0 0 65 0 0 0 0 85 0 0 0 0 0 0 59 
0 0 11 57 65 80 77 0 0 0 0 33 0 0 0 0 0 0 0 51 0 0 0 0 57 0 0 0 0 0 0 21 
31 24 0 0 0 83 0 10 0 0 0 0 55 0 8 0 0 0 78 0 0 0 0 0 0 68 0 0 0 0 0 
50 0 0 67 0 66 0 0 58 0 0 0 0 0 0 0 0 31 0 0 0 21 23 51 0 0 86 0 0 56 
38 5 79 0 0 0 0 46 0 61 0 0 0 0 0 0 0 0 0 0 0 0 0 0 0 0 0 0 66 
0 0 0 0 99 51 76 96 0 0 0 39 0 38 65 0 0 0 0 0 0 0 0 65 0 0 0 100 
0 0 88 67 0 0 0 0 0 60 45 0 0 36 0 0 3 0 0 0 0 0 0 0 0 49 0 
0 0 0 78 0 0 28 84 0 0 15 0 0 0 79 15 0 0 11 0 94 0 0 33 0 0 
0 0 0 47 0 18 0 47 0 47 0 67 62 0 12 34 14 0 0 55 0 0 48 0 0 
0 0 0 0 0 45 0 0 0 0 0 0 0 0 0 97 0 0 0 0 0 0 0 0 
82 0 0 0 30 0 77 0 0 0 0 0 0 0 43 0 0 0 0 0 0 0 37 
0 0 0 9 36 0 0 0 0 0 0 0 0 23 0 0 0 0 21 0 0 0 
0 0 0 0 0 64 18 0 24 0 0 0 0 0 0 8 0 0 0 0 0 
0 0 0 0 0 0 0 0 0 0 0 0 0 0 0 0 0 0 0 0 
0 0 0 0 0 0 0 0 0 0 0 88 0 53 0 62 17 31 71 
0 21 0 0 29 0 0 63 0 94 0 0 0 0 0 71 0 0 
0 0 0 67 14 0 0 86 0 0 0 0 0 26 0 39 0 
0 10 0 22 0 0 0 0 0 43 0 0 0 40 0 0 
0 0 0 0 75 0 0 0 0 0 0 0 87 2 0 
0 0 93 0 0 68 0 62 0 0 0 0 0 0 
0 0 0 0 0 0 0 0 0 0 29 0 0 
99 27 39 0 0 0 0 0 0 98 0 0 
0 0 0 0 0 0 0 93 84 0 0 
0 0 0 0 54 0 0 0 0 0 
0 0 0 0 0 0 0 0 0 
0 70 82 0 14 0 0 0 
83 0 0 0 0 0 0 
0 0 0 0 0 0 
0 0 0 0 0 
0 0 0 53 
0 0 0 
0 0 
0 

#i: 25
0 0 0 0 85 0 0 0 88 0 0 23 7 0 0 0 0 0 0 0 69 0 52 21 91 0 0 0 0 0 0 0 0 
0 0 0 0 0 22 84 0 0 5 37 79 30 0 0 0 0 58 0 61 85 0 0 0 75 0 0 0 0 81 0 0 
0 36 0 0 0 0 0 0 0 0 85 16 54 0 0 0 0 0 0 51 0 0 0 0 11 0 0 81 0 0 0 
0 0 0 0 0 0 0 0 0 0 0 0 0 0 42 16 0 33 100 0 0 0 0 0 0 0 99 0 0 0 
0 0 0 0 13 0 0 0 0 0 0 0 0 11 0 0 0 0 0 68 0 62 35 0 0 0 0 6 11 
0 0 0 0 0 0 90 18 0 43 87 0 0 0 0 0 4 0 0 0 0 0 0 0 0 0 0 0 
0 0 0 0 0 98 0 0 1 98 88 4 0 0 0 0 0 0 0 0 0 41 0 0 0 0 0 
0 56 0 0 0 0 0 0 0 0 0 0 0 59 0 0 95 98 0 0 73 75 0 0 0 60 
0 0 0 0 41 0 0 62 0 0 0 34 0 84 0 0 48 0 0 0 92 0 87 0 10 
0 0 0 0 0 0 0 86 0 0 0 0 0 0 0 0 0 0 8 0 0 0 0 0 
0 0 0 0 0 0 0 24 0 0 3 0 0 0 0 0 0 0 0 45 86 0 0 
0 0 0 0 73 0 0 0 0 0 0 92 0 0 2 0 26 0 0 0 0 62 
0 0 0 0 0 43 0 65 74 0 0 0 0 44 0 33 0 0 0 0 0 
0 0 0 0 0 0 0 0 0 0 0 0 0 0 0 52 0 0 0 0 
0 57 0 0 0 0 0 100 0 0 0 0 18 0 0 0 0 0 0 
0 0 0 42 73 18 0 48 0 0 0 0 67 66 70 0 0 0 
0 0 0 0 0 0 0 0 0 0 66 0 0 97 67 0 0 
0 0 0 0 40 0 82 0 0 0 0 21 0 25 0 26 
0 86 0 0 32 0 99 40 0 0 52 0 0 0 0 
2 54 0 61 84 0 0 0 0 0 0 49 0 71 
0 0 0 0 0 0 82 0 0 0 68 13 93 
0 12 95 19 18 31 0 0 0 0 53 94 
0 0 0 0 46 0 0 0 0 0 0 
98 0 0 0 0 0 92 45 0 0 
0 43 0 43 0 0 0 0 0 
0 28 0 0 0 79 0 52 
0 0 43 0 0 0 0 
0 88 30 0 0 0 
7 0 0 0 0 
0 8 56 0 
0 0 47 
0 0 
11 

#i: 26
0 0 0 0 0 0 0 0 0 0 3 0 0 0 0 0 0 0 0 100 0 0 95 0 0 0 0 0 0 0 0 0 
0 0 0 0 0 88 0 0 0 82 35 0 0 36 0 0 0 0 0 0 0 0 0 99 38 0 61 0 0 0 100 
0 0 0 0 0 98 0 0 33 66 0 0 0 0 0 0 0 0 0 0 0 0 0 0 0 100 0 0 0 0 
80 0 0 89 0 0 51 41 83 0 0 0 83 0 89 0 0 0 17 28 0 0 0 0 0 0 26 53 0 
0 0 0 0 49 0 0 11 0 0 0 0 0 0 57 66 0 0 0 0 0 0 0 0 73 0 0 0 
0 0 35 0 0 0 33 97 0 63 0 0 15 0 0 0 0 23 0 0 0 0 0 0 0 0 0 
0 86 0 67 44 23 0 0 0 0 0 0 0 0 0 71 0 0 0 22 0 37 0 12 0 0 
0 0 0 13 0 0 0 0 0 0 0 0 0 54 0 69 0 0 0 0 0 0 0 0 0 
52 3 0 0 0 0 0 70 0 75 1 93 0 0 13 0 0 59 16 0 71 79 0 0 
0 0 0 0 0 0 0 23 0 58 0 0 80 0 0 83 0 0 0 77 0 0 0 
0 65 0 0 0 0 0 0 0 0 0 0 94 36 0 0 0 0 0 0 0 0 
0 0 0 88 0 0 0 0 0 55 0 0 0 0 0 0 0 0 0 0 24 
0 0 0 0 0 0 0 0 0 87 0 0 0 48 0 34 88 0 0 0 
26 0 0 0 0 0 0 0 93 82 0 0 0 0 0 0 69 33 0 
0 0 83 0 0 37 0 0 0 0 33 0 0 43 0 0 0 0 
0 23 0 0 0 0 83 0 0 0 6 58 46 0 4 0 0 
0 0 29 0 0 0 56 13 0 0 0 0 0 0 44 0 
0 0 0 56 0 0 0 0 0 0 0 0 0 0 0 
86 0 0 0 45 0 79 4 0 45 0 0 0 0 
71 0 0 0 0 0 0 0 0 0 51 0 30 
68 0 0 0 0 0 0 12 0 0 0 49 
0 0 0 0 0 0 0 0 0 0 0 
0 0 0 0 0 0 0 0 0 0 
92 0 0 0 0 0 86 0 0 
100 0 67 26 0 84 0 0 
0 11 0 0 0 77 27 
0 0 8 0 82 0 
0 0 0 0 18 
0 0 0 0 
0 92 0 
0 0 
0 

#i: 27
0 0 0 19 0 0 0 0 0 0 14 0 0 0 0 47 0 60 0 0 0 68 0 0 0 0 0 0 0 52 0 
0 0 0 0 0 0 0 0 0 0 0 0 0 0 0 0 0 0 98 0 0 0 0 39 0 0 47 0 0 24 
0 30 0 0 0 0 0 93 0 89 0 0 0 43 0 58 0 0 0 0 32 0 0 0 0 0 11 72 0 
0 79 0 0 0 0 0 0 0 0 0 0 22 0 0 0 0 87 0 0 12 0 6 37 0 23 74 62 
0 10 32 0 0 0 83 0 0 0 0 0 0 0 0 62 0 0 42 39 0 0 0 33 0 0 0 
40 77 0 0 0 9 0 0 30 0 0 5 12 0 0 0 0 0 73 0 0 0 0 46 13 0 
0 0 0 0 0 0 0 0 89 0 0 0 0 0 0 0 43 0 0 0 0 0 0 88 0 
60 24 0 0 71 0 0 22 0 0 4 0 66 50 92 0 0 0 0 45 0 0 0 57 
0 0 67 0 20 0 0 84 0 0 0 0 0 0 17 0 0 0 0 12 0 0 83 
0 3 0 0 18 0 0 0 57 0 0 8 0 0 0 0 0 81 0 0 98 0 
0 32 0 0 0 0 0 81 0 0 33 0 0 0 38 0 0 73 0 0 94 
3 16 59 38 0 31 0 0 0 0 0 0 0 0 0 0 0 0 47 0 
56 0 0 0 0 37 0 0 0 0 34 0 12 0 0 40 0 0 0 
0 0 0 96 54 0 0 84 0 0 98 0 0 0 0 45 0 0 
0 0 0 0 0 0 0 0 0 0 21 0 0 0 0 0 41 
0 0 0 0 0 0 38 33 0 0 69 0 0 34 48 0 
0 96 59 0 0 0 53 48 0 0 35 80 38 71 0 
48 0 0 0 0 0 0 0 0 0 0 0 65 0 
58 97 0 0 89 19 86 0 0 0 0 0 0 
0 100 0 0 0 0 85 0 0 0 0 0 
0 0 79 0 19 0 0 0 0 0 0 
0 0 0 0 0 0 0 0 0 75 
21 0 86 0 8 0 65 0 0 
0 0 0 71 0 0 56 0 
0 0 0 0 0 0 0 
0 0 0 0 0 44 
0 0 70 0 0 
0 0 0 0 
0 0 56 
0 0 
0 

#i: 28
0 0 0 0 0 0 0 0 0 0 0 0 46 0 0 50 0 85 0 0 35 40 0 0 0 88 0 0 33 66 
0 0 42 0 0 0 98 0 0 0 0 0 0 40 0 63 0 0 0 79 21 0 0 20 0 10 0 0 28 
85 0 94 0 0 31 84 6 0 0 0 76 0 19 9 0 0 11 0 0 0 0 45 0 80 0 0 84 
50 0 0 0 0 0 26 0 0 92 97 46 0 0 0 0 14 0 29 0 38 78 0 0 0 53 0 
0 82 0 77 0 0 0 0 89 0 0 0 0 0 0 0 0 7 0 0 0 5 0 31 0 0 
0 46 0 85 75 0 18 0 0 0 0 0 0 0 0 0 0 0 0 0 0 0 0 0 26 
0 90 0 0 0 0 0 0 0 0 0 0 0 0 91 0 0 0 14 0 0 0 0 0 
56 22 0 69 0 40 0 0 60 0 0 0 0 0 0 0 0 32 0 0 0 0 0 
49 0 0 0 28 48 0 48 0 0 0 0 0 0 0 0 100 0 0 49 32 0 
0 0 42 0 6 0 0 0 0 0 40 0 0 0 0 0 0 0 0 0 0 
0 0 0 44 5 0 0 0 0 0 0 0 0 0 0 0 38 0 0 0 
0 0 0 5 78 0 0 32 0 46 0 0 0 0 32 0 0 0 0 
0 0 0 0 52 0 25 0 0 0 0 0 0 0 0 0 0 32 
0 0 0 0 48 0 46 0 0 0 0 97 0 0 40 0 97 
0 0 0 0 0 4 83 31 0 36 0 0 0 0 0 0 
0 99 50 0 0 0 61 0 0 0 0 91 0 0 0 
0 0 58 0 0 87 0 64 0 0 0 35 0 86 
0 31 0 0 23 0 33 0 0 38 0 0 0 
0 12 0 0 5 72 83 0 0 0 0 0 
43 25 0 0 0 0 0 51 76 16 0 
0 0 0 0 0 36 59 0 5 0 
79 0 0 7 0 0 0 0 0 
0 0 13 0 0 67 0 29 
0 0 0 48 30 0 0 
0 0 29 0 0 0 
54 0 0 0 0 
0 0 0 71 
0 7 87 
0 32 
10 

#i: 29
0 0 0 0 0 0 45 0 0 0 0 0 94 67 5 0 0 0 0 0 0 0 0 0 77 0 0 0 0 
56 0 0 64 32 0 0 78 0 0 0 0 0 0 0 0 0 0 0 0 0 0 64 0 0 0 0 0 
0 0 0 0 58 95 0 85 0 0 0 0 0 0 0 0 0 0 56 0 0 0 0 0 0 0 10 
0 0 98 28 41 30 0 0 0 72 0 0 0 62 0 0 0 0 48 0 39 16 15 26 0 0 
0 80 0 0 0 0 0 0 0 0 0 0 0 79 45 0 12 0 85 0 0 0 0 0 0 
27 18 0 92 0 0 0 0 84 0 75 0 0 0 0 0 0 0 0 0 0 0 54 0 
35 37 0 0 0 0 0 0 0 0 0 0 0 32 0 0 0 40 0 0 80 46 85 
0 64 70 0 0 0 17 97 0 58 0 0 0 0 0 0 0 0 0 73 0 0 
0 7 0 0 0 62 0 25 84 26 0 0 0 0 0 0 96 0 32 0 0 
14 0 0 0 0 61 0 0 0 70 0 0 30 0 0 66 0 0 0 0 
0 52 0 0 0 0 0 0 0 98 0 0 0 0 37 0 0 5 0 
0 0 0 0 0 0 0 80 0 0 0 0 0 0 0 0 0 13 
94 0 19 0 20 0 0 81 0 0 0 0 0 0 0 0 0 
0 0 0 0 0 0 0 0 0 12 0 0 0 0 0 38 
48 17 0 0 0 0 0 0 0 0 0 33 0 0 0 
0 74 26 92 0 0 92 0 87 0 0 0 50 0 
0 0 0 0 0 0 44 0 0 20 0 31 0 
0 0 0 0 0 69 0 0 92 70 0 0 
0 0 0 0 0 0 0 0 71 16 0 
13 0 0 40 0 0 27 0 68 0 
0 39 2 0 0 0 0 0 25 
0 12 0 58 0 0 0 0 
82 0 72 0 0 0 12 
0 0 0 70 10 0 
79 0 0 0 83 
0 0 62 0 
0 0 64 
0 0 
0 

#i: 30
0 58 52 0 0 0 0 0 0 0 57 0 0 0 0 0 0 0 0 0 0 0 0 0 0 80 0 0 
61 0 17 0 0 0 76 0 0 0 0 47 0 0 0 6 0 0 35 0 0 0 65 0 0 57 0 
0 50 73 0 0 88 75 0 0 0 0 0 35 0 54 56 0 0 0 0 82 30 0 0 53 0 
89 0 0 84 0 0 67 0 0 0 0 36 49 0 0 0 0 0 0 0 0 0 39 0 0 
0 0 87 0 0 0 0 0 0 0 0 91 0 30 77 39 0 0 0 3 0 0 0 0 
0 0 0 0 0 0 13 0 0 0 66 0 24 0 0 88 0 0 22 0 0 0 0 
0 0 49 0 0 0 18 85 0 0 0 94 51 0 55 0 0 85 0 0 0 0 
32 83 0 0 52 0 0 0 10 0 0 57 0 0 66 0 97 0 84 0 0 
0 0 35 0 0 0 0 0 0 0 0 0 8 17 0 36 0 0 74 0 
22 0 0 0 0 25 30 0 0 83 0 0 0 0 0 0 38 0 0 
28 0 32 0 0 0 0 0 0 34 0 0 0 0 0 0 55 6 
97 0 49 0 0 0 0 0 68 0 0 0 39 0 46 0 0 
0 0 0 0 0 0 22 33 0 27 0 0 0 0 0 0 
0 0 0 25 32 0 0 0 37 0 90 0 0 0 0 
0 0 85 0 0 0 0 43 0 0 62 0 0 0 
34 0 29 0 0 0 0 63 0 0 0 12 85 
65 0 0 0 76 0 0 0 5 0 0 0 
0 0 0 0 0 0 21 0 0 0 0 
0 0 0 0 73 0 0 0 0 0 
96 0 0 0 80 0 0 0 0 
0 89 2 0 0 0 78 28 
0 0 0 0 33 0 0 
0 0 0 69 0 21 
0 0 0 30 40 
0 0 0 68 
68 51 0 
0 0 
71 

#i: 31
0 0 0 0 0 0 0 0 29 0 0 0 0 0 0 15 0 0 0 0 0 90 0 0 65 74 0 
92 0 0 0 0 34 0 72 0 0 31 0 54 3 0 0 0 0 0 0 0 0 0 3 0 0 
0 0 0 22 0 93 0 0 12 0 0 0 0 19 0 0 0 0 0 0 0 0 0 0 0 
77 40 0 0 65 0 0 0 0 0 0 42 0 0 0 0 0 87 33 0 0 0 0 88 
0 0 0 43 0 54 0 27 0 0 0 0 0 0 33 0 36 0 0 0 0 0 0 
0 38 0 68 0 0 83 93 10 0 0 0 0 0 36 3 96 0 0 87 0 0 
0 0 0 0 0 89 0 0 0 33 0 0 13 0 69 0 0 0 0 0 0 
0 0 75 0 0 0 0 0 0 0 27 0 0 0 17 0 0 85 0 0 
0 0 0 0 0 0 0 0 51 0 0 0 0 0 70 72 0 0 0 
81 76 18 0 0 81 8 0 0 37 50 0 19 0 0 0 0 33 
0 0 0 0 0 41 0 0 84 0 32 0 0 0 0 0 0 
68 0 13 0 0 0 0 0 57 0 68 0 0 0 0 0 
0 0 0 0 0 28 9 0 0 0 0 0 0 0 0 
17 0 0 97 0 0 0 0 0 0 0 0 8 0 
0 0 0 98 0 0 0 0 0 0 68 0 0 
6 0 0 6 0 0 0 14 0 0 0 0 
89 41 0 0 0 56 0 24 36 0 0 
0 0 0 0 59 0 0 0 0 0 
0 0 76 62 0 0 84 0 0 
0 0 0 0 0 0 0 0 
0 14 0 0 100 0 8 
0 0 0 0 18 55 
99 0 0 0 36 
0 0 0 0 
0 0 71 
0 40 
0 

#i: 32
0 92 0 0 0 0 0 0 0 0 91 0 0 53 4 0 32 0 18 97 94 0 0 0 0 84 
0 12 0 0 0 0 0 0 58 0 0 0 0 0 0 0 20 37 20 0 0 31 0 0 0 
0 0 0 0 0 0 0 0 0 0 0 0 0 0 0 0 0 0 34 0 0 0 5 0 
0 0 0 0 0 20 0 0 11 0 100 0 0 48 0 0 0 84 0 0 94 0 0 
0 0 0 65 0 0 7 24 0 50 9 0 0 9 0 0 0 57 0 0 0 0 
0 0 0 0 0 0 0 0 0 0 0 34 7 0 0 0 0 0 0 0 85 
0 85 0 0 0 0 43 67 75 66 0 39 77 0 0 0 0 4 0 0 
44 0 0 0 0 0 0 0 0 0 0 92 53 0 0 0 67 0 0 
88 0 93 0 72 0 0 0 59 0 0 0 0 0 0 90 0 0 
0 0 0 34 0 40 0 21 0 0 0 0 0 18 5 0 0 
31 99 9 0 0 0 0 0 0 62 60 0 0 49 0 0 
0 0 99 0 0 0 98 0 0 43 0 0 0 0 0 
0 0 23 0 0 0 0 0 0 0 0 0 0 0 
96 14 0 0 0 0 0 83 0 0 42 0 0 
0 0 0 0 19 0 0 34 0 0 0 50 
17 0 0 0 0 0 0 0 0 94 59 
0 0 0 16 0 0 0 30 58 29 
0 0 0 10 0 55 74 0 0 
0 0 0 0 0 69 75 0 
0 0 0 58 0 0 0 
0 96 0 0 0 0 
0 0 0 0 0 
43 0 0 54 
0 0 0 
24 0 
0 

#i: 33
0 0 0 0 0 0 0 0 0 54 0 0 0 37 0 0 49 0 29 0 0 0 0 11 0 
0 0 0 0 0 0 0 10 94 62 0 38 0 0 0 0 0 0 0 19 0 0 0 0 
0 24 0 0 0 7 0 0 0 97 0 0 54 0 0 78 0 0 0 0 0 0 0 
59 0 0 0 74 0 53 25 0 0 0 0 0 0 0 0 69 0 86 0 0 0 
0 41 0 29 0 62 0 0 0 0 0 0 67 0 0 10 0 0 70 0 0 
0 0 0 0 57 54 0 47 39 56 0 0 0 0 0 0 0 0 0 0 
0 0 0 0 0 0 0 0 0 0 0 0 0 0 19 0 0 94 0 
0 0 0 0 34 0 0 0 0 0 0 0 0 0 0 0 40 0 
0 0 0 0 0 34 0 0 0 0 0 0 35 13 0 0 0 
0 0 0 14 0 11 0 0 0 0 0 0 0 0 52 0 
0 0 0 0 88 0 0 0 0 0 98 0 0 0 0 
0 0 0 0 16 0 33 0 0 72 0 0 0 0 
0 0 14 58 0 0 83 0 0 53 0 0 0 
0 0 0 69 0 43 0 0 95 0 46 90 
0 96 0 0 0 0 0 0 0 0 37 
0 0 60 0 0 0 0 58 0 0 
0 0 0 0 0 0 0 14 0 
0 0 72 0 0 0 0 0 
18 0 41 0 0 0 0 
0 0 0 0 0 30 
0 0 0 0 0 
70 0 0 97 
0 0 49 
0 0 
0 

#i: 34
57 0 0 0 8 0 0 0 0 0 50 0 0 0 0 0 0 18 0 0 0 0 0 0 
0 0 33 0 0 0 0 20 0 0 0 46 0 0 46 0 0 0 0 0 0 0 0 
67 0 17 0 0 0 73 0 0 0 0 0 0 78 4 0 0 0 0 72 0 0 
0 0 0 0 0 2 0 29 63 0 0 0 0 0 46 0 0 63 0 0 68 
0 0 55 0 0 0 0 0 0 53 8 0 30 0 80 0 0 0 0 0 
35 0 0 0 0 0 0 0 14 3 74 0 86 0 0 0 0 0 0 
27 0 0 0 0 0 0 36 81 0 53 0 0 0 27 0 0 84 
0 0 0 0 0 0 0 0 0 0 0 0 0 0 0 0 63 
0 56 0 0 0 0 65 0 50 0 0 8 0 0 91 68 
0 0 76 0 71 0 0 0 0 0 0 0 0 0 0 
0 0 0 0 0 0 0 0 0 0 0 0 39 0 
0 8 0 0 0 0 0 0 0 28 11 0 0 
0 0 0 83 0 0 0 2 52 0 0 0 
66 0 10 0 0 0 77 0 0 0 68 
19 100 0 0 0 0 0 0 0 0 
0 0 0 0 0 0 0 0 90 
0 0 0 0 0 0 0 0 
0 0 70 0 0 0 0 
8 0 0 0 0 0 
58 0 0 40 0 
0 0 0 0 
55 0 0 
0 0 
0 

#i: 35
0 56 0 0 0 0 0 0 0 0 0 0 94 0 95 0 57 89 87 3 39 0 0 
0 0 0 0 0 35 0 41 0 0 0 0 0 29 13 1 0 0 71 0 0 63 
56 0 0 0 0 0 0 0 0 0 0 0 95 0 0 0 0 0 0 0 0 
0 0 0 0 0 0 0 0 0 64 0 0 0 0 0 4 0 0 0 0 
0 0 0 0 64 0 0 0 83 0 0 0 67 0 0 18 0 0 0 
0 19 0 0 0 0 28 0 0 45 0 0 0 0 0 0 0 0 
0 0 0 0 0 0 0 41 0 0 0 0 93 60 0 0 0 
0 0 0 0 0 0 0 0 0 0 0 33 0 0 0 0 
0 0 0 0 0 0 74 0 0 0 18 0 0 0 0 
0 0 0 0 0 0 0 49 0 0 98 0 0 0 
45 0 45 0 0 0 0 0 39 0 43 0 100 
95 0 0 46 0 0 0 0 0 0 0 0 
0 0 0 0 0 0 84 0 0 0 0 
0 30 0 0 0 0 0 6 0 0 
0 0 0 0 0 38 0 0 23 
0 0 0 22 0 0 0 0 
24 0 78 0 0 0 68 
71 0 0 25 0 4 
0 19 0 0 0 
0 0 44 0 
0 0 34 
97 12 
0 

#i: 36
48 0 96 6 0 0 0 0 0 0 20 0 0 0 0 67 0 31 0 0 0 0 
0 0 93 17 0 0 0 51 60 0 0 98 0 0 0 0 0 0 0 0 0 
0 0 0 32 0 0 0 0 98 82 66 0 0 21 0 0 0 0 58 0 
0 0 0 28 0 77 0 0 0 0 0 0 0 0 0 53 0 4 0 
13 0 0 0 0 0 0 85 0 0 62 0 0 0 0 0 0 55 
0 0 0 60 0 0 0 9 0 0 0 93 0 0 0 0 3 
0 0 0 88 51 0 0 0 0 51 0 40 69 0 0 58 
0 0 88 14 0 0 0 0 0 0 0 0 67 0 0 
0 0 0 0 0 73 0 0 0 0 100 5 0 0 
19 0 0 85 0 0 0 0 0 0 0 21 0 
0 0 0 26 0 0 57 0 0 8 59 52 
0 0 0 0 84 37 0 0 0 69 0 
0 0 0 0 0 14 5 0 0 0 
0 0 80 0 0 0 0 19 0 
0 0 82 0 0 0 0 0 
12 0 0 0 0 0 0 
0 0 0 0 0 10 
0 0 33 8 88 
0 0 0 67 
0 0 34 
17 0 
0 

#i: 37
0 0 0 60 0 0 0 71 0 0 27 0 84 0 0 0 99 76 28 0 0 
0 0 0 0 0 0 0 77 62 0 0 0 0 0 0 0 0 0 0 0 
0 32 0 0 63 0 68 76 28 0 0 50 98 0 0 56 0 0 20 
0 0 0 0 82 0 0 0 0 93 0 0 0 54 80 0 0 0 
0 0 86 0 0 0 0 78 0 0 16 0 7 66 0 0 55 
0 0 0 0 0 0 37 0 0 0 74 39 91 0 0 0 
86 0 0 28 0 0 44 0 33 0 0 0 0 0 0 
0 0 0 0 0 0 73 0 0 0 0 0 0 0 
0 0 0 0 0 0 0 0 0 0 0 50 27 
0 0 0 0 0 12 0 0 32 0 0 0 
0 0 25 0 70 80 66 0 0 0 0 
11 0 0 0 91 0 0 0 59 0 
0 0 0 0 0 23 14 1 36 
91 0 0 0 0 0 0 0 
0 0 0 0 0 0 0 
0 12 0 0 0 0 
0 0 0 0 0 
0 0 18 0 
0 0 0 
72 0 
37 

#i: 38
0 21 2 0 0 32 0 0 80 0 58 0 17 0 0 0 0 0 0 0 
0 0 0 0 59 0 0 0 1 0 0 0 18 0 0 0 0 0 0 
0 0 0 0 0 0 50 38 0 0 0 0 0 0 0 0 96 0 
0 0 65 0 35 0 0 12 0 53 13 0 0 91 16 0 96 
0 0 0 0 0 0 0 89 3 0 9 0 0 0 89 0 
34 0 0 0 0 0 0 0 40 55 0 0 84 24 45 
0 97 0 4 79 0 0 29 0 0 0 0 0 0 
0 6 0 0 0 0 0 0 56 0 0 0 0 
0 0 0 0 0 0 71 0 0 53 0 0 
36 15 93 0 33 0 0 0 0 0 0 
0 0 56 8 0 0 0 0 0 0 
0 69 0 51 65 0 30 0 65 
33 55 0 95 35 0 0 0 
0 0 82 0 0 0 0 
0 79 0 0 0 0 
0 0 0 0 0 
0 0 0 0 
0 0 0 
45 0 
0 

#i: 39
0 0 0 0 0 7 0 0 0 55 54 62 98 7 78 0 40 0 55 
0 0 0 0 0 3 0 0 0 0 0 16 0 78 0 0 13 22 
0 0 29 0 34 0 0 0 0 0 0 91 0 27 0 0 0 
0 0 0 0 31 0 0 0 26 0 0 0 100 4 0 46 
0 0 39 0 3 0 0 0 14 8 0 0 8 0 0 
66 80 0 0 0 0 0 0 0 0 0 89 0 0 
0 77 58 0 0 0 96 0 0 0 20 36 0 
82 0 51 0 9 0 0 0 0 0 20 0 
0 0 0 21 0 49 56 0 95 0 0 
0 6 0 0 0 0 41 3 0 0 
0 0 0 0 28 0 0 0 0 
0 0 0 24 0 45 0 0 
0 0 69 0 0 0 0 
0 77 0 0 0 0 
0 0 0 41 0 
0 0 0 56 
4 0 0 
0 0 
12 

#i: 40
0 92 0 13 0 0 83 88 9 0 0 0 0 0 85 38 0 0 
34 0 0 0 0 0 0 0 0 19 0 0 70 0 0 21 0 
45 0 0 0 52 0 0 0 0 0 27 43 0 0 66 100 
0 34 0 0 0 51 0 0 43 0 0 0 0 0 0 
0 0 0 0 75 52 0 16 0 36 0 0 0 0 
0 0 0 0 0 0 0 24 34 0 0 0 0 
0 0 0 47 0 50 0 0 0 0 0 0 
0 0 0 39 0 0 0 0 0 0 0 
16 0 0 0 0 76 0 0 39 0 
0 0 31 0 0 14 0 23 0 
0 0 0 1 0 0 27 0 
93 49 0 0 0 0 0 
0 0 0 0 0 0 
0 0 2 37 0 
0 0 0 0 
24 0 0 
0 0 
95 

#i: 41
0 0 0 0 0 0 0 52 43 0 0 85 0 6 0 0 0 
0 0 0 0 0 0 0 0 0 0 0 0 35 0 0 0 
0 0 0 80 0 44 0 0 0 0 0 0 0 0 0 
0 24 81 0 0 32 0 0 0 0 0 5 0 0 
82 0 77 0 16 0 0 0 0 0 0 21 0 
0 0 0 0 0 35 0 0 0 0 0 56 
0 0 0 0 0 0 0 0 0 0 0 
0 44 0 0 60 0 0 0 0 11 
0 0 0 5 0 0 0 0 0 
11 0 0 0 0 78 0 0 
59 10 0 0 27 0 0 
0 44 0 46 0 0 
74 26 0 0 0 
0 0 37 0 
0 0 57 
94 0 
0 

#i: 42
0 0 0 0 0 0 0 76 0 0 0 0 9 0 58 100 
45 5 0 0 67 0 0 0 0 0 0 78 0 0 0 
0 0 31 0 0 0 0 0 52 1 0 25 28 0 
44 0 0 0 29 0 98 0 0 0 0 0 92 
0 36 0 0 0 0 92 0 74 0 81 0 
0 51 0 0 0 30 0 42 39 0 87 
12 27 13 0 0 0 0 0 0 0 
0 51 0 3 0 0 15 0 0 
20 43 0 57 0 39 0 61 
89 91 13 0 21 52 0 
0 8 0 0 0 10 
0 0 0 0 0 
0 93 0 0 
0 0 15 
0 86 
0 

#i: 43
0 0 0 0 38 28 0 0 81 16 0 0 0 0 16 
48 0 0 0 16 0 0 0 0 0 40 81 0 37 
0 24 8 0 0 0 0 0 0 84 0 0 0 
0 96 9 0 2 0 0 0 0 0 0 0 
67 0 0 0 0 87 32 0 0 86 0 
0 0 0 93 0 0 0 0 0 94 
0 0 35 0 0 3 0 0 0 
0 22 0 0 53 0 0 66 
0 0 0 0 19 0 0 
0 0 6 0 0 85 
0 30 0 0 69 
0 0 6 0 
70 0 0 
0 0 
28 

#i: 44
0 21 0 0 0 0 0 0 0 0 67 79 0 0 
69 0 58 0 0 37 67 58 61 10 0 0 52 
0 0 0 0 0 0 58 0 23 0 0 32 
0 0 0 0 0 0 58 0 0 0 0 
0 0 0 0 0 50 86 0 0 56 
0 0 39 15 0 0 0 0 68 
0 0 0 26 40 0 0 0 
0 0 90 0 0 31 0 
0 78 0 0 0 0 
54 0 0 3 0 
0 61 38 16 
0 0 73 
0 53 
0 

#i: 45
0 0 0 0 6 25 0 62 0 0 0 11 0 
0 0 0 72 0 0 0 0 0 0 43 0 
0 40 87 66 0 0 28 0 0 0 5 
0 0 33 0 47 0 11 0 0 0 
0 22 0 0 0 0 93 32 0 
0 0 0 0 0 64 0 1 
0 0 0 0 0 92 0 
0 3 0 43 86 0 
0 0 0 0 0 
0 0 0 0 
0 0 0 
0 0 
100 

#i: 46
86 0 0 63 0 0 95 0 100 0 0 23 
0 0 0 0 0 0 0 0 0 0 0 
0 0 0 4 97 0 0 0 0 0 
0 0 0 0 0 0 48 0 0 
66 0 0 0 11 0 0 67 
68 0 0 0 0 0 0 
0 17 0 0 0 0 
0 0 0 39 0 
0 0 0 0 
75 0 0 
0 0 
0 

#i: 47
0 0 0 29 0 0 0 71 0 0 0 
0 78 67 0 0 86 0 0 38 0 
0 5 0 0 0 0 74 0 0 
0 63 0 59 55 93 0 16 
17 0 0 0 7 26 0 
0 0 0 23 52 0 
0 0 89 0 0 
25 39 0 0 
0 14 0 
0 0 
0 

#i: 48
0 0 0 0 0 66 0 38 0 0 
0 6 0 0 0 37 0 66 0 
0 93 61 59 97 15 0 0 
95 0 88 0 0 0 0 
0 0 0 0 0 62 
0 0 0 8 0 
0 0 0 27 
1 0 0 
0 0 
0 

#i: 49
0 0 42 0 0 0 47 0 0 
0 0 0 0 30 0 0 0 
0 0 0 0 0 0 0 
0 0 0 0 80 0 
0 0 0 0 0 
0 23 0 67 
0 0 0 
0 0 
26 

#i: 50
0 0 0 0 0 0 0 0 
0 0 0 0 0 6 0 
0 0 0 0 12 54 
100 0 0 0 0 
0 0 0 0 
0 19 0 
0 0 
0 

#i: 51
0 0 31 0 0 0 0 
0 0 72 0 32 0 
0 21 0 0 0 
0 0 0 0 
0 0 0 
0 6 
0 

#i: 52
0 0 0 0 60 0 
0 0 0 0 0 
0 0 0 0 
0 0 0 
0 0 
0 

#i: 53
0 0 0 0 0 
0 0 55 0 
38 40 0 
0 0 
0 

#i: 54
68 0 53 0 
43 0 42 
0 0 
0 

#i: 55
30 0 0 
59 0 
0 

#i: 56
0 0 
85 

#i: 57
0 

#i: 58

#i: 59

ckp-60-0.25.txt