#number of items n
60

#knapsack capacity b
972

#constraint coefficients a
27 41 44 36 2 30 29 6 47 34 35 44 16 16 18 40 21 6 8 34 8 31 3 33 40 43 39 49 20 4 38 35 38 9 22 11 27 45 41 30 20 39 18 26 24 30 36 17 4 11 30 49 23 47 26 45 29 13 34 8 

#linear coefficients c
26 0 76 19 90 96 0 0 99 12 12 53 51 0 0 11 15 64 70 36 98 85 6 19 13 64 0 2 0 13 13 22 72 26 17 80 0 57 24 30 5 45 43 25 61 9 63 0 42 67 2 30 33 61 99 69 86 26 12 0 

#quadratic coefficients C: i < j
97 74 0 74 45 0 40 65 81 30 20 60 89 90 94 0 0 23 77 91 70 9 28 0 0 71 11 69 0 0 82 0 52 71 90 0 0 17 1 10 78 7 2 2 0 91 45 16 47 75 76 52 90 0 54 0 0 32 31 
0 95 42 68 38 0 82 0 75 42 25 4 0 43 81 32 47 8 77 42 37 65 0 0 7 61 0 57 4 94 0 65 36 36 67 0 0 0 78 73 59 0 0 47 60 0 42 0 0 0 44 18 71 64 0 54 8 100 
16 56 66 0 82 85 0 0 45 37 31 43 22 90 31 71 4 31 64 91 0 92 51 25 18 77 2 99 73 41 0 0 98 20 74 0 37 0 0 0 19 78 59 41 87 86 96 0 16 0 71 54 14 95 1 38 36 
37 78 39 0 84 22 47 65 0 12 0 0 2 19 79 83 9 0 89 66 20 0 0 99 56 57 37 55 96 41 0 3 41 22 50 0 87 60 0 78 87 0 88 31 96 96 6 0 69 0 0 80 54 90 78 0 
29 98 91 40 60 96 47 33 43 1 42 90 80 0 0 6 18 23 0 0 60 92 36 39 32 0 9 0 52 84 0 43 25 48 22 59 0 76 42 25 3 0 1 0 77 64 4 0 46 29 4 0 42 85 0 
93 85 99 48 98 0 54 43 46 23 10 22 81 86 56 35 55 5 49 95 0 99 67 2 65 0 28 84 0 0 23 84 94 0 71 91 0 0 10 7 98 15 0 86 63 98 10 30 87 17 82 0 53 48 
35 42 0 71 78 69 13 24 96 62 0 46 0 13 59 41 0 0 16 0 64 0 93 41 0 0 48 70 44 0 0 21 65 46 59 13 0 0 98 88 66 71 50 95 51 0 28 15 15 0 67 92 94 
73 97 11 25 91 0 69 15 60 38 58 86 77 5 80 83 95 46 40 14 94 50 0 73 37 22 55 74 48 98 25 0 0 40 30 63 55 55 75 75 86 63 78 49 73 20 20 63 70 42 65 3 
0 0 41 0 23 85 90 18 6 48 0 65 0 13 62 54 0 81 84 0 73 7 66 3 70 3 81 0 23 99 39 13 52 0 75 0 38 100 0 29 97 5 0 32 20 9 0 3 46 9 15 
92 0 10 10 0 0 80 16 90 53 0 62 36 31 27 53 100 11 0 38 46 10 98 15 72 0 91 76 100 70 67 0 0 0 4 0 0 84 41 39 23 68 0 66 42 0 0 32 35 68 
22 23 83 19 46 46 38 0 33 31 52 0 100 92 61 97 0 0 89 0 39 72 49 68 68 0 36 0 79 67 79 0 62 13 94 92 72 88 33 93 19 15 12 6 91 91 33 8 0 
8 0 79 67 0 99 78 19 15 11 0 99 36 32 8 0 62 22 22 27 17 19 0 36 0 70 52 57 36 11 33 36 59 99 27 0 8 0 0 23 0 58 17 0 44 49 37 38 
0 58 38 84 86 71 68 94 20 49 96 57 0 8 47 96 0 85 100 62 58 96 25 47 21 47 51 89 19 0 0 0 59 0 23 73 50 61 38 0 11 99 38 97 97 31 60 
11 81 0 88 0 14 21 73 83 17 15 52 8 83 0 0 65 0 96 52 1 0 12 0 0 15 0 0 10 0 81 43 7 58 85 0 49 62 11 62 68 9 61 60 15 97 
0 43 68 62 47 5 35 84 0 0 52 83 43 35 0 6 71 0 71 19 47 18 80 51 50 54 27 38 39 67 5 48 24 65 41 40 0 39 6 35 89 97 31 0 0 
100 1 63 30 95 0 9 82 39 55 90 86 60 0 0 0 80 0 67 35 100 59 92 0 30 44 0 13 73 48 85 80 48 54 83 2 1 44 39 0 38 8 20 54 
78 43 77 20 100 36 0 0 45 71 83 98 27 0 69 0 71 0 5 0 93 0 94 25 28 94 85 96 6 0 98 41 27 88 0 83 0 51 0 69 55 45 13 
36 44 0 0 26 22 0 79 52 0 7 95 65 0 0 35 4 63 4 0 41 46 0 0 22 71 0 26 64 23 30 94 24 45 19 64 83 49 0 21 0 0 
11 4 68 35 17 0 64 86 32 37 68 0 52 50 54 29 33 43 18 32 76 31 68 60 76 0 17 0 0 16 77 48 66 22 47 11 25 0 94 13 46 
0 63 43 91 0 2 58 66 10 93 98 84 15 35 93 0 55 0 52 52 0 57 78 48 81 7 47 75 0 31 40 0 16 62 31 48 17 36 0 0 
20 78 93 2 0 18 0 80 8 67 58 0 94 95 63 100 98 0 65 65 53 74 44 83 5 0 54 0 99 0 61 0 59 0 87 74 67 94 63 
36 83 24 38 23 0 73 71 0 6 23 10 0 25 15 0 92 0 0 26 0 45 0 95 6 25 0 0 50 39 93 3 50 45 34 62 0 47 
0 53 0 70 0 64 75 63 39 80 42 0 87 77 39 83 53 96 23 0 93 22 22 0 71 62 0 62 81 4 39 15 72 0 36 67 1 
50 66 50 0 18 0 30 0 11 95 75 87 32 53 41 57 0 73 87 67 0 0 97 86 0 20 44 49 75 0 3 0 99 0 31 0 
61 0 0 43 69 0 8 4 92 75 55 43 54 35 68 0 0 18 49 26 0 39 0 8 33 13 43 83 21 0 0 9 0 20 89 
39 65 0 73 87 27 85 95 0 27 0 0 0 0 9 100 60 61 37 15 79 35 70 69 63 13 85 0 12 0 55 0 65 17 
36 78 0 92 18 3 6 94 1 0 89 38 55 47 8 0 21 60 46 86 52 50 0 94 0 97 24 0 0 76 60 12 11 
95 90 32 13 20 0 41 60 65 0 27 48 0 31 78 20 31 0 75 0 59 72 76 26 45 43 4 98 0 0 38 93 
21 55 0 0 0 94 25 17 31 51 0 37 0 86 10 38 0 50 92 39 22 55 22 25 0 65 26 18 0 22 0 
0 47 0 59 18 16 0 17 56 77 28 0 6 18 5 94 40 38 5 61 9 72 70 80 0 98 26 72 7 99 
65 93 0 12 46 0 78 0 20 79 0 0 28 0 100 35 66 0 57 88 13 75 51 79 43 70 42 0 61 
0 69 83 0 0 27 0 9 0 5 0 84 0 0 0 96 53 0 79 17 91 10 28 12 16 14 44 99 
0 70 41 4 19 97 0 37 0 41 61 0 57 92 21 0 0 30 0 37 0 91 28 19 0 0 5 
2 46 25 45 0 70 21 32 93 30 0 65 56 23 2 9 78 0 42 13 0 21 0 0 19 5 
45 74 28 25 85 91 87 0 90 91 20 22 55 0 51 67 69 15 90 0 45 40 37 0 26 
85 0 0 84 17 4 26 60 90 97 0 0 59 34 26 0 19 0 100 77 45 0 32 0 
20 0 53 64 67 0 84 83 0 0 43 0 83 46 24 71 19 62 27 54 13 28 95 
9 41 83 0 42 48 48 0 40 0 18 87 37 55 0 79 15 0 59 57 54 74 
58 65 42 38 78 1 74 0 23 26 0 41 95 0 70 79 37 0 1 73 39 
6 95 46 63 1 42 0 0 59 0 69 28 90 92 98 43 5 79 69 0 
15 1 9 0 0 90 78 40 64 0 17 0 37 98 59 49 19 69 92 
33 65 0 63 68 0 73 28 50 2 59 42 95 0 50 56 95 35 
75 7 50 51 96 94 94 0 0 0 10 36 0 0 0 25 23 
57 0 0 84 82 0 21 99 2 14 0 24 48 0 24 7 
78 5 0 26 0 8 0 12 14 43 88 8 65 52 0 
66 94 20 85 36 42 88 55 26 38 71 19 0 97 
12 79 84 0 77 44 71 62 58 63 0 0 5 
60 0 0 72 0 73 22 0 0 59 36 22 
49 0 0 97 0 88 80 65 0 0 27 
47 0 0 0 94 10 0 76 78 17 
74 85 81 70 79 73 67 0 33 
67 52 61 0 82 78 0 1 
65 0 46 53 50 0 0 
80 65 67 49 48 53 
60 68 73 77 55 
36 76 89 95 
59 40 38 
0 67 
94 

#cubic coefficients D: i < j < k
#i: 0
74 50 0 0 41 41 0 3 0 0 48 86 29 60 82 34 0 94 89 0 62 54 76 0 4 42 83 72 62 76 77 50 0 10 89 16 96 59 37 26 100 0 72 9 87 0 29 90 61 13 35 13 52 26 0 68 59 0 
41 3 43 40 50 25 0 8 95 0 0 85 0 0 92 31 0 8 73 60 100 55 23 62 0 0 14 65 34 0 0 32 18 33 16 1 20 67 76 89 64 0 50 37 87 0 0 7 69 86 12 0 74 91 27 15 28 
72 81 33 57 0 0 40 25 34 69 0 68 92 98 26 0 72 79 98 52 71 38 12 7 84 51 17 8 0 71 60 100 0 79 59 90 0 0 84 0 79 65 0 70 25 0 0 21 0 74 49 0 30 88 47 0 
76 0 49 35 5 15 68 32 44 3 42 72 50 40 9 25 86 36 0 67 36 22 64 5 0 56 22 64 0 0 0 87 66 0 82 81 0 100 58 63 0 96 42 32 0 40 0 0 51 41 18 33 0 0 14 
0 48 64 0 0 48 23 0 0 0 53 18 0 76 95 52 86 8 79 86 33 20 38 51 47 40 27 37 17 21 22 62 87 68 92 86 22 42 64 0 7 81 49 48 0 24 34 77 17 33 91 44 0 49 
0 4 0 58 39 0 13 41 43 64 90 72 77 86 0 70 7 6 19 54 3 58 56 33 62 12 0 0 0 79 0 82 21 40 0 56 80 0 66 40 61 9 18 3 35 63 77 0 69 75 92 0 0 
59 97 0 55 48 0 83 20 24 16 0 52 48 0 27 91 80 52 1 13 38 25 0 8 58 95 4 0 14 0 22 46 53 0 0 82 55 46 0 95 2 39 28 52 0 0 73 0 0 0 100 0 
0 50 91 0 42 7 15 67 53 0 34 18 63 0 0 87 35 30 15 0 4 0 41 82 18 91 64 94 0 59 6 86 41 61 5 75 9 58 49 17 0 55 93 11 0 0 22 0 93 18 18 
0 19 80 85 13 49 84 11 73 0 36 4 0 53 0 0 39 0 96 25 84 0 29 76 24 80 28 68 89 25 41 48 85 54 0 41 23 38 50 0 11 0 51 48 0 93 43 45 33 12 
41 0 0 91 70 29 27 37 55 70 37 77 13 44 0 87 34 0 0 26 71 0 0 27 0 69 94 27 14 78 25 96 78 62 66 44 41 0 0 93 50 80 11 90 51 10 0 0 0 
75 65 0 96 0 58 17 16 91 0 57 77 85 0 8 0 20 30 67 15 82 0 23 55 17 99 12 55 2 66 28 47 35 76 82 0 93 30 51 25 82 61 68 84 0 20 6 70 
61 0 16 34 47 0 0 57 51 0 0 0 68 15 0 92 0 0 0 94 40 0 83 49 66 4 0 82 59 43 0 6 75 47 3 57 12 0 75 50 89 69 52 0 21 44 96 
20 61 43 49 9 14 96 13 26 0 80 95 0 0 91 0 8 0 33 0 49 59 32 17 11 31 70 70 28 74 0 51 22 33 7 0 0 45 35 62 19 82 36 62 0 0 
51 50 0 95 97 86 37 19 31 18 0 90 22 0 0 0 17 94 0 73 0 26 1 100 0 1 0 93 12 14 71 35 0 89 100 27 57 38 22 79 19 62 0 0 37 
40 76 9 59 0 19 0 60 0 30 78 0 0 36 0 28 5 0 25 33 24 9 39 83 0 0 21 74 4 100 45 71 0 89 100 0 86 79 68 57 26 0 34 0 
0 98 58 0 52 0 29 0 0 78 50 37 0 29 0 0 21 0 0 0 16 91 40 88 35 18 0 0 59 51 11 11 6 0 21 30 83 48 50 2 35 0 66 
51 78 73 16 31 88 20 39 5 78 54 94 0 51 0 0 72 52 44 72 77 3 79 91 0 0 0 0 6 39 13 86 96 93 18 16 31 75 6 74 83 15 
3 22 0 56 50 0 0 90 0 39 42 7 0 68 0 83 23 56 6 0 0 81 0 36 7 5 26 90 85 56 51 49 0 78 28 56 0 3 44 51 0 
57 83 22 76 12 20 84 79 36 0 29 6 67 0 31 25 84 52 0 0 65 98 60 84 0 16 0 29 75 50 56 82 82 63 88 0 82 73 6 46 
33 0 85 62 54 62 96 44 8 83 75 0 94 3 0 78 41 98 2 0 0 61 0 12 81 49 29 0 97 12 0 63 96 70 79 0 6 2 73 
81 19 0 58 100 65 57 0 37 45 29 0 0 40 16 40 0 0 53 51 93 29 60 65 45 89 39 85 0 98 0 23 82 50 59 6 0 0 
5 71 98 58 59 0 94 12 0 0 57 41 83 27 48 0 100 93 100 0 83 35 75 85 0 52 0 0 94 38 0 0 9 1 60 0 0 
69 41 69 0 34 0 23 6 0 0 48 90 0 61 0 1 90 17 89 11 72 0 45 68 2 0 70 22 0 79 99 52 72 0 4 6 
0 11 92 75 0 0 64 21 13 0 18 0 32 22 53 18 18 35 86 76 27 4 93 51 15 7 55 0 0 0 15 82 90 10 51 
22 1 0 72 37 0 47 0 99 73 54 18 15 0 98 17 0 0 35 0 14 0 28 92 19 0 21 0 8 97 49 0 44 74 
97 33 0 60 9 99 0 0 0 21 83 56 47 46 4 65 22 16 73 61 78 0 0 3 47 0 60 22 0 38 0 32 76 
27 34 60 34 45 23 0 0 59 0 23 22 0 35 11 7 69 8 100 0 68 3 29 0 42 42 51 48 82 27 0 0 
64 0 56 0 19 25 97 0 31 14 5 0 26 0 2 96 5 0 31 83 0 59 22 33 0 5 22 27 0 31 77 
85 11 17 49 27 14 86 0 68 76 14 96 41 90 0 77 28 0 77 48 67 29 0 33 16 0 90 1 49 58 
36 9 34 98 0 96 28 36 26 58 46 28 4 0 32 0 0 51 85 13 26 100 0 0 80 76 50 0 78 
50 69 13 2 91 70 0 13 65 77 23 70 68 31 81 95 0 0 40 0 69 0 29 17 87 77 63 40 
44 0 87 86 0 67 87 0 7 70 33 91 26 76 36 74 66 95 22 0 0 54 96 21 23 32 71 
0 46 0 38 0 51 78 6 17 82 42 0 32 77 0 22 18 63 48 50 92 99 80 69 99 39 
6 25 86 82 14 57 20 79 76 53 57 0 18 75 61 70 69 41 97 32 49 0 59 74 37 
16 72 93 48 43 0 70 59 13 24 4 89 71 46 0 56 51 0 41 20 41 0 0 35 
16 46 63 19 63 20 0 79 25 41 6 78 27 47 0 0 0 0 15 96 66 0 15 
0 63 0 0 0 28 53 30 85 28 84 80 40 94 87 0 0 0 0 0 20 47 
50 0 98 0 22 84 0 34 48 0 52 24 0 0 0 0 0 67 0 54 0 
30 38 11 21 96 15 0 94 8 0 66 100 0 18 0 77 0 70 45 0 
62 10 94 79 58 79 0 96 65 7 29 3 0 62 33 0 10 12 74 
92 0 0 39 36 0 48 0 39 22 0 22 0 73 33 89 0 84 
86 21 72 66 3 8 72 60 99 0 7 0 3 83 19 9 0 
63 37 97 22 69 33 91 0 47 0 76 38 19 38 7 50 
7 92 29 0 0 38 38 77 16 0 0 11 59 30 21 
45 70 83 0 0 89 11 34 0 42 66 0 2 98 
0 96 0 0 46 100 41 0 93 0 16 56 54 
0 1 67 32 87 47 0 14 70 21 74 29 
75 0 15 46 37 24 50 61 0 81 92 
17 31 60 39 0 68 0 0 56 82 
64 19 84 7 0 0 11 0 1 
25 0 77 32 100 0 0 41 
0 13 69 0 36 34 33 
17 0 29 0 28 41 
28 90 26 76 47 
9 67 31 11 
52 94 0 
60 7 
77 

#i: 1
11 33 67 34 57 63 56 40 22 94 0 9 0 78 0 50 0 9 2 47 18 8 0 15 0 78 85 0 43 0 0 54 21 99 0 0 32 54 74 72 50 18 31 47 9 87 33 20 58 0 91 0 72 91 81 57 0 
28 52 84 24 5 64 0 0 79 34 11 97 62 41 34 57 47 2 17 51 56 17 80 100 97 0 71 42 68 23 53 0 0 24 0 63 39 55 100 93 82 95 5 66 69 0 96 0 39 36 24 37 35 56 9 22 
23 43 57 69 50 44 75 41 54 46 57 62 75 88 0 0 41 24 62 13 85 60 0 100 9 92 14 51 74 7 38 48 82 40 51 0 7 75 0 81 0 0 65 93 47 0 80 65 46 0 92 32 77 0 24 
6 72 89 0 95 16 0 0 32 26 0 66 9 24 80 0 68 0 17 0 0 10 0 73 33 0 99 0 24 0 77 0 40 44 68 85 0 48 22 8 88 63 9 39 8 79 0 9 0 0 77 87 93 83 
0 27 0 51 1 0 64 61 54 29 2 57 63 1 2 91 42 27 68 0 0 22 2 80 0 43 31 0 0 87 28 54 56 8 0 55 38 51 0 0 0 59 0 0 0 37 67 38 0 0 45 0 70 
87 15 57 4 89 28 0 0 47 5 9 0 31 0 48 42 27 2 59 66 0 80 61 12 79 36 72 33 87 62 0 96 26 92 96 98 16 72 0 0 61 25 49 1 49 65 55 32 1 54 50 0 
94 17 47 66 90 94 0 0 78 0 22 91 63 43 0 63 75 36 6 82 0 0 48 61 0 86 0 48 44 0 0 26 21 0 41 2 71 0 27 0 37 14 85 0 21 99 59 89 42 45 30 
21 0 9 94 0 0 47 41 7 58 58 0 21 8 53 22 18 0 0 66 0 0 87 2 45 43 0 78 57 28 0 61 81 32 100 50 0 69 27 64 95 0 0 39 0 74 69 47 89 0 
85 0 2 0 43 8 0 35 73 12 0 0 93 23 0 49 0 45 14 85 7 88 60 21 0 0 0 4 0 51 3 94 63 71 20 57 100 65 0 84 0 52 65 61 78 0 55 92 45 
0 0 0 0 6 95 18 67 88 85 24 84 67 0 96 84 78 18 93 51 55 50 82 100 89 27 15 58 52 90 0 69 0 0 19 21 1 89 29 93 91 18 0 0 70 33 12 42 
23 0 32 80 27 0 57 48 0 25 50 47 62 6 26 62 45 89 0 86 0 78 0 6 0 6 0 97 22 0 74 0 55 74 45 0 59 86 10 51 32 33 20 0 19 38 29 
0 38 12 0 87 0 0 65 0 93 0 0 0 68 30 76 0 30 87 23 81 65 65 59 87 0 52 28 5 0 10 9 61 0 0 11 0 18 81 0 20 0 0 9 72 20 
6 34 85 83 94 80 0 96 0 0 2 0 0 100 0 64 54 50 45 33 57 70 42 31 2 0 0 0 0 9 0 9 17 39 94 35 76 78 91 21 84 83 25 78 0 
0 30 87 0 0 25 99 89 0 51 0 22 0 10 76 70 54 0 63 76 73 0 0 44 67 20 95 10 67 73 89 32 97 100 0 18 73 11 0 50 38 83 0 0 
28 89 0 61 42 0 65 0 19 69 81 4 79 0 0 14 68 12 93 13 52 0 17 68 68 0 26 49 0 56 44 4 8 67 77 54 46 80 52 89 86 76 13 
9 0 87 0 2 0 0 0 48 76 73 33 32 0 0 0 17 79 73 82 35 0 15 0 0 0 88 83 75 91 96 44 57 54 0 93 1 30 0 50 42 18 
44 30 18 0 41 90 59 26 0 68 98 60 90 23 75 85 32 80 45 40 0 64 31 18 0 8 39 0 0 54 0 0 0 0 96 68 62 98 9 10 96 
45 69 18 89 0 76 40 96 23 26 0 29 0 92 0 0 95 0 0 94 81 15 0 98 0 38 20 48 0 51 17 14 61 6 60 28 84 0 52 25 
77 38 0 34 63 34 62 10 98 38 0 17 30 0 40 0 85 1 64 29 1 0 0 49 0 63 98 2 99 85 32 74 0 31 0 90 0 55 11 
0 91 0 0 0 0 12 59 30 0 11 64 42 0 0 24 59 9 0 36 0 0 95 47 60 41 32 0 55 32 77 0 0 6 27 0 5 0 
13 0 95 33 17 0 0 61 69 65 0 56 77 7 53 0 0 29 52 26 91 7 34 63 0 19 6 98 86 0 0 0 21 22 40 32 36 
88 61 26 71 0 0 81 14 1 0 51 2 0 1 0 37 60 0 62 5 96 45 79 5 100 0 65 98 10 27 0 40 36 78 55 0 
0 0 86 91 0 74 85 58 90 0 8 29 26 95 33 31 0 0 2 91 57 57 24 42 0 55 83 22 0 30 46 42 80 72 0 
0 36 12 82 71 85 90 64 95 26 47 11 94 46 64 0 85 78 82 0 0 79 60 12 86 0 0 74 0 61 80 69 74 16 
81 66 79 58 0 10 98 81 52 0 36 37 32 0 16 44 31 27 51 80 99 0 74 92 0 17 58 0 36 49 9 100 77 
91 99 66 97 96 89 24 16 0 90 99 52 35 40 35 31 48 23 85 52 98 21 17 39 48 82 16 34 0 61 47 43 
0 0 0 52 0 0 0 0 36 0 50 0 0 14 78 0 82 0 0 93 84 40 80 0 0 60 81 58 0 18 88 
34 80 73 45 12 76 19 0 74 99 0 52 61 0 0 85 12 0 88 91 47 0 41 51 0 14 0 53 97 46 
64 0 0 7 34 61 49 84 61 91 0 69 6 84 77 59 74 0 9 30 39 0 64 17 0 0 0 28 48 
82 54 35 56 76 74 39 18 0 95 0 79 35 62 65 0 0 82 0 57 69 20 0 30 24 55 64 0 
84 76 16 49 0 0 81 72 63 0 71 7 0 54 43 60 7 0 64 25 16 80 32 8 52 97 52 
68 78 0 32 83 32 18 3 37 0 79 60 0 68 0 55 59 33 12 98 30 76 0 21 48 69 
64 83 74 77 22 89 8 74 0 44 0 0 60 60 0 4 36 21 42 0 78 70 26 20 0 
93 0 0 88 80 0 18 0 0 41 97 12 0 46 56 3 91 0 6 19 88 0 32 34 
76 60 5 74 58 0 0 53 0 15 19 0 64 38 36 49 39 0 41 31 0 0 92 
7 0 0 0 55 0 86 15 26 91 60 29 30 59 76 69 10 92 50 0 87 97 
44 0 53 0 10 14 25 0 40 0 0 0 0 81 0 62 1 0 0 96 0 
0 30 89 31 55 73 35 7 48 88 10 60 94 32 81 3 2 43 0 86 
44 64 69 0 0 30 32 61 49 36 46 13 85 27 63 49 0 33 6 
70 22 41 0 29 0 24 8 0 0 35 16 50 0 37 14 45 87 
39 99 41 4 74 62 49 10 9 21 73 86 0 42 97 0 0 
6 0 35 93 0 79 53 44 82 63 4 39 51 3 6 0 
76 75 24 29 0 0 12 0 0 0 58 0 1 0 0 
18 59 74 1 19 21 76 98 76 83 48 0 57 91 
49 23 0 87 39 44 75 18 51 93 19 0 0 
0 21 29 64 89 92 72 0 0 97 0 60 
72 76 30 0 71 48 92 53 0 0 35 
96 0 0 78 1 1 77 63 0 0 
0 80 30 23 0 42 0 50 87 
93 50 0 24 92 0 34 69 
0 13 36 21 49 75 33 
47 73 0 76 83 58 
12 54 0 0 69 
0 81 0 40 
77 0 1 
87 80 
77 

#i: 2
80 65 96 0 0 0 96 0 55 46 0 70 79 16 65 0 34 18 19 0 30 30 69 94 51 0 30 3 0 29 0 0 46 77 0 87 24 0 18 15 99 50 0 63 88 35 94 47 49 81 64 60 87 11 47 0 
68 0 26 24 19 70 71 58 0 0 33 23 0 53 70 0 52 33 71 86 0 22 0 0 54 80 82 0 67 21 46 68 0 0 0 53 0 38 25 40 38 0 30 68 0 80 16 0 0 0 0 29 70 0 0 
42 5 75 0 0 0 28 0 30 0 82 8 0 0 0 85 84 37 55 44 76 69 13 0 33 35 88 83 60 96 19 28 97 4 0 0 0 5 33 25 0 58 0 0 41 25 82 62 0 0 0 0 0 97 
56 47 0 43 95 88 44 31 0 13 0 12 0 80 0 0 0 38 0 58 0 28 30 0 0 23 23 0 59 0 49 31 38 0 33 0 0 29 0 0 43 68 0 73 0 36 0 29 10 45 77 22 0 
89 69 10 63 31 0 78 0 58 88 50 62 39 93 97 0 0 52 20 50 0 89 48 79 0 38 0 0 78 4 37 0 9 0 95 65 4 0 0 74 0 55 84 83 22 1 92 0 93 81 36 0 
14 0 22 52 0 93 78 0 37 18 93 56 44 88 36 0 80 29 66 0 35 50 0 62 62 87 92 42 52 28 69 0 10 19 78 0 0 45 97 65 58 41 44 0 87 0 89 0 71 13 32 
0 0 0 0 87 93 92 58 94 4 17 85 20 0 41 0 0 48 48 34 58 95 78 69 53 53 86 17 1 69 83 77 0 51 84 33 0 0 44 83 0 77 7 95 6 36 0 21 0 64 
0 14 0 91 51 12 69 30 0 97 17 35 21 26 42 0 0 38 85 35 0 89 72 36 85 6 0 54 28 53 17 0 6 85 29 89 76 5 98 19 68 50 0 0 91 0 62 0 72 
0 100 3 87 17 68 54 70 29 68 56 0 98 0 88 25 0 0 43 0 0 47 3 78 68 71 35 1 62 0 93 0 11 93 20 33 71 0 2 71 74 9 86 13 0 4 80 20 
0 24 34 50 0 68 48 63 0 0 97 47 0 76 14 0 0 81 82 96 86 81 18 54 68 40 0 59 0 27 92 0 99 70 82 0 48 52 16 0 88 97 0 6 0 42 0 
44 81 70 56 66 87 0 23 9 74 0 71 58 0 66 100 20 14 0 35 0 0 72 81 81 30 0 41 22 0 98 0 0 0 5 58 43 0 6 0 16 10 0 45 0 73 
95 81 51 7 0 79 34 91 86 98 0 36 58 51 44 0 68 91 0 0 13 32 57 0 0 87 0 19 39 88 84 2 57 62 98 90 31 0 58 0 84 85 81 33 44 
0 90 14 35 78 0 67 5 95 5 58 0 100 0 62 67 42 0 8 0 56 76 0 75 60 0 56 0 95 81 29 32 2 87 95 0 60 71 0 57 9 0 12 0 
15 3 47 97 63 52 0 22 0 70 0 0 18 95 0 93 0 0 97 3 14 17 70 43 73 59 100 35 85 7 0 24 0 45 13 0 0 0 32 13 9 91 52 
97 53 99 0 39 97 25 2 18 0 52 41 61 74 52 44 69 71 0 98 3 89 93 96 10 8 57 0 69 27 56 79 13 48 0 73 74 25 30 98 0 6 
35 21 14 25 0 45 0 16 40 0 24 0 24 41 0 15 0 16 0 57 83 3 61 15 53 5 13 35 32 24 0 64 0 85 0 80 73 42 21 0 0 
94 0 0 69 88 0 16 1 83 0 40 0 0 5 92 43 0 97 55 5 0 76 18 93 16 0 32 94 0 88 75 42 76 73 0 4 30 74 0 95 
0 24 38 72 92 5 17 55 0 0 3 69 20 0 79 0 66 88 1 41 14 75 86 37 57 0 72 57 17 0 37 97 23 71 0 62 0 0 88 
0 99 88 100 50 88 86 10 74 67 77 37 56 0 31 70 63 77 75 94 67 44 66 5 71 63 57 0 23 17 78 0 18 7 24 25 34 94 
12 0 7 14 21 51 68 35 54 40 50 100 90 64 54 98 2 0 17 0 42 54 48 0 70 0 22 0 76 0 49 18 9 21 73 73 0 
91 71 0 12 31 0 87 61 0 0 0 49 0 55 20 74 1 52 90 0 16 9 10 49 66 85 0 77 43 0 0 90 54 24 6 5 
11 75 39 0 87 0 0 52 0 0 0 44 87 49 0 97 6 59 0 85 18 71 80 0 0 50 74 21 6 32 0 45 72 68 68 
71 92 78 7 21 30 0 29 72 0 30 11 26 38 48 0 80 0 37 0 72 98 0 57 85 58 91 0 0 9 45 39 28 75 
0 54 0 0 0 95 0 78 74 0 35 30 48 25 36 72 21 2 0 0 0 0 0 80 0 46 24 62 82 21 0 70 35 
0 50 53 56 0 35 0 0 69 53 30 0 0 4 27 92 78 0 0 0 0 54 23 90 12 25 55 36 71 56 0 75 
82 0 84 94 7 19 0 0 57 99 28 10 39 19 19 0 5 72 53 55 0 100 54 77 100 0 82 19 66 15 40 
56 28 94 0 72 0 6 75 7 0 0 66 86 91 72 51 2 98 0 65 0 42 72 69 12 62 48 0 22 0 
53 8 81 53 5 7 86 67 48 84 0 53 0 3 89 84 78 0 62 0 87 9 43 3 0 34 0 72 87 
9 44 91 24 45 0 58 0 38 64 95 45 54 70 23 3 71 75 0 0 75 70 3 0 28 44 0 0 
50 0 20 34 68 51 87 43 34 0 0 21 30 13 24 13 1 52 0 78 95 0 41 79 82 90 39 
8 56 100 64 81 4 84 27 0 65 27 58 70 0 93 3 29 39 37 75 45 86 88 39 0 29 
37 5 0 0 55 16 0 63 32 0 0 72 0 0 68 93 27 85 50 0 43 85 100 0 15 
61 46 38 46 48 17 93 9 37 0 82 50 68 23 0 61 35 24 36 93 3 0 57 0 
88 0 0 27 0 6 0 8 0 72 91 5 55 38 35 0 39 14 56 40 29 94 32 
45 91 75 66 8 0 7 0 0 0 79 72 95 0 2 31 25 64 77 60 47 33 
51 30 47 75 3 28 41 0 0 40 34 16 63 74 0 0 0 79 0 57 12 
62 56 10 82 53 0 14 5 0 0 0 0 0 98 70 40 6 84 0 0 
6 0 2 13 8 0 0 3 92 54 82 69 36 95 42 54 92 36 52 
77 29 54 74 54 63 51 22 58 48 96 37 97 24 0 0 55 10 
40 52 56 0 28 56 81 60 91 2 63 32 83 6 0 63 57 
94 42 42 14 98 62 23 0 17 71 42 49 43 44 57 0 
0 0 0 23 0 5 34 85 20 12 13 65 49 59 85 
0 31 6 49 0 0 86 0 0 86 100 36 93 22 
41 88 0 8 62 74 45 83 42 21 0 27 39 
52 22 0 92 92 79 85 54 58 0 49 88 
0 2 0 48 4 40 70 0 0 0 17 
78 65 96 65 77 21 52 7 82 37 
61 0 52 96 31 11 19 69 3 
43 6 15 46 0 34 7 0 
25 35 56 0 9 14 48 
51 26 0 0 78 0 
85 35 0 33 76 
15 0 81 12 
0 26 84 
100 74 
0 

#i: 3
82 47 88 91 52 90 73 16 0 43 56 11 0 18 92 71 44 30 30 37 74 55 6 30 51 56 14 5 17 3 33 64 0 0 28 0 64 82 2 56 67 3 13 2 0 18 9 0 0 8 17 0 46 0 92 
93 69 67 0 19 0 84 28 18 93 0 81 58 29 81 0 83 91 70 64 87 59 65 31 34 37 61 0 23 55 22 96 75 29 33 75 73 0 27 0 0 0 6 92 14 30 95 75 25 8 51 67 0 19 
73 9 52 95 66 19 60 98 99 1 35 0 96 21 80 28 41 45 0 13 33 23 52 0 94 62 73 0 100 0 0 96 0 56 13 77 46 49 63 31 0 56 0 0 42 0 31 20 11 90 85 55 83 
44 37 67 16 22 17 29 64 2 27 0 75 83 26 63 51 20 0 14 40 78 66 32 85 63 65 91 62 0 64 71 74 0 34 0 0 48 46 0 64 1 13 0 92 2 58 11 90 67 0 0 10 
0 6 71 3 1 35 0 42 75 55 0 0 73 80 0 0 0 7 51 0 90 95 12 58 71 11 0 25 0 0 85 0 62 0 93 0 80 0 55 92 3 38 31 27 85 0 80 99 77 20 37 
17 37 86 14 50 18 23 0 76 0 58 93 0 17 58 46 78 88 0 0 0 100 19 50 10 75 0 0 63 39 0 0 36 0 0 0 77 0 54 15 0 26 9 87 92 95 0 0 80 87 
0 37 58 35 68 0 31 56 46 15 64 69 29 89 34 0 74 0 59 74 78 0 78 56 0 0 0 0 18 32 99 73 69 65 4 48 83 27 62 53 44 46 0 74 97 1 0 0 73 
18 11 12 81 89 12 5 0 61 0 35 47 0 11 13 20 40 0 0 0 79 0 0 69 0 44 99 90 42 80 0 65 95 68 6 45 0 95 68 36 71 0 47 54 55 80 48 0 
39 89 0 0 0 0 42 12 52 15 0 1 89 0 0 84 0 7 83 16 0 76 96 0 0 8 50 41 86 85 0 99 28 0 23 33 91 0 56 27 0 43 95 0 64 0 92 
53 0 66 86 26 88 19 0 0 44 0 16 53 26 15 13 57 49 54 0 14 17 30 0 12 0 43 2 46 0 95 63 0 15 0 90 0 0 53 62 21 25 0 70 0 0 
0 24 54 41 0 99 60 57 0 95 44 64 59 0 27 0 0 16 0 82 90 0 0 19 86 0 84 70 46 0 54 35 0 39 50 49 44 0 0 65 34 90 0 10 39 
70 30 17 25 5 83 0 48 38 17 45 48 0 20 100 63 77 5 0 44 47 0 89 60 43 53 34 0 67 0 43 55 35 92 46 97 38 18 7 75 70 0 86 4 
0 82 89 80 86 72 38 5 1 23 51 81 27 56 2 34 0 9 35 36 4 9 10 0 0 48 0 99 45 0 58 0 59 82 0 14 0 0 89 64 0 0 0 
92 86 15 0 1 84 0 2 12 40 88 18 0 49 99 34 25 0 50 51 0 52 13 23 6 72 34 49 0 18 64 21 7 93 0 5 0 7 80 12 97 0 
48 0 84 5 78 100 16 27 6 96 52 0 99 32 73 0 84 6 91 77 96 63 0 0 41 0 6 0 0 18 90 87 26 6 0 31 6 62 33 96 21 
41 0 78 97 60 79 49 0 95 69 94 38 0 16 0 4 0 0 7 61 52 88 59 21 0 9 0 0 51 74 51 81 19 84 23 37 46 14 3 42 
96 80 6 4 0 79 6 0 42 0 83 12 76 48 14 61 37 1 0 0 37 66 0 58 9 35 3 77 89 34 38 91 70 35 0 0 0 72 41 
21 31 91 0 46 25 16 0 0 0 62 15 0 0 84 0 38 53 99 16 27 0 13 15 0 52 49 89 66 59 35 2 37 17 8 92 37 99 
27 87 62 22 0 0 51 0 46 0 0 0 50 25 0 92 62 39 100 78 0 10 83 0 3 69 0 7 77 0 0 7 0 93 14 17 11 
49 0 42 38 53 76 1 27 80 67 29 63 44 50 69 12 0 80 36 0 0 79 90 74 0 82 95 0 32 71 0 1 100 0 27 20 
42 0 41 24 0 28 0 61 0 4 0 0 49 95 0 0 0 33 94 3 83 89 19 85 0 0 75 99 13 33 0 0 98 86 60 
16 35 94 11 72 89 22 92 3 30 0 0 46 79 0 21 0 0 96 72 21 32 16 49 3 94 44 56 8 83 0 51 0 78 
0 45 4 61 0 95 33 0 0 0 0 94 1 0 47 69 44 11 7 0 82 0 20 0 95 19 86 66 55 91 3 65 96 
91 0 0 44 61 60 0 0 5 61 70 61 88 21 36 94 8 0 43 13 78 22 21 96 0 65 0 47 62 57 25 99 
0 1 36 54 96 0 43 0 80 59 12 20 82 0 0 0 90 0 87 12 6 63 37 97 62 0 24 0 83 25 0 
0 0 66 0 0 67 0 11 68 47 0 39 36 83 38 36 0 68 0 65 81 27 0 68 0 54 34 99 1 67 
38 64 0 35 35 88 88 26 21 0 85 77 93 52 80 59 91 0 0 17 57 0 0 73 25 34 83 14 23 
65 61 51 82 19 32 0 0 68 61 0 3 5 0 49 0 0 56 77 37 96 34 44 30 57 26 44 63 
0 50 0 33 22 35 0 77 0 12 27 100 96 73 25 36 0 60 0 17 95 0 66 9 33 71 46 
27 26 66 55 0 96 0 61 41 81 0 18 65 0 50 0 2 83 95 23 0 93 38 62 22 61 
0 0 17 2 74 97 100 33 20 97 25 28 51 19 77 60 42 99 0 99 23 42 48 75 48 
0 29 74 6 62 0 31 21 0 39 0 35 26 80 100 29 0 66 88 6 27 0 96 0 
21 0 57 0 76 0 0 11 55 0 81 79 37 75 29 60 0 49 82 49 17 34 0 
80 19 30 0 12 62 37 0 49 45 70 0 48 46 0 13 64 45 91 35 93 0 
77 1 82 86 0 83 0 19 87 39 0 51 67 35 95 0 0 79 51 61 41 
0 0 0 83 64 1 0 5 37 70 6 99 72 81 60 23 3 9 53 57 
49 26 2 98 25 17 0 46 55 5 34 26 80 77 52 13 0 6 2 
8 58 74 0 67 0 2 98 23 64 58 0 99 0 0 0 30 0 
84 72 30 17 28 0 0 0 59 37 0 0 62 17 0 73 39 
0 84 64 87 23 45 57 53 43 24 0 11 86 70 65 0 
74 80 54 76 9 97 0 33 2 0 20 0 71 93 82 
34 25 0 18 0 51 52 56 0 75 68 0 76 81 
71 34 55 39 82 0 0 34 30 97 0 9 0 
78 20 0 65 99 65 6 2 49 35 11 0 
0 0 0 33 63 0 58 0 10 68 77 
30 0 21 99 60 21 27 11 42 94 
49 84 70 56 56 35 55 41 0 
47 0 32 81 66 59 17 35 
100 0 52 48 6 70 35 
93 0 83 28 60 12 
35 45 37 35 68 
16 11 0 25 
73 0 0 
17 93 
34 

#i: 4
8 19 0 0 97 35 0 21 40 39 35 96 0 16 92 43 86 46 0 0 44 27 82 30 53 0 55 58 84 4 47 51 0 12 64 37 23 46 79 37 0 13 82 37 0 52 3 41 80 53 44 0 14 50 
69 20 0 0 46 21 50 0 19 62 5 76 0 29 64 0 75 0 0 79 0 29 0 21 7 44 26 0 11 75 14 0 22 59 3 0 2 49 0 17 0 60 45 72 25 22 23 89 58 0 0 19 0 
94 29 55 0 0 40 65 0 41 6 0 0 0 64 77 0 10 74 70 57 70 0 83 60 0 81 49 63 92 84 0 42 98 69 70 0 61 0 0 93 93 0 17 0 0 0 47 42 3 34 0 50 
78 4 61 82 0 0 0 94 54 0 0 0 49 0 80 73 0 77 1 0 3 0 0 57 12 58 13 35 5 81 76 7 43 32 0 42 41 35 24 33 45 96 25 14 59 18 29 0 91 82 0 
19 86 77 0 28 77 2 0 28 60 11 0 99 41 0 38 51 65 0 34 21 65 65 27 19 80 71 14 81 87 0 0 10 26 35 31 0 0 42 84 66 48 0 0 9 17 0 83 24 45 
0 59 52 31 76 48 28 90 22 12 51 51 75 7 0 9 53 34 96 93 0 19 0 46 44 15 28 79 87 74 71 77 97 0 0 54 59 88 0 0 3 0 51 73 80 6 51 0 0 
20 10 66 18 28 73 18 32 18 100 0 45 55 80 61 0 87 94 0 25 72 12 89 71 53 87 73 33 0 0 98 76 67 0 26 0 40 68 39 78 34 42 28 0 35 17 0 29 
31 38 0 0 15 100 16 0 61 19 0 0 0 44 0 0 30 56 0 82 0 2 46 87 81 41 0 51 29 16 41 0 91 63 0 0 94 0 21 99 0 11 46 0 0 90 97 
29 97 73 84 80 0 0 5 13 0 87 0 61 0 95 0 1 8 20 73 75 22 18 41 63 12 83 0 62 66 27 32 0 0 69 89 72 68 0 8 87 36 7 0 0 65 
98 29 98 46 90 68 9 0 0 27 36 71 0 40 99 0 46 18 0 79 37 27 44 76 19 46 0 0 90 0 100 85 0 97 80 51 45 29 58 0 98 85 90 47 79 
0 66 94 0 0 84 0 3 70 0 84 29 35 92 0 0 7 0 74 84 73 74 73 98 87 13 0 37 65 70 37 0 81 0 73 4 75 0 18 0 0 0 21 0 
48 45 14 88 94 68 0 10 94 86 0 83 0 68 76 40 0 0 43 0 53 10 0 7 83 0 7 0 14 9 63 16 36 0 30 40 62 64 0 39 8 0 81 
80 0 60 0 97 79 0 31 28 92 100 90 4 95 0 51 55 0 0 50 34 91 0 63 28 67 0 0 8 0 17 0 0 0 0 0 73 26 64 62 50 0 
91 79 0 39 70 75 0 92 80 97 92 0 0 98 25 0 33 0 24 0 0 95 52 60 27 22 85 15 0 38 80 38 15 0 49 19 89 17 55 15 0 
0 14 0 63 43 75 0 40 0 68 0 76 73 94 92 32 0 76 100 37 33 17 35 0 0 24 0 0 64 55 5 89 0 32 0 48 78 1 0 26 
13 7 0 48 12 22 67 0 25 10 72 0 28 51 7 20 57 60 88 79 54 53 72 42 0 0 53 0 0 82 87 0 94 0 28 79 43 83 10 
0 56 54 27 0 0 39 0 85 6 37 21 0 98 26 34 0 28 0 0 0 42 1 12 77 95 6 59 0 0 38 95 36 94 2 79 45 71 
91 11 42 59 26 40 0 81 42 0 0 0 56 69 85 38 27 41 62 55 0 0 89 56 100 73 83 0 0 90 77 57 65 26 18 62 0 
8 16 63 0 0 0 30 3 80 93 0 0 37 91 51 0 46 80 41 47 0 58 8 45 19 24 27 66 54 0 8 0 0 95 18 53 
0 0 13 30 96 32 0 53 0 0 41 59 64 65 0 38 19 77 13 24 36 0 85 0 42 0 20 0 5 95 0 58 95 24 78 
45 0 24 0 90 80 71 3 0 76 38 0 75 53 0 87 70 20 0 72 0 0 35 33 28 48 40 46 81 73 0 84 14 62 
18 47 87 64 0 22 78 18 31 38 23 2 0 99 27 0 0 35 45 18 68 82 0 29 62 87 57 0 92 73 0 0 22 
92 67 64 46 0 0 38 59 75 33 95 2 100 80 0 0 99 0 3 14 0 53 98 0 10 0 98 25 45 43 0 80 
69 0 70 32 73 69 52 91 56 62 57 81 49 47 0 65 57 23 52 16 0 94 0 17 86 0 0 0 82 8 71 
2 23 24 24 20 54 61 59 4 74 42 0 0 11 56 49 0 0 55 56 61 60 0 80 18 14 19 14 12 29 
55 0 70 0 25 18 22 80 24 53 20 86 0 17 10 0 7 0 88 2 22 58 90 10 0 3 88 0 0 
33 0 17 0 38 19 9 17 82 77 2 10 53 26 79 92 47 83 71 60 0 0 20 0 75 0 82 85 
83 47 27 66 95 0 35 40 87 66 91 87 63 47 37 22 28 91 34 38 16 0 0 0 56 41 5 
99 10 0 0 92 56 23 7 0 0 8 82 0 52 92 53 60 65 0 84 46 62 61 64 30 0 
44 50 0 93 85 65 97 22 33 0 61 72 61 29 96 48 68 3 30 0 31 0 0 71 0 
97 4 0 0 12 61 66 57 93 88 65 0 0 50 0 48 0 41 88 17 93 8 0 43 
26 0 0 88 71 74 27 45 9 62 66 99 83 50 100 0 37 29 52 82 0 30 0 
0 38 12 43 0 17 58 44 43 49 24 91 0 31 59 0 0 50 0 20 83 3 
3 64 26 42 76 27 25 28 10 3 96 0 83 27 0 87 83 3 55 0 9 
86 0 34 0 56 99 46 89 46 41 23 99 0 100 0 78 59 0 30 20 
28 7 8 0 0 54 65 33 4 9 0 0 58 0 53 0 0 83 0 
76 92 22 82 0 74 81 0 85 0 16 24 0 75 0 88 38 2 
23 14 22 0 83 37 0 0 22 97 71 2 0 70 93 15 52 
0 76 41 0 47 54 0 93 26 67 82 99 78 26 73 86 
0 2 0 96 74 77 0 27 6 0 0 45 50 0 66 
79 0 71 0 12 52 74 25 52 7 0 3 66 38 
85 93 39 97 76 0 89 74 0 66 0 86 0 
49 93 93 66 48 28 18 62 10 75 4 61 
0 92 35 54 17 19 98 40 77 28 0 
38 95 28 85 85 0 26 100 85 91 
93 60 78 79 54 100 56 37 0 
37 98 52 0 74 26 92 0 
14 0 15 4 0 31 0 
33 0 63 22 77 31 
88 59 67 13 64 
30 99 88 0 
0 0 0 
91 70 
17 

#i: 5
32 0 1 1 79 0 13 95 4 15 10 28 31 32 94 29 50 24 83 1 73 17 28 76 70 25 0 11 69 84 8 67 0 5 0 81 23 50 47 0 33 1 0 50 8 0 9 0 23 68 36 57 68 
0 24 0 0 43 24 64 47 82 22 86 0 30 0 0 49 88 73 66 13 85 0 0 98 18 0 33 26 37 75 92 94 0 0 71 85 1 0 88 38 94 28 15 64 6 87 0 68 0 0 71 0 
7 83 61 22 0 24 79 98 0 22 68 0 51 5 11 0 6 66 12 88 84 38 75 0 0 64 35 11 28 100 24 70 10 93 94 0 45 0 30 48 61 4 41 41 100 0 35 60 47 96 0 
0 0 100 0 75 24 0 0 9 83 0 0 4 37 99 84 88 74 0 52 85 79 0 22 89 10 9 63 0 13 32 88 37 100 95 73 0 0 76 53 4 30 63 88 0 90 66 0 11 6 
27 0 0 84 0 49 86 94 77 29 0 13 74 76 0 59 0 55 66 90 86 92 83 0 42 78 60 0 67 0 53 68 38 97 21 21 73 0 83 78 32 20 8 6 42 3 19 3 17 
9 0 6 0 38 27 94 29 0 58 0 0 25 68 0 46 83 46 0 0 62 47 56 78 76 0 82 0 4 11 75 1 78 0 32 95 70 17 65 54 12 48 0 0 29 0 96 69 
0 59 69 31 75 63 0 78 26 35 0 17 0 24 68 0 29 12 0 0 44 0 83 92 22 68 0 0 71 46 8 33 20 9 45 0 18 58 28 86 42 57 0 70 0 33 0 
16 0 38 71 29 12 60 0 67 96 14 50 27 50 0 7 87 61 97 91 0 80 0 66 97 20 0 5 68 67 68 71 91 16 60 90 14 54 63 48 80 85 54 42 77 9 
0 100 0 0 74 0 32 0 5 9 73 0 48 32 63 52 66 13 0 0 36 78 85 88 97 97 28 21 30 0 69 63 0 86 34 93 0 0 17 80 62 53 68 8 57 
36 28 90 8 65 38 57 21 36 0 0 96 66 9 0 30 0 65 67 94 54 33 32 50 89 79 0 0 17 0 0 0 0 65 0 0 45 41 29 0 59 22 0 54 
58 0 4 0 13 84 39 18 0 0 97 34 0 0 63 0 95 76 0 70 0 72 56 69 0 56 69 84 93 75 29 0 11 24 0 89 28 0 58 82 22 0 0 
91 89 63 53 36 77 1 68 2 70 0 52 51 0 89 82 0 0 36 0 71 1 22 0 62 59 93 80 53 63 94 86 0 65 66 85 36 48 54 33 0 73 
31 84 40 38 0 87 0 33 99 12 0 4 25 25 43 6 20 4 0 0 12 65 93 0 41 98 21 91 36 57 54 25 1 0 0 53 5 0 57 35 67 
0 92 67 0 45 0 6 42 84 20 47 70 54 15 0 68 4 0 81 39 0 22 78 81 0 45 33 81 0 67 0 0 0 0 21 69 81 0 0 41 
46 0 2 38 62 48 60 1 9 0 77 18 38 91 24 46 0 46 0 0 33 0 4 0 48 0 18 0 58 0 79 68 24 65 20 43 32 31 0 
68 0 0 0 0 81 32 0 72 62 80 81 48 22 53 0 25 35 98 0 99 15 84 17 7 49 74 88 0 53 46 0 0 19 50 78 61 63 
67 23 82 55 34 0 0 1 6 88 0 58 0 0 0 77 60 0 0 79 12 0 27 25 60 24 63 0 95 0 53 2 6 89 97 0 0 
7 23 9 20 80 0 51 57 49 69 86 55 33 49 0 13 10 0 11 37 92 1 56 100 0 61 24 49 42 54 0 0 0 36 5 3 
16 26 64 26 0 0 3 26 0 31 34 63 0 95 27 88 78 56 35 69 28 8 91 0 72 0 25 3 51 29 36 43 98 68 12 
0 56 10 0 18 49 0 35 70 59 0 5 14 0 53 37 9 26 97 71 0 0 18 77 39 0 0 13 24 43 74 18 59 0 
82 19 78 18 16 89 0 30 0 76 8 0 24 76 41 22 48 24 65 39 0 0 56 48 21 51 20 63 4 83 12 0 25 
98 56 55 88 45 89 100 0 0 34 40 69 75 47 6 13 93 87 72 0 93 0 56 96 47 98 60 49 70 7 73 5 
68 0 0 73 10 100 0 0 94 46 0 43 69 58 0 50 50 39 71 0 55 66 93 0 61 0 27 18 50 24 76 
19 13 17 58 0 29 64 90 89 23 5 76 77 54 0 95 0 30 25 20 82 45 72 43 0 82 0 47 90 39 
60 6 70 20 60 76 49 0 11 80 96 38 0 54 0 45 42 0 41 0 19 93 69 0 0 6 0 0 0 
0 92 65 76 73 90 0 4 7 25 0 0 0 58 26 72 56 0 0 0 63 16 47 0 0 11 99 8 
77 2 22 0 0 82 0 55 15 59 32 78 47 86 84 72 26 0 62 55 0 33 19 0 52 0 50 
96 2 87 43 100 0 94 0 14 68 68 1 40 0 0 0 51 0 87 0 25 96 7 16 36 49 
93 79 9 56 98 91 76 12 36 93 46 82 0 57 87 36 28 0 6 98 1 97 48 3 61 
84 99 71 6 67 9 20 64 21 29 0 20 65 98 93 4 61 87 69 52 4 33 41 8 
0 0 47 7 88 0 0 90 51 17 1 69 0 68 53 0 6 31 66 73 89 79 70 
16 75 21 28 50 12 67 6 62 0 38 28 69 42 13 46 40 71 17 0 0 29 
51 0 0 22 82 15 54 57 100 49 0 32 14 68 65 77 60 49 0 0 40 
0 63 46 30 60 0 36 0 23 84 0 18 13 0 0 16 1 44 45 0 
90 58 18 35 65 0 26 68 15 14 75 36 23 0 0 17 67 72 0 
86 1 55 46 54 71 71 85 0 0 0 0 83 11 33 17 30 93 
55 25 11 28 55 31 21 34 100 76 0 76 0 10 33 100 3 
45 41 94 46 36 33 30 0 60 0 0 36 84 0 98 0 
5 26 0 6 0 62 67 99 37 82 25 25 15 0 13 
46 69 76 0 21 0 7 50 0 43 19 23 22 66 
6 13 52 0 58 59 0 76 10 90 0 5 38 
13 92 23 7 0 0 35 93 16 67 56 8 
0 47 0 36 12 61 7 0 41 75 4 
17 58 81 2 27 0 93 68 16 68 
70 0 0 75 0 61 77 39 9 
47 41 72 0 52 19 72 66 
0 66 83 92 65 93 59 
65 47 48 69 9 25 
16 60 71 9 42 
87 71 47 35 
18 92 51 
0 35 
56 

#i: 6
3 63 49 0 84 54 0 9 4 52 45 59 30 68 54 53 0 0 0 0 78 75 77 40 74 9 0 87 0 0 10 60 0 50 0 0 64 70 0 0 62 92 22 30 43 10 0 0 0 81 13 73 
0 3 0 85 15 58 56 66 0 35 0 46 0 86 100 71 0 61 0 48 92 29 20 72 0 90 19 32 0 0 69 83 5 15 0 96 0 46 20 20 60 0 29 78 37 67 0 29 22 18 54 
51 69 0 41 16 41 77 53 0 0 27 18 42 73 15 99 66 31 84 0 19 0 17 70 0 92 0 46 82 56 25 0 0 0 76 20 24 95 0 98 0 39 0 65 10 0 7 52 49 25 
70 0 29 0 54 59 0 84 55 0 40 0 26 2 91 67 51 0 80 0 95 49 6 24 75 0 13 24 27 38 0 39 16 0 7 79 49 46 31 76 17 42 0 16 0 67 0 60 0 
2 0 0 0 53 47 23 85 0 19 7 0 0 19 39 92 0 98 70 80 32 37 54 0 96 6 56 0 27 95 41 26 7 0 98 0 29 7 85 65 0 0 64 36 21 7 0 0 
0 0 66 87 21 42 6 76 0 0 0 74 76 51 48 62 83 52 0 40 86 16 0 58 0 0 35 89 0 0 15 0 67 53 82 34 76 32 32 79 75 83 0 89 0 0 0 
59 49 89 100 0 0 40 81 5 73 64 47 58 0 2 32 8 57 0 40 12 8 11 77 0 0 96 56 0 15 17 85 48 0 0 3 91 0 31 0 10 66 94 71 5 31 
0 15 0 58 87 27 17 45 0 27 0 69 29 39 0 8 86 31 11 25 34 14 78 0 1 9 0 0 46 85 0 27 0 12 94 94 29 78 82 0 51 41 1 4 53 
0 68 94 75 54 89 10 49 0 0 90 16 0 0 83 53 39 0 81 75 51 23 72 64 73 88 41 89 0 0 80 97 77 11 0 45 15 63 39 0 52 61 82 3 
7 50 0 85 41 54 0 47 37 88 95 0 57 0 32 66 53 0 34 46 43 48 0 0 24 26 93 59 13 13 0 65 24 0 0 85 65 0 0 0 61 63 44 
20 0 73 58 39 95 17 88 52 0 55 65 22 34 41 0 29 3 0 1 32 0 77 45 21 10 86 35 0 14 26 0 32 0 85 85 91 34 0 25 85 97 
0 66 0 84 48 0 22 40 93 2 0 0 78 0 76 8 38 12 4 32 6 23 63 65 83 0 76 0 60 64 24 0 28 26 0 87 52 46 78 34 21 
9 81 6 60 0 59 26 57 37 0 8 98 11 9 0 21 16 97 44 37 0 2 0 0 95 0 88 70 12 0 0 61 0 85 5 14 60 71 96 27 
0 80 83 9 48 30 23 0 40 38 17 18 0 19 0 20 72 0 35 89 91 0 65 16 0 20 26 53 31 0 62 0 83 0 95 17 0 100 0 
0 78 10 35 28 39 18 0 55 95 43 65 72 75 0 74 0 11 0 31 46 51 49 4 9 72 4 0 0 0 0 0 0 71 76 64 28 29 
41 0 97 27 34 83 34 60 13 80 74 0 100 25 5 67 57 23 0 36 45 0 79 0 56 0 8 8 0 79 80 64 83 18 51 26 4 
0 64 41 14 0 82 0 46 0 91 76 60 0 76 46 64 72 16 58 28 3 20 19 80 91 0 56 0 9 0 71 54 0 18 0 25 
84 69 0 55 44 87 0 64 10 94 25 34 0 31 0 86 57 29 95 60 33 71 57 14 11 69 0 0 89 77 0 93 19 0 98 
91 50 0 32 95 1 96 69 53 96 29 0 0 24 25 14 57 70 0 55 15 60 56 94 14 32 8 93 91 69 71 0 93 46 
0 59 32 74 79 0 7 80 32 0 43 0 85 0 0 71 0 62 25 14 0 56 83 34 0 0 73 76 49 63 73 48 0 
33 21 73 21 41 15 97 44 99 0 99 63 0 79 2 80 31 36 0 33 0 0 0 0 45 100 14 1 72 59 26 0 
8 7 53 0 9 61 54 0 0 38 91 93 0 0 75 0 35 6 27 4 79 74 85 42 9 81 0 43 58 99 77 
5 72 0 7 0 50 0 67 59 62 49 0 90 71 0 34 86 65 61 58 12 32 96 1 16 4 4 0 0 67 
0 0 69 33 10 67 23 2 32 6 40 0 4 0 41 22 0 63 0 86 63 96 0 23 0 0 0 80 94 
0 88 49 8 79 11 15 73 95 44 91 0 97 0 97 91 0 22 0 20 71 58 59 0 21 0 22 87 
5 38 36 0 85 97 97 75 74 16 23 19 0 11 61 90 98 66 0 61 54 0 46 49 58 0 24 
21 96 13 99 0 67 25 0 62 0 90 83 0 88 0 77 76 24 28 10 75 42 0 0 80 83 
21 76 89 73 0 31 46 99 14 0 63 82 8 15 0 71 19 60 0 42 37 94 0 0 0 
96 65 27 98 65 64 84 32 91 72 5 74 0 44 40 62 16 90 64 0 20 9 87 49 
79 0 9 41 81 0 0 72 0 48 0 99 22 59 72 67 39 87 88 11 48 0 0 
84 69 0 57 0 0 81 0 66 100 0 0 38 0 15 0 3 72 13 0 0 74 
0 94 40 54 21 100 19 0 1 51 30 84 90 0 30 57 0 57 0 17 79 
0 0 8 23 0 0 63 93 95 8 0 25 44 83 39 92 91 35 0 33 
46 83 99 79 89 17 15 56 85 11 0 5 56 37 62 70 91 88 20 
47 0 12 79 45 16 1 0 60 24 59 67 61 54 0 9 32 70 
29 0 17 57 20 0 0 31 66 30 71 9 22 100 68 15 89 
73 88 94 43 5 21 0 2 89 8 52 24 22 55 93 0 
98 31 66 63 83 2 83 68 81 67 8 77 0 0 88 
63 22 46 94 5 79 68 23 54 92 52 39 75 97 
84 78 0 72 49 80 95 0 81 0 77 6 81 
0 73 0 4 56 32 44 49 23 73 89 62 
0 25 0 0 87 19 0 44 0 6 83 
13 4 43 72 47 20 0 0 49 59 
67 19 81 96 96 48 0 0 54 
87 54 0 3 58 7 22 0 
21 96 70 11 26 74 52 
74 13 0 70 36 78 
0 0 5 95 83 
86 7 100 49 
57 0 31 
0 9 
58 

#i: 7
35 22 0 36 0 26 35 40 0 24 53 55 77 4 79 70 77 9 0 40 71 0 0 30 0 0 54 1 34 32 0 32 4 89 79 8 68 70 92 21 49 41 5 65 0 0 53 92 37 15 0 
94 77 10 28 0 84 75 76 0 70 35 0 58 75 93 59 51 45 23 0 43 2 55 72 81 89 58 49 0 81 14 97 73 38 64 80 97 59 34 99 16 48 47 34 0 86 0 50 0 0 
0 79 0 32 20 33 27 80 83 29 62 53 34 8 29 80 6 43 0 33 67 28 0 38 0 0 81 78 0 95 0 90 7 61 43 12 35 0 44 53 60 18 90 45 22 17 3 0 0 
68 0 17 86 0 21 71 19 51 0 36 0 32 95 43 0 93 75 63 75 0 0 42 53 0 58 46 4 24 24 54 28 0 83 18 61 2 90 0 67 41 26 67 49 83 43 38 70 
70 92 0 0 70 37 64 12 89 85 0 19 90 0 44 88 31 0 14 16 51 54 13 14 16 0 69 96 99 73 0 89 52 80 0 47 6 22 0 92 82 0 0 33 0 78 100 
1 36 0 34 56 99 17 2 63 29 21 3 0 3 0 80 0 37 30 0 3 17 65 57 0 76 99 32 5 0 63 0 65 8 16 0 2 14 43 0 96 83 15 75 70 84 
74 0 0 10 13 19 0 24 0 2 71 65 42 58 80 0 64 9 85 0 0 0 0 0 74 7 0 84 6 21 65 4 31 10 0 27 98 96 0 0 81 92 67 0 82 
53 34 94 73 0 53 14 0 75 43 20 0 0 77 66 48 0 0 0 0 98 64 78 10 80 1 0 20 27 8 73 29 98 60 32 56 64 0 7 0 0 91 32 71 
73 0 0 0 73 0 67 86 0 68 27 5 19 0 14 0 2 0 0 0 4 16 15 65 44 0 85 88 77 0 0 19 0 0 2 0 77 58 62 0 25 30 91 
56 47 0 30 0 55 76 99 55 0 70 51 13 80 83 0 31 64 100 38 23 56 0 62 0 72 1 14 0 72 84 90 70 68 55 70 54 66 78 66 69 0 
5 59 62 41 0 81 10 0 57 63 50 0 22 30 17 16 14 9 62 79 9 0 1 75 0 48 0 32 16 5 47 0 22 0 48 14 14 8 40 0 0 
0 0 52 0 1 16 0 0 28 80 94 23 41 0 0 35 96 40 0 0 50 0 0 62 40 83 39 91 26 79 58 8 0 13 37 32 53 0 0 10 
54 28 86 44 39 99 64 57 59 0 0 31 71 86 40 39 96 55 0 68 0 49 15 43 0 13 98 0 0 98 0 0 73 98 73 47 57 47 0 
77 16 27 89 0 0 5 69 100 0 13 0 86 98 14 3 0 0 0 24 88 0 78 0 8 1 23 64 0 63 89 0 87 16 0 82 17 79 
65 7 99 17 98 44 86 0 87 77 0 0 94 0 63 58 23 34 56 77 0 31 0 67 10 75 28 97 0 0 78 45 12 0 65 12 11 
57 0 72 22 3 0 0 64 86 0 7 36 0 77 70 14 65 0 0 0 0 0 33 0 75 2 0 0 58 0 65 36 57 68 70 0 
56 0 18 64 89 0 38 22 11 13 0 28 62 55 53 51 24 66 0 79 70 0 30 5 0 14 0 0 62 30 63 4 66 62 0 
34 99 9 9 83 0 80 22 83 0 42 64 47 85 88 34 91 2 0 80 60 59 39 0 0 0 69 0 82 99 60 37 0 23 
40 27 78 37 10 19 85 0 23 48 30 11 99 9 97 0 63 0 77 91 0 0 46 99 90 6 0 0 0 37 0 27 78 
21 83 33 0 100 0 94 20 24 86 4 69 0 3 22 73 26 0 72 0 79 81 0 0 93 63 0 18 74 59 0 46 
0 66 59 68 67 85 51 59 47 0 0 0 98 0 68 75 98 73 78 39 88 6 0 66 99 5 0 90 0 19 70 
0 0 46 0 33 62 32 0 0 3 0 0 5 0 65 1 21 93 42 61 7 93 0 0 0 66 0 53 0 24 
0 78 0 49 0 4 44 46 0 35 59 0 38 72 18 51 0 83 6 37 47 7 0 0 48 60 95 0 46 
28 0 8 76 0 71 88 0 83 43 38 82 62 39 0 80 0 0 76 75 14 82 98 39 55 98 41 72 
47 37 73 45 63 66 0 68 20 0 45 0 2 0 18 0 70 0 15 52 60 37 8 59 17 66 57 
31 17 0 96 40 55 4 94 38 62 56 16 41 91 32 15 98 0 90 4 0 5 93 11 77 20 
9 16 22 43 0 0 74 43 51 0 76 2 28 62 82 58 73 0 91 0 55 0 96 81 36 
0 0 67 47 64 60 29 96 5 56 39 5 0 90 95 35 59 37 95 30 46 0 23 6 
95 73 0 0 69 0 77 0 0 77 61 26 15 22 55 17 0 13 53 13 16 1 0 
25 35 0 53 65 0 69 43 88 87 83 48 18 74 63 98 0 30 16 16 31 0 
8 60 49 94 27 9 0 74 17 0 50 7 0 0 62 84 7 75 10 39 0 
99 1 50 0 0 86 21 47 70 0 94 59 0 19 0 52 3 0 15 78 
19 47 33 75 39 100 0 68 83 100 0 99 38 14 76 0 99 95 3 
0 24 0 0 62 76 0 0 65 0 10 49 32 24 13 53 0 0 
70 90 71 0 59 61 0 49 85 21 2 41 0 42 92 31 25 
13 34 73 70 58 47 78 100 45 60 34 27 67 0 61 47 
88 54 94 5 17 0 37 61 65 70 100 73 33 0 73 
89 17 76 0 44 48 0 55 13 95 91 62 77 61 
10 0 17 46 73 28 2 0 83 0 8 61 19 
54 30 0 72 0 45 51 94 39 87 0 0 
0 46 49 92 48 76 5 0 0 0 0 
57 0 15 65 37 0 15 31 24 4 
0 67 60 7 13 0 0 55 0 
60 0 2 99 0 96 0 17 
46 84 11 24 37 58 98 
74 30 52 8 16 73 
0 66 43 5 0 
70 27 98 0 
82 9 39 
70 79 
3 

#i: 8
87 48 29 0 75 0 83 98 91 40 52 0 0 10 21 22 29 98 83 0 0 40 26 97 0 50 14 47 48 21 22 64 0 0 98 58 28 53 0 88 40 0 28 99 64 15 60 82 0 80 
26 0 3 0 10 4 0 0 5 53 6 92 0 59 78 0 86 0 31 26 64 63 0 39 65 42 3 45 41 10 75 89 20 28 38 99 10 100 59 42 42 70 57 48 0 89 73 3 56 
32 27 89 91 0 31 76 0 34 48 46 24 0 45 0 0 0 35 0 95 37 97 0 98 68 38 23 77 68 53 0 20 0 0 90 34 88 67 86 77 0 18 38 42 26 75 64 0 
23 94 79 38 0 0 94 11 85 0 42 19 81 0 64 18 0 0 85 36 0 0 23 0 66 64 13 9 0 83 29 0 43 23 0 0 61 40 39 1 0 22 0 39 30 67 60 
18 0 0 0 0 88 32 45 70 33 0 42 79 72 12 37 62 22 5 54 54 19 70 42 36 0 77 26 97 10 19 82 78 60 0 69 55 80 0 86 88 30 21 28 74 0 
0 0 0 14 0 10 1 0 15 60 58 0 45 0 26 0 0 0 31 0 0 56 38 0 64 25 0 29 0 55 74 90 78 0 23 58 39 0 92 74 4 41 97 52 0 
97 0 0 0 98 16 91 23 83 0 56 92 94 0 43 0 37 48 17 33 0 91 22 48 0 90 0 10 82 68 0 11 30 41 19 0 52 77 70 79 68 77 2 89 
0 85 74 47 0 14 77 23 55 47 0 26 68 43 54 42 95 0 0 0 41 52 0 0 88 36 7 0 49 26 0 0 75 41 97 97 45 0 0 58 82 0 98 
34 94 11 26 20 23 100 0 0 0 73 26 0 50 93 0 79 15 0 25 91 63 52 46 55 66 82 95 26 37 63 55 18 99 0 49 23 85 74 5 13 68 
39 44 97 6 92 37 32 4 23 78 34 0 77 0 26 0 41 38 39 70 81 98 37 40 30 34 94 47 0 17 72 0 39 56 71 75 56 55 32 0 43 
0 10 0 96 70 39 0 10 4 0 0 29 6 22 94 35 0 57 77 92 13 17 79 77 6 64 0 11 59 2 0 5 30 0 76 86 20 83 52 66 
15 0 28 0 17 98 97 0 0 62 57 91 44 37 0 52 35 9 0 7 85 31 0 20 68 50 4 93 0 0 0 67 58 39 93 0 79 36 32 
27 0 49 0 62 89 42 0 66 92 9 93 75 20 68 88 9 93 80 77 0 65 9 51 88 61 56 73 46 71 17 10 77 91 26 72 2 55 
0 41 0 91 20 0 38 0 19 16 0 44 90 32 31 93 79 88 79 58 39 0 9 77 85 0 27 24 81 44 0 88 76 0 32 0 0 
23 0 0 7 0 56 0 63 68 56 100 0 18 55 67 78 36 72 43 35 12 8 82 62 84 0 9 77 0 0 0 47 0 10 27 76 
2 0 86 0 66 100 52 17 47 91 33 19 0 83 0 0 0 0 25 7 23 24 78 62 63 77 68 80 64 100 0 4 0 26 43 
0 0 29 10 22 59 38 80 77 0 27 0 9 62 31 63 15 67 0 49 72 21 99 89 33 87 27 97 57 29 0 0 0 0 
39 0 0 86 0 64 81 24 0 32 90 0 37 57 42 56 77 0 27 78 0 55 67 14 77 51 37 0 97 25 32 40 50 
38 90 69 96 0 0 32 96 75 0 75 92 0 35 13 100 65 25 0 0 23 57 0 0 0 48 83 28 57 23 28 1 
78 1 19 7 68 53 94 19 0 17 37 0 0 31 79 65 81 76 41 0 88 0 48 60 92 0 0 12 63 22 0 
24 99 82 34 73 0 0 30 0 3 7 83 0 17 17 0 33 42 13 51 62 40 0 71 69 41 18 93 95 36 
34 21 15 0 27 6 68 83 80 27 77 15 100 0 0 86 0 65 0 0 4 0 0 3 13 0 40 82 57 
31 0 96 0 0 81 90 6 6 80 0 95 8 0 20 31 22 28 17 0 39 27 94 24 12 84 99 71 
36 43 72 44 37 78 29 0 34 62 100 44 93 64 0 44 5 29 51 44 0 7 41 36 95 96 0 
32 0 70 8 0 0 0 20 84 0 41 63 5 32 76 0 0 73 58 12 85 0 26 97 0 46 
77 93 13 60 10 2 0 47 94 76 0 0 51 99 8 0 18 0 10 14 75 97 93 42 48 
0 27 0 0 32 0 0 0 67 7 47 0 31 37 67 27 0 58 33 0 0 70 17 66 
0 20 16 94 40 0 90 71 48 0 14 22 62 24 0 0 0 82 0 0 76 3 30 
28 61 58 71 39 92 39 56 23 0 0 96 0 30 50 29 30 0 12 0 19 58 
22 31 15 98 0 76 15 70 0 0 30 56 69 41 84 91 36 57 0 85 48 
28 55 0 0 0 24 0 0 18 92 46 47 25 16 0 79 7 18 0 33 
0 25 0 90 51 74 0 79 87 0 95 54 33 85 99 49 78 79 22 
57 5 65 100 96 0 12 0 0 2 0 3 90 92 0 68 0 18 
60 9 70 90 64 43 0 52 0 0 71 0 69 0 65 42 57 
12 0 88 64 0 0 0 31 49 53 28 96 0 2 72 0 
43 57 59 19 95 7 83 58 45 5 50 64 0 0 45 
15 38 41 69 0 0 0 0 56 25 0 26 45 61 
81 59 58 87 2 64 16 45 0 68 67 27 25 
81 39 0 43 0 49 73 25 0 53 90 44 
87 30 0 0 0 0 57 50 0 94 3 
0 0 79 93 45 49 0 0 32 0 
14 45 93 98 40 24 92 0 33 
39 90 0 22 74 97 22 87 
90 85 87 0 60 24 50 
1 80 87 29 1 15 
0 47 99 97 67 
14 28 24 81 
97 94 66 
74 68 
85 

#i: 9
92 87 14 41 51 77 30 8 53 76 37 4 0 58 20 89 60 41 14 54 5 44 0 0 83 77 80 53 0 37 0 51 32 89 68 0 45 29 89 61 0 28 6 29 0 88 78 97 2 
18 39 13 39 70 77 41 60 30 0 0 85 0 81 92 96 9 0 34 75 0 50 45 87 92 64 94 0 36 44 0 68 24 94 13 0 70 5 93 0 33 60 93 0 100 67 28 0 
92 52 31 10 50 62 57 0 95 49 85 86 0 11 16 74 58 58 41 0 15 3 25 0 28 7 15 33 0 89 90 44 52 86 55 0 80 17 14 0 0 0 42 0 0 10 46 
79 0 43 72 75 72 0 1 42 74 0 40 63 99 31 48 83 0 0 73 59 70 4 13 0 79 28 81 79 44 18 49 38 34 86 5 46 58 55 21 23 81 65 1 50 39 
0 76 0 40 55 55 0 36 8 39 0 23 64 76 86 0 45 75 69 0 57 49 92 71 83 55 81 60 1 97 65 0 0 10 86 50 30 0 21 39 23 24 53 14 9 
0 55 0 3 0 39 80 0 9 31 22 0 0 3 100 45 0 0 45 43 41 0 63 6 34 7 0 0 77 79 44 90 50 46 47 0 0 74 0 61 19 0 0 23 
49 0 22 86 0 0 0 67 16 0 69 69 8 36 42 81 35 0 10 83 0 24 10 0 10 55 30 90 76 25 0 88 61 88 0 8 0 65 0 50 83 58 0 
0 53 0 0 23 31 26 100 20 0 34 90 23 43 92 0 46 60 64 0 37 39 0 94 0 42 0 89 55 0 41 67 40 49 0 11 0 60 84 73 100 0 
95 61 49 57 0 90 37 80 42 6 36 6 36 88 1 46 95 0 0 67 74 91 0 84 100 66 89 0 0 27 69 56 33 18 44 20 72 96 90 27 90 
86 0 94 0 53 49 65 3 55 0 39 77 13 0 38 98 0 44 56 52 0 38 39 80 53 63 86 57 92 66 7 0 7 71 72 36 36 0 9 89 
73 20 63 43 22 59 93 30 0 71 0 0 63 0 43 55 0 64 10 14 15 74 0 43 0 0 7 0 18 52 84 0 0 59 20 90 61 0 96 
11 61 25 8 0 66 49 1 0 71 51 98 96 15 34 34 19 0 54 86 92 50 98 12 0 93 46 84 0 56 0 85 0 32 38 76 8 34 
37 83 57 0 0 48 33 31 55 73 0 64 31 0 27 64 0 8 16 5 52 0 59 0 86 83 65 13 40 23 43 73 63 81 29 0 63 
60 7 96 74 0 43 11 41 6 68 45 79 20 83 86 46 60 47 38 25 34 2 11 60 74 0 55 11 27 30 44 61 22 86 0 68 
60 11 3 16 65 0 38 55 13 15 21 99 81 28 36 6 0 63 66 0 0 38 33 0 87 44 77 100 96 0 53 91 63 70 22 
83 64 0 79 31 2 2 67 72 86 95 22 0 77 36 19 0 5 71 0 40 14 91 0 54 0 0 49 26 0 74 36 56 51 
0 2 38 26 15 0 54 22 9 50 6 2 52 0 0 15 31 45 68 57 86 1 22 0 22 48 17 0 76 100 84 0 28 
18 53 0 46 29 41 25 0 24 0 0 10 30 0 6 0 39 74 54 88 52 12 39 0 0 15 0 51 31 57 81 95 
0 37 29 87 100 0 0 43 82 67 19 0 0 81 15 98 0 94 0 29 1 0 93 3 0 0 0 0 69 0 0 
0 0 0 3 5 78 89 69 0 0 74 47 82 35 10 50 39 66 95 38 26 63 49 100 94 6 0 51 0 33 
24 68 77 0 100 89 62 0 0 0 83 20 94 35 27 48 73 0 53 2 75 32 30 54 98 0 73 61 45 
72 33 24 17 43 88 85 97 23 97 100 0 86 49 30 0 0 0 54 82 67 93 66 0 90 41 27 84 
60 0 43 0 41 25 64 44 0 15 87 80 67 0 82 0 64 0 76 47 93 85 0 51 0 0 0 
22 88 0 0 0 69 5 94 63 17 90 94 24 26 10 2 84 0 77 45 14 88 96 0 91 59 
27 62 31 57 59 0 94 19 0 0 40 82 70 75 100 38 0 65 57 0 11 30 28 56 78 
50 47 0 0 31 0 0 71 35 33 36 97 91 0 0 8 43 64 92 29 0 22 79 76 
0 55 0 87 77 52 43 33 0 0 17 80 40 0 100 42 56 58 56 90 0 89 25 
54 44 0 0 72 0 54 30 66 84 96 81 1 46 66 3 61 41 69 85 0 6 
5 95 77 0 55 13 1 9 0 19 37 0 24 50 0 0 48 41 0 17 36 
0 25 77 44 11 26 0 39 0 52 85 0 71 96 0 0 19 11 41 86 
40 35 92 13 45 7 97 0 89 38 6 52 62 0 70 44 37 25 93 
4 10 0 16 26 17 0 98 0 71 49 4 75 23 0 12 98 0 
0 70 22 2 24 0 20 0 41 28 61 0 52 99 0 0 58 
0 0 32 31 27 45 0 9 49 71 0 16 73 79 31 63 
24 0 33 70 0 58 45 29 60 39 86 25 1 0 8 
62 52 72 83 38 84 0 37 51 1 59 0 0 69 
0 38 96 0 15 83 78 62 48 60 70 83 60 
67 0 63 90 63 72 59 76 35 55 0 86 
0 40 32 79 14 76 0 20 0 0 86 
0 66 0 0 91 28 51 78 0 0 
56 17 0 0 0 11 45 13 52 
76 0 46 54 0 6 0 66 
48 30 56 19 58 0 65 
79 58 75 12 22 65 
42 96 23 53 0 
0 0 0 0 
37 0 19 
96 0 
0 

#i: 10
47 27 70 80 45 31 89 80 3 91 16 3 0 0 61 49 58 0 98 57 0 0 48 55 80 0 88 41 3 0 0 0 61 28 50 0 0 0 25 49 92 57 84 39 82 66 50 56 
28 0 11 0 54 96 84 24 95 34 68 49 70 52 0 69 23 79 0 6 97 0 5 0 57 0 0 21 74 69 14 73 35 0 43 66 8 16 43 0 81 45 0 71 100 66 75 
26 4 31 50 0 9 0 0 96 78 0 51 49 86 0 6 46 0 81 53 100 0 58 28 0 0 75 0 46 13 0 0 79 49 49 14 29 0 55 40 14 0 33 91 93 0 
0 77 31 7 4 90 59 52 86 3 86 66 0 61 0 1 46 26 84 80 0 94 35 0 15 53 49 0 70 60 0 19 51 67 2 68 30 42 10 87 82 83 30 32 61 
0 1 71 70 27 78 43 65 0 0 67 0 0 0 77 90 1 0 95 47 8 95 0 51 44 45 0 34 98 9 0 29 80 0 0 0 0 6 30 99 50 0 57 94 
0 46 0 0 40 41 80 0 38 86 17 95 90 99 52 57 55 1 58 38 12 30 74 67 50 0 0 87 86 0 0 24 89 0 91 0 55 38 0 21 52 43 90 
86 0 17 88 56 99 0 4 10 21 32 9 58 59 0 71 7 0 39 42 0 0 0 71 8 93 0 39 0 0 48 48 86 86 15 0 73 0 91 0 7 0 
74 60 8 73 0 18 0 52 75 71 39 60 6 36 90 10 45 27 0 35 0 0 91 22 0 81 22 89 75 86 81 53 42 4 16 80 0 81 30 67 0 
98 31 58 0 100 80 27 0 46 69 60 36 53 23 12 93 34 91 0 13 0 49 0 4 0 46 0 0 9 51 23 3 0 26 92 15 34 68 82 57 
0 70 59 10 82 83 99 97 0 95 43 37 15 46 13 29 33 0 72 48 43 70 21 7 41 96 0 0 0 62 82 0 94 85 19 20 87 67 0 
85 49 0 27 35 37 96 98 0 81 0 84 0 67 61 16 10 0 95 98 61 0 61 18 0 43 12 89 93 9 15 0 100 44 1 0 11 78 
0 24 19 0 25 95 66 0 69 26 0 57 63 91 89 80 15 0 44 100 66 26 0 0 7 46 92 0 76 25 58 92 1 60 87 26 0 
30 58 0 42 10 75 0 97 35 80 46 67 50 98 41 87 17 81 10 0 69 28 57 54 0 0 9 44 0 98 34 66 0 0 43 0 
76 35 69 63 71 89 0 56 64 71 28 96 45 91 19 60 12 55 0 2 0 38 0 14 60 98 87 2 63 0 0 0 0 13 62 
75 100 0 15 8 0 36 27 34 79 0 38 0 34 50 57 81 32 98 44 1 67 28 0 30 54 21 31 0 92 78 60 93 8 
60 98 39 22 96 60 0 80 95 0 71 15 0 31 96 39 10 36 0 97 0 3 62 87 0 74 67 0 47 27 63 32 60 
23 0 81 43 5 0 0 0 0 0 20 42 11 22 30 0 25 50 0 1 100 23 0 49 86 62 64 0 75 15 46 0 
18 0 80 20 83 98 95 42 76 0 70 29 74 56 0 0 59 39 8 0 0 27 27 0 4 38 0 29 7 0 59 
0 0 70 0 37 88 93 77 0 97 0 0 59 0 79 11 0 32 72 69 2 35 64 99 80 6 70 53 78 21 
71 5 0 88 0 25 56 19 43 50 12 65 54 87 79 73 79 70 32 7 0 52 0 69 0 76 38 12 100 
0 45 19 79 71 24 26 1 0 54 25 43 0 43 0 6 0 0 0 58 50 14 58 46 0 13 70 7 
0 89 45 38 74 72 27 72 27 39 64 3 94 23 0 98 68 63 9 0 67 79 46 44 46 95 80 
0 0 0 6 0 91 67 8 20 32 84 6 0 0 92 0 27 84 19 6 0 59 0 0 93 4 
0 27 26 57 45 86 35 22 0 42 0 52 88 25 46 0 26 56 0 76 0 87 42 0 45 
33 77 41 100 0 0 53 42 0 15 7 11 96 73 86 0 95 11 11 0 27 82 44 0 
54 79 69 6 0 14 0 10 75 42 8 10 0 35 3 0 75 0 26 0 0 66 88 
29 12 71 90 73 17 86 0 35 0 83 0 79 0 3 0 87 36 0 11 67 68 
82 16 0 76 0 78 0 13 6 0 31 99 82 100 0 9 29 0 0 100 97 
35 1 98 8 27 14 0 19 32 0 0 49 0 24 0 0 90 19 18 41 
22 45 72 9 12 94 40 96 55 95 2 65 26 62 80 75 92 0 38 
25 12 14 0 0 73 86 51 8 99 34 34 68 0 50 14 97 87 
7 0 76 22 0 0 27 75 0 47 44 63 60 32 10 0 18 
11 87 100 59 95 76 6 55 97 63 65 0 0 0 38 0 
0 45 0 38 52 35 0 70 19 0 51 75 65 0 35 
0 27 0 53 60 54 52 57 85 87 98 21 70 94 
23 80 40 91 0 79 34 0 54 27 62 43 0 
4 44 24 53 47 0 0 93 71 35 0 96 
54 1 0 97 7 0 0 39 67 35 59 
33 0 55 0 65 26 58 57 0 93 
0 0 43 0 76 0 8 56 65 
52 15 0 35 2 81 98 92 
87 0 77 0 11 19 43 
0 37 0 33 37 0 
55 0 33 0 0 
23 0 0 89 
86 2 2 
0 0 
5 

#i: 11
0 58 84 12 75 72 0 50 17 0 80 0 83 22 0 68 94 82 36 20 44 0 51 0 60 72 0 48 38 2 87 0 0 47 13 46 13 23 61 73 0 25 15 7 76 28 82 
0 0 100 52 0 63 0 64 44 90 0 0 0 39 80 0 0 88 90 78 0 75 82 33 3 0 70 74 28 24 0 58 21 0 13 75 31 57 45 0 49 11 0 62 74 32 
35 38 88 87 76 0 64 39 35 18 81 42 13 0 26 0 58 78 0 34 56 90 0 6 0 67 96 63 12 32 38 0 85 45 84 76 56 31 54 0 72 12 55 0 23 
55 27 4 60 0 90 43 0 0 0 79 73 41 0 0 11 27 10 46 66 6 23 25 82 70 39 83 24 10 42 0 85 54 30 95 35 0 86 0 52 68 21 55 20 
78 0 62 80 0 30 82 73 0 68 75 85 48 93 23 28 93 59 10 0 48 0 23 93 42 78 0 66 72 3 99 92 0 21 0 0 60 56 0 0 93 79 0 
32 24 32 71 53 90 57 0 29 0 40 42 39 99 0 75 46 0 75 0 45 0 34 0 52 19 58 0 2 0 18 0 97 0 56 0 0 82 0 55 34 0 
92 8 25 70 70 82 36 71 0 11 0 0 0 34 0 18 19 31 20 39 64 31 91 56 86 31 0 86 82 4 0 0 4 61 12 96 61 14 57 4 90 
0 0 0 97 0 78 66 61 82 0 71 0 12 45 0 1 71 24 0 21 11 0 10 21 0 98 86 86 23 34 0 31 94 79 0 21 94 34 0 0 
51 27 68 21 58 77 77 38 25 86 52 32 0 52 55 0 57 0 1 74 0 64 0 51 63 90 71 70 0 0 57 8 85 78 48 0 18 87 17 
93 69 95 53 0 59 0 24 42 20 0 0 10 0 18 72 64 13 0 12 8 0 66 83 54 59 72 0 0 22 89 0 0 66 28 26 0 39 
95 79 47 0 32 0 46 21 22 72 21 23 0 65 42 54 1 0 0 78 4 93 19 0 12 22 0 92 52 5 94 96 48 0 42 33 67 
0 0 55 85 1 51 29 34 21 18 0 79 83 41 62 46 29 0 0 0 0 82 83 51 71 0 0 82 91 0 0 95 13 47 82 3 
0 15 0 70 29 65 36 0 83 37 96 0 44 94 46 30 27 20 66 0 72 9 42 89 91 67 78 75 14 0 43 98 6 16 13 
7 0 70 15 0 41 0 87 0 19 0 0 0 1 0 93 18 53 98 0 0 0 0 0 58 40 0 89 0 44 29 13 15 62 
0 35 100 86 0 91 80 100 72 20 63 72 0 0 92 57 0 43 49 51 17 0 53 14 5 19 7 92 0 75 81 63 81 
91 43 73 95 88 0 75 76 0 8 99 27 0 78 36 0 0 0 62 34 0 56 19 16 0 5 1 37 20 0 21 79 
23 0 75 0 48 42 14 46 87 10 52 33 85 69 47 6 93 6 61 98 0 71 58 18 92 0 88 0 0 39 0 
14 87 0 80 11 21 11 0 94 0 11 59 52 22 13 37 4 10 56 32 51 99 80 0 83 0 79 93 5 7 
27 0 29 58 31 70 43 33 27 32 0 85 62 12 0 0 0 31 42 54 54 0 37 83 0 76 33 0 0 
72 7 0 2 0 61 79 82 73 67 44 42 53 15 43 15 59 77 38 0 63 0 47 92 0 54 0 99 
83 80 59 21 0 0 14 50 90 0 84 0 88 0 17 97 1 13 3 71 0 60 0 0 68 7 20 
73 0 0 0 14 20 95 98 0 43 0 0 0 71 40 97 89 68 0 0 0 0 53 60 89 47 
0 73 0 0 0 0 91 80 0 77 0 29 19 39 42 8 1 0 18 58 90 19 88 0 30 
11 0 0 13 86 47 0 53 76 33 59 58 56 71 0 0 78 100 24 87 20 0 3 68 
43 0 53 97 72 27 62 0 30 3 77 50 89 75 66 12 0 5 92 44 58 32 44 
0 91 0 0 10 0 99 66 3 7 69 48 91 0 0 44 0 27 0 0 21 9 
0 98 57 0 0 84 7 51 3 2 25 58 86 94 0 30 0 76 67 75 60 
0 82 0 0 0 0 7 79 33 32 35 20 6 0 18 44 74 53 0 25 
0 19 91 0 91 56 39 78 61 48 38 31 25 74 93 40 0 60 50 
28 90 76 55 60 80 2 37 36 31 39 43 92 15 96 99 0 35 
64 93 6 4 7 59 61 0 35 0 0 71 73 58 0 92 74 
0 0 75 49 26 0 59 0 62 76 0 44 0 55 61 0 
0 20 31 44 80 84 66 68 53 19 0 59 28 17 68 
82 53 74 36 0 60 0 52 13 45 40 0 18 6 
82 55 90 14 30 87 65 4 86 0 9 0 4 
81 94 49 0 46 37 0 0 4 15 70 6 
57 70 0 96 52 0 0 45 68 57 81 
77 53 86 27 8 9 0 57 47 57 
87 85 0 55 60 59 0 9 0 
95 73 0 13 85 8 74 17 
11 0 12 43 0 11 73 
64 50 0 0 65 31 
71 0 13 60 53 
92 29 94 99 
98 74 88 
0 26 
23 

#i: 12
91 0 43 15 15 0 96 0 0 51 69 25 97 20 30 0 24 17 25 72 46 74 83 20 55 77 27 49 75 82 97 86 83 72 42 70 4 61 47 59 82 0 0 85 70 0 
18 63 59 5 0 56 83 0 1 0 0 56 0 9 93 58 88 54 0 53 84 67 83 99 57 9 72 7 98 0 7 7 69 0 0 0 0 0 0 64 74 35 43 54 64 
97 52 18 32 97 100 46 0 0 0 80 54 50 99 15 19 37 0 60 100 20 93 66 0 87 100 53 81 42 59 59 81 33 52 91 82 0 31 11 87 34 48 0 71 
15 56 75 91 0 70 5 43 40 28 61 24 52 0 28 72 45 0 58 73 0 84 0 86 0 88 6 72 93 2 72 71 84 54 36 53 72 1 25 7 75 34 0 
85 69 0 17 99 58 45 14 19 0 68 47 7 32 0 84 4 36 52 11 42 64 32 0 45 65 0 10 0 20 28 0 0 29 33 61 69 59 21 56 9 0 
48 43 0 29 0 62 8 77 1 38 62 41 42 0 62 37 42 59 60 0 2 44 48 0 98 0 91 0 86 46 54 30 6 0 16 4 0 10 0 14 38 
82 0 45 96 11 21 4 84 80 0 68 26 69 79 0 33 5 55 65 0 89 0 86 45 68 0 88 57 88 26 41 0 74 30 66 73 29 33 0 0 
5 0 0 36 36 5 19 24 99 78 55 59 6 87 47 0 92 48 100 90 0 29 0 42 30 0 0 59 33 35 97 0 37 90 72 85 67 95 22 
98 16 0 91 42 51 18 98 94 71 60 70 39 49 0 0 40 0 75 43 27 51 0 91 54 6 0 42 9 6 0 87 8 54 82 46 99 0 
28 98 38 96 0 6 90 29 97 58 0 0 94 46 96 0 64 0 12 71 13 0 0 3 30 60 85 33 73 74 37 78 75 86 73 43 1 
17 0 95 0 35 48 77 75 86 0 84 42 27 76 0 33 0 85 73 63 0 2 28 0 78 22 70 95 27 20 42 0 53 40 79 4 
0 29 0 0 96 21 15 7 79 12 50 68 55 36 87 54 92 99 67 77 79 4 64 49 46 97 0 7 0 53 0 0 71 43 0 
7 64 99 35 15 74 99 26 17 87 93 0 65 39 26 0 52 0 97 97 47 15 0 11 26 18 51 54 17 81 37 88 2 41 
39 0 4 9 7 3 54 83 3 80 51 4 76 20 80 35 60 51 0 18 0 49 0 34 26 41 78 76 84 19 12 23 0 
6 86 0 94 68 90 0 0 74 27 0 0 0 57 15 83 18 37 24 42 28 0 60 0 61 0 81 0 55 10 57 38 
25 14 23 70 0 83 100 76 14 21 0 0 100 0 42 85 0 67 15 3 8 0 94 34 0 30 34 0 87 52 0 
0 0 36 0 0 31 83 54 5 0 91 35 82 14 99 90 0 30 0 0 36 80 71 0 0 28 14 91 0 0 
55 30 51 67 71 41 0 99 0 62 56 0 87 0 45 17 21 0 41 11 19 0 36 87 0 38 29 61 14 
94 73 78 84 0 0 0 0 78 16 15 49 83 42 46 27 73 57 0 63 0 100 90 61 0 29 7 0 
0 21 92 36 0 19 38 49 89 0 79 86 48 0 46 11 0 0 2 2 84 13 1 54 45 100 24 
71 71 22 61 97 70 37 42 0 18 64 44 75 85 21 77 10 0 47 9 33 25 47 49 0 49 
65 91 75 30 3 31 37 31 0 97 47 87 18 2 0 14 0 72 33 0 80 68 0 15 26 
52 93 0 0 0 97 33 90 70 16 0 34 23 36 29 63 66 0 92 99 53 6 100 40 
0 18 30 60 85 53 95 2 88 9 0 34 69 0 89 73 81 46 33 80 48 12 19 
91 58 0 4 40 79 58 21 68 92 8 0 51 42 34 58 30 0 85 40 68 58 
91 55 84 52 56 0 24 51 87 96 62 72 40 22 0 37 72 0 96 0 60 
33 68 0 35 95 0 79 53 25 83 8 28 39 46 85 71 7 31 0 42 
0 14 3 52 22 74 13 27 35 90 0 49 74 11 33 0 0 0 84 
59 72 0 52 0 72 38 72 78 0 0 19 85 52 87 71 57 35 
0 0 91 15 5 61 0 0 30 66 64 0 0 0 80 0 81 
8 0 0 50 89 81 0 43 0 50 0 31 45 64 31 0 
35 0 72 0 0 20 33 24 87 50 91 78 12 91 9 
92 0 22 90 0 73 17 0 85 12 94 0 27 88 
90 0 84 29 0 56 0 0 59 92 63 0 72 
24 89 0 48 2 5 0 93 31 0 26 97 
74 0 0 47 72 50 0 55 10 37 0 
48 0 25 55 32 40 58 19 74 94 
27 58 0 97 49 100 65 0 0 
78 74 26 68 0 61 0 72 
55 44 71 0 12 0 1 
0 22 73 25 12 69 
25 17 49 0 0 
0 64 0 99 
0 18 85 
64 0 
19 

#i: 13
0 44 23 43 1 75 23 87 41 0 37 0 30 1 0 68 0 72 57 53 50 88 19 47 14 0 90 17 13 12 0 30 84 22 3 6 8 94 91 80 46 85 0 97 87 
70 47 0 45 95 60 100 74 0 24 68 21 86 0 0 21 0 7 64 84 44 70 37 42 96 73 39 0 64 94 92 34 0 57 0 31 12 0 50 56 91 0 51 11 
20 32 53 0 100 50 69 1 51 35 77 86 0 0 48 37 81 24 0 0 67 60 36 85 0 64 91 52 88 61 16 0 13 2 34 27 1 1 55 9 6 95 81 
53 0 32 43 77 0 62 22 9 47 60 0 9 44 0 0 61 76 5 49 0 45 11 0 38 15 52 0 10 72 42 67 43 23 58 0 4 54 79 7 0 77 
85 5 45 0 0 0 28 69 22 0 18 19 18 82 0 0 10 72 74 98 30 0 70 0 77 54 74 0 82 0 51 88 43 63 0 0 39 71 10 38 0 
21 11 95 55 30 0 86 68 0 86 29 89 21 20 70 1 0 18 12 33 0 0 97 72 62 31 0 26 30 75 63 42 0 3 94 0 30 42 0 3 
43 19 0 64 46 0 0 55 21 0 48 85 40 11 0 40 0 97 0 16 0 9 31 72 0 56 57 48 0 6 0 7 0 49 0 0 19 4 34 
46 35 92 97 0 90 0 0 49 0 18 0 51 96 0 74 11 43 53 58 0 0 0 85 0 53 0 0 54 0 51 36 93 65 53 76 60 0 
57 38 71 17 2 87 33 72 96 29 0 0 50 43 73 79 0 28 61 59 3 48 98 52 85 83 11 69 5 0 50 98 0 68 0 66 3 
48 0 18 58 0 0 36 30 57 17 24 48 0 56 75 86 74 75 98 0 0 27 9 0 0 0 41 70 0 99 62 0 0 5 31 42 
100 93 0 70 0 18 81 84 21 54 36 0 10 67 0 33 4 52 29 0 49 91 31 24 0 96 0 51 23 10 88 0 0 49 63 
4 0 0 100 74 0 76 62 66 52 78 92 75 0 0 37 76 7 40 39 0 20 0 23 13 14 15 13 0 0 56 14 78 22 
4 0 15 39 0 0 98 16 50 12 97 0 55 16 89 0 50 89 10 0 92 15 16 22 3 20 85 53 0 75 86 57 38 
1 86 0 30 92 5 83 74 0 14 81 82 96 11 57 33 73 27 20 49 0 0 59 97 0 12 0 46 88 16 77 99 
55 98 37 29 73 65 37 71 0 93 54 72 39 63 79 65 51 0 54 51 92 0 0 52 50 0 33 93 7 0 39 
54 33 47 0 71 0 89 71 51 6 3 94 0 90 58 0 0 15 45 0 51 83 76 37 0 2 8 80 96 95 
8 0 73 41 91 20 68 42 82 70 92 0 72 9 30 73 87 100 10 92 17 26 0 55 6 0 74 92 32 
2 25 17 44 0 53 77 22 41 0 43 83 32 0 7 10 28 15 75 0 2 30 0 11 56 39 0 33 
44 31 0 2 20 22 0 33 78 0 0 65 37 28 92 0 35 96 85 77 56 28 26 66 82 60 40 
0 89 53 27 0 0 88 85 86 1 28 94 36 94 53 77 24 0 50 58 88 87 0 66 0 0 
26 0 27 50 0 0 17 16 75 94 0 50 63 22 61 0 94 26 61 0 41 42 60 50 37 
0 34 19 0 72 12 78 50 33 0 78 0 22 47 17 45 0 0 65 65 21 92 38 0 
27 0 0 0 21 0 0 53 0 94 28 100 31 33 16 0 92 0 87 59 68 61 39 
0 42 31 15 0 100 28 19 56 52 2 56 26 54 36 0 83 19 78 65 18 41 
0 14 50 13 78 40 0 29 0 5 47 56 0 22 55 91 95 16 90 81 51 
8 35 65 11 84 0 11 40 54 23 92 0 0 91 0 94 29 0 62 62 
44 80 52 80 86 0 89 6 93 94 0 36 35 97 72 95 81 50 7 
7 72 3 0 12 0 97 27 0 75 100 100 47 15 0 48 84 57 
0 95 75 77 0 0 0 0 0 27 44 43 42 97 1 0 0 
65 40 92 63 70 78 38 25 94 53 56 8 42 0 91 0 
13 44 41 37 5 0 89 67 6 35 1 0 88 0 21 
92 20 0 67 56 88 0 24 0 75 33 9 46 62 
0 10 34 0 0 10 0 32 0 27 0 0 47 
0 100 0 32 94 0 28 79 60 99 7 0 
57 35 20 25 65 94 82 0 72 68 36 
48 52 99 61 87 47 74 15 45 0 
0 98 8 80 0 26 0 0 86 
33 36 67 1 81 20 41 7 
0 62 40 31 42 37 61 
33 80 51 85 64 77 
58 6 0 55 94 
9 97 0 19 
33 0 0 
43 86 
77 

#i: 14
0 0 60 56 78 66 0 0 12 35 21 34 0 76 0 0 0 0 9 63 60 7 18 3 43 94 59 19 38 94 43 10 82 95 60 12 32 3 80 40 0 3 4 53 
96 9 41 84 76 45 99 47 0 1 0 85 0 76 1 0 15 43 86 24 0 63 1 0 83 32 0 23 50 22 52 8 52 0 49 89 5 96 54 83 38 33 86 
20 23 0 0 0 0 90 0 15 31 76 61 0 81 43 0 0 0 3 0 40 0 32 70 62 82 81 54 95 70 62 19 0 95 21 22 20 47 42 59 58 29 
48 33 23 38 48 31 88 0 16 87 36 71 1 0 74 0 44 72 23 77 0 0 39 29 17 76 0 70 60 0 0 93 52 90 0 0 96 34 48 62 80 
10 0 0 0 55 91 19 0 40 54 80 35 98 0 17 95 36 94 33 96 59 42 19 97 58 0 0 0 33 57 0 20 88 35 40 80 91 98 0 0 
95 93 57 0 52 47 0 74 27 9 0 0 31 60 28 33 56 0 0 65 39 90 0 15 44 93 12 16 31 83 97 63 22 0 5 68 0 0 25 
64 57 42 87 69 68 5 14 76 47 95 26 56 9 23 51 3 7 80 82 71 0 74 3 22 6 0 0 72 34 55 40 55 28 83 82 43 0 
66 0 0 0 74 82 75 0 50 0 0 40 0 49 76 23 5 9 46 57 0 37 15 0 37 99 27 16 66 98 66 10 7 98 39 50 52 
73 0 0 56 0 0 19 0 57 87 99 0 0 72 52 74 17 62 35 79 91 71 39 14 41 19 56 0 0 46 10 0 0 41 48 0 
0 54 0 39 86 48 0 29 80 57 0 0 29 44 14 10 51 0 93 0 40 53 0 0 71 97 91 61 24 0 25 0 17 0 59 
85 73 92 0 89 23 82 0 18 35 94 0 4 16 70 52 11 99 0 3 0 95 0 0 76 31 55 0 12 77 67 47 0 8 
0 0 94 51 96 58 74 0 34 17 81 50 0 45 20 74 74 64 0 55 53 63 62 25 0 71 98 0 91 34 40 0 17 
0 53 74 20 0 0 0 81 16 78 0 71 11 39 9 0 52 6 68 29 72 46 0 29 67 24 63 98 92 85 40 96 
3 5 10 73 36 95 48 0 0 4 0 21 6 42 75 0 47 34 79 0 0 90 66 77 0 12 73 0 0 0 23 
0 95 65 92 57 0 26 0 90 8 0 0 65 95 0 9 40 0 40 0 0 42 0 4 0 95 0 15 0 44 
27 1 63 0 93 0 0 0 50 25 4 18 0 75 51 0 19 45 63 0 82 83 8 56 0 65 0 0 84 
6 0 15 65 65 0 87 0 0 69 0 82 96 0 81 15 65 37 0 0 18 85 55 56 0 95 0 0 
0 11 0 0 0 34 72 19 0 10 0 0 8 0 28 80 66 1 74 93 40 51 54 45 0 0 81 
17 71 35 0 53 70 56 20 0 66 44 26 54 61 74 59 31 40 0 75 0 28 22 43 59 87 
0 0 24 25 80 27 88 0 60 12 25 55 82 2 22 0 47 0 61 69 68 6 73 97 59 
0 0 55 93 51 24 87 83 23 41 5 28 91 79 71 0 57 90 5 14 49 52 54 40 
41 17 13 6 0 0 30 27 42 38 42 0 75 0 55 16 21 42 77 64 97 3 66 
80 9 0 84 0 80 0 86 18 11 23 89 0 61 29 42 92 23 0 65 0 37 
30 79 32 80 43 28 44 0 26 17 80 95 90 35 48 0 9 0 0 0 88 
0 41 51 99 0 75 83 66 99 0 96 23 0 54 62 0 34 0 14 57 
0 0 0 36 20 88 65 36 0 0 0 0 0 14 67 84 16 7 75 
86 90 58 2 48 82 15 55 96 8 69 0 9 26 0 0 0 23 
3 23 0 1 97 10 63 78 96 87 0 43 0 58 35 0 60 
90 0 5 0 69 8 43 59 100 0 15 61 60 90 50 47 
21 31 79 7 67 35 0 0 46 59 28 69 99 54 14 
15 69 0 0 90 28 0 34 74 0 21 86 0 20 
0 56 55 0 27 88 0 55 100 90 21 0 1 
20 0 8 2 55 0 33 73 55 51 37 95 
0 0 25 47 0 0 61 0 3 88 32 
66 0 3 64 49 26 22 13 38 88 
9 33 0 91 55 12 84 13 0 
7 9 74 65 25 31 2 5 
0 67 0 0 1 28 0 
0 0 89 0 32 6 
2 0 4 45 24 
0 0 8 46 
0 46 42 
80 91 
0 

#i: 15
0 0 0 0 43 7 70 0 65 92 58 0 71 78 39 46 0 16 0 7 0 52 0 0 0 51 97 27 42 30 49 43 0 92 62 72 0 6 9 50 63 3 66 
10 0 0 37 56 0 27 30 5 82 29 0 0 78 0 0 4 0 75 75 0 66 29 62 48 2 0 30 89 7 25 0 42 1 67 5 83 65 73 0 0 55 
58 92 0 0 0 61 14 70 44 63 35 50 81 0 79 52 65 12 0 16 31 0 54 0 0 51 65 0 98 31 58 65 21 24 68 62 99 57 1 68 75 
76 61 5 12 0 0 0 67 41 1 0 18 0 0 96 0 72 0 31 11 0 0 0 26 27 78 67 63 14 39 88 0 100 78 99 0 0 74 73 0 
0 0 80 47 9 87 98 79 2 33 7 94 41 24 14 0 76 0 0 0 0 10 19 53 7 85 39 0 90 60 27 12 20 37 65 56 0 8 41 
18 57 14 91 20 0 79 72 72 27 12 73 28 15 65 17 19 0 24 0 0 98 41 13 0 98 51 0 0 80 87 0 30 14 0 0 86 0 
91 44 38 0 92 0 90 53 58 36 34 21 82 88 75 94 0 48 75 12 79 20 0 0 0 82 27 84 32 55 0 44 62 0 1 0 0 
0 17 68 0 76 96 76 50 42 60 0 48 58 40 51 48 0 22 28 20 35 16 64 5 61 56 42 71 0 18 73 4 95 90 32 15 
52 27 57 99 53 52 54 96 47 93 92 99 0 74 44 95 18 25 97 37 2 16 83 0 0 68 4 42 0 0 94 0 43 74 0 
88 25 0 0 0 44 33 81 86 38 12 0 18 48 39 0 0 1 90 32 94 0 0 78 30 0 39 50 45 14 0 60 58 36 
82 74 0 0 0 34 0 0 57 68 80 76 3 18 63 87 42 98 12 47 38 31 0 34 60 42 78 0 0 99 30 3 69 
0 15 40 88 0 53 20 0 0 6 0 69 20 65 69 67 81 40 1 0 49 65 72 0 47 24 19 0 58 49 12 100 
19 41 53 78 96 41 0 33 61 14 0 25 14 0 0 45 0 95 79 0 0 31 0 0 37 40 37 35 0 0 0 
0 0 82 63 22 12 0 2 26 0 9 75 0 37 8 0 90 83 66 83 68 79 74 0 77 0 23 26 69 19 
0 65 0 74 66 11 63 37 11 25 10 0 32 0 48 80 64 0 0 88 0 43 13 23 78 68 0 20 19 
0 0 17 85 52 7 49 53 49 80 2 33 6 54 0 0 21 35 0 63 0 91 38 66 5 14 91 95 
58 73 0 9 52 0 0 0 54 0 90 13 0 45 0 23 0 99 0 0 77 97 81 0 26 77 0 
0 24 17 50 84 0 0 64 11 67 58 93 15 97 20 25 0 66 58 34 32 9 42 0 0 0 
46 46 86 48 3 46 96 14 76 0 0 55 35 41 53 0 0 0 66 47 3 78 56 0 47 
31 25 0 0 0 0 8 0 25 93 0 94 36 0 52 0 0 100 0 32 45 19 98 0 
38 12 36 36 48 69 0 2 9 0 27 0 44 97 0 9 98 16 90 0 3 65 95 
0 9 78 98 0 87 93 15 0 95 72 47 85 45 90 88 48 0 0 36 56 0 
90 78 54 16 0 55 46 0 94 0 0 31 53 0 0 13 36 0 0 0 63 
0 0 52 36 0 54 25 12 74 6 80 17 85 21 0 50 81 0 75 51 
37 7 31 64 38 0 55 15 0 69 18 0 88 78 98 46 78 94 80 
3 0 10 44 0 40 28 92 43 55 14 73 49 50 95 5 98 54 
8 59 0 66 0 57 31 52 7 52 48 38 90 72 66 0 85 
96 66 48 60 8 42 3 0 26 31 86 92 0 0 0 49 
12 79 9 61 10 90 89 16 0 10 98 93 0 53 55 
0 0 100 79 67 64 0 17 71 80 0 18 90 7 
66 18 0 0 48 56 68 0 52 7 53 94 0 
59 51 13 34 45 74 6 0 6 20 57 9 
0 26 0 78 81 52 73 0 48 22 71 
0 18 73 89 52 10 12 26 55 19 
87 18 59 43 82 59 0 0 72 
95 90 89 0 50 71 100 0 
64 37 0 63 51 60 23 
70 2 28 46 95 2 
0 23 0 43 16 
23 23 60 31 
77 0 39 
0 17 
15 

#i: 16
26 66 77 94 91 0 4 41 21 19 83 8 1 0 64 44 0 74 0 77 36 78 71 19 0 0 73 0 42 43 78 35 70 6 91 28 12 80 0 51 10 0 
25 82 0 44 0 84 7 0 0 68 0 0 26 0 63 28 0 0 79 60 23 0 0 70 79 0 36 48 0 12 12 20 0 0 0 98 11 65 55 59 35 
89 0 69 47 83 45 26 19 69 71 8 60 41 83 65 51 74 0 0 45 21 32 26 33 50 22 21 0 39 35 0 0 9 0 69 79 9 0 13 85 
3 60 59 0 34 38 55 46 0 60 78 12 68 8 0 72 47 86 31 0 46 0 59 54 72 0 0 0 0 3 96 86 65 49 59 0 91 0 0 
40 38 28 55 83 0 77 96 55 88 2 69 39 0 0 62 0 35 42 59 0 7 0 16 21 99 72 91 34 91 0 84 0 4 9 15 6 62 
79 67 0 0 24 36 57 73 0 83 43 90 0 0 83 90 8 91 61 0 97 0 20 59 60 0 61 18 68 0 52 29 6 0 67 64 0 
61 0 27 0 51 9 65 0 0 5 26 80 0 62 24 45 4 0 68 92 0 17 32 0 96 13 1 49 0 21 71 49 62 3 32 0 
61 70 14 14 97 0 80 7 28 46 69 0 89 0 21 22 26 9 74 0 60 0 16 0 38 74 47 53 69 94 30 0 0 0 86 
9 0 80 38 19 99 6 58 8 7 0 0 0 27 26 3 33 0 34 79 80 80 46 0 96 0 38 0 2 0 53 24 0 84 
0 82 7 5 0 62 48 42 14 0 0 0 41 0 8 0 0 81 88 38 13 75 21 43 33 3 54 0 24 31 56 52 24 
46 0 24 0 80 77 0 8 23 14 51 75 23 60 37 46 24 54 78 63 86 12 41 33 0 66 39 68 17 2 17 80 
0 3 77 11 34 68 88 81 0 77 77 75 1 67 0 0 0 27 18 25 59 0 77 38 0 0 3 0 87 43 49 
55 86 0 13 28 0 82 30 20 19 97 5 0 26 41 52 0 85 74 16 15 74 61 0 14 0 65 26 30 80 
0 37 22 0 32 41 18 10 0 66 2 69 14 33 39 0 34 26 0 46 0 6 91 0 54 54 48 0 77 
77 0 82 34 77 50 77 64 6 62 0 36 21 59 70 55 0 69 9 46 85 10 39 58 52 62 98 20 
32 65 11 50 5 20 27 0 0 41 8 5 0 0 33 18 0 15 58 83 6 12 16 88 82 1 0 
18 0 100 27 26 0 37 0 0 31 5 24 0 87 27 0 6 47 0 87 1 0 75 74 31 67 
67 0 33 0 78 61 0 0 0 55 52 0 11 2 83 68 76 21 83 44 85 87 0 74 7 
0 95 0 0 54 99 0 70 76 63 59 66 39 100 31 82 31 31 62 70 41 83 63 0 
12 19 84 14 79 76 58 0 0 85 38 53 19 76 83 90 86 0 79 27 52 0 53 
58 84 0 2 34 53 35 46 83 31 47 0 0 100 4 18 68 12 52 0 76 48 
39 56 31 66 61 90 20 0 37 67 43 0 25 23 21 0 0 96 93 0 0 
0 43 95 0 54 26 80 29 93 100 24 65 2 56 41 38 48 4 0 1 
87 33 70 93 83 85 16 45 0 0 8 0 39 93 35 56 58 84 35 
0 0 0 22 0 4 0 15 0 0 67 51 0 0 27 71 0 19 
39 84 19 0 39 98 31 0 54 83 74 0 67 0 92 52 7 
45 86 86 53 0 0 72 65 34 52 70 27 5 57 0 56 
72 61 85 30 34 19 0 20 46 85 59 6 0 0 16 
100 0 40 0 22 89 51 23 0 66 26 31 21 91 
81 70 0 36 0 31 58 0 55 22 0 5 51 
0 39 79 42 2 29 0 20 57 7 3 100 
0 35 63 86 33 0 31 90 6 8 58 
0 66 45 85 87 0 25 0 3 53 
0 82 49 55 0 71 35 0 18 
0 59 46 0 27 36 94 34 
0 73 24 45 24 30 0 
50 34 90 71 46 90 
94 49 63 60 72 
0 47 0 53 
0 90 75 
99 29 
76 

#i: 17
31 40 76 67 19 31 0 61 7 0 20 44 85 58 0 55 75 30 45 67 96 0 23 11 0 87 48 0 70 0 43 88 12 89 64 49 95 9 60 0 30 
0 52 83 65 52 13 0 52 72 0 0 0 100 41 51 51 0 0 1 85 0 22 16 0 5 45 73 86 42 82 0 65 0 63 0 0 0 40 8 0 
54 0 51 0 0 0 26 0 0 65 4 8 60 48 0 0 78 58 18 39 20 81 50 0 41 0 38 0 22 46 19 54 15 89 76 14 26 32 36 
0 21 23 0 67 81 40 65 29 19 1 2 87 20 0 0 0 0 89 33 90 42 56 64 0 0 0 55 48 1 15 0 89 62 0 21 0 0 
85 12 22 0 76 45 47 0 60 37 68 60 13 28 51 0 68 48 33 95 77 50 83 10 12 69 0 33 100 13 0 73 92 0 36 70 0 
63 5 85 93 74 68 0 0 5 64 0 0 68 87 37 78 0 51 63 32 8 0 0 72 77 20 10 71 75 45 0 31 27 69 30 15 
0 87 0 27 63 31 36 49 58 66 100 37 0 72 95 62 79 92 0 25 35 0 74 12 0 0 36 17 15 0 59 11 80 0 5 
81 38 43 50 0 4 77 79 47 21 33 0 75 0 44 0 24 16 0 29 98 2 0 22 0 1 79 41 55 0 0 87 19 57 
0 0 26 41 32 54 47 33 15 82 19 0 1 0 0 74 0 0 90 89 26 43 0 29 9 66 15 76 0 4 0 90 0 
3 0 8 66 10 0 15 85 77 0 1 76 9 71 1 0 51 0 86 85 1 2 66 71 94 11 91 9 56 17 8 43 
75 2 8 41 0 30 91 0 0 56 42 0 71 58 54 37 0 65 0 0 66 54 15 84 0 42 99 19 4 34 78 
60 0 0 58 0 44 55 17 14 58 26 81 94 44 29 0 36 9 28 3 31 40 0 19 40 59 0 26 76 0 
0 76 0 0 69 48 28 0 48 0 0 99 54 0 45 0 42 80 55 91 0 17 98 74 81 4 50 66 80 
0 21 35 1 56 13 22 10 12 90 41 14 61 0 27 100 85 56 50 89 0 28 76 37 40 63 95 0 
75 0 0 32 94 0 52 51 0 21 87 70 0 72 0 79 43 50 33 60 61 90 0 79 70 91 19 
8 63 95 7 65 0 48 53 30 3 61 14 66 78 0 0 34 98 79 54 36 49 56 0 0 17 
0 90 0 44 0 50 67 45 72 99 78 76 0 42 0 0 0 90 31 0 21 0 34 74 65 
90 0 66 0 42 33 95 56 79 56 22 36 51 0 65 47 4 13 0 82 0 8 21 11 
72 92 0 0 93 4 53 30 81 8 41 87 83 21 96 0 25 65 59 15 68 84 0 
31 77 69 77 47 64 41 62 87 16 80 75 11 84 0 14 55 0 0 36 26 71 
0 71 0 16 56 37 0 71 6 42 0 62 82 31 73 2 0 0 80 84 96 
0 52 81 71 0 21 100 80 0 60 62 49 40 36 0 40 1 6 66 16 
32 84 38 20 0 9 0 0 79 95 36 6 95 21 87 0 95 0 0 
43 41 0 53 47 57 3 83 57 33 10 0 54 25 0 22 0 79 
14 26 3 13 96 0 9 0 86 39 0 15 83 9 24 9 81 
74 5 68 43 1 28 94 50 69 0 9 0 98 0 62 54 
25 82 81 0 47 77 66 0 39 0 47 20 35 87 0 
32 0 61 72 89 88 20 22 78 99 3 0 24 69 
52 61 34 0 70 92 20 3 0 0 0 1 28 
0 85 0 55 86 24 44 0 76 24 67 67 
0 85 27 58 0 0 43 0 0 18 0 
0 75 70 96 23 56 65 75 2 65 
57 2 29 0 3 0 0 41 30 
67 55 39 0 59 76 25 0 
100 0 0 86 34 56 14 
76 68 23 63 55 84 
49 79 43 47 61 
45 94 12 0 
0 36 95 
86 50 
20 

#i: 18
87 7 38 96 59 0 64 69 23 0 29 0 84 54 62 0 24 65 92 47 61 69 95 61 18 0 0 48 38 21 88 15 0 0 76 0 60 71 0 85 
47 0 96 58 80 0 26 21 40 0 9 7 6 0 0 2 72 92 75 33 0 8 70 0 96 0 14 75 33 31 82 0 38 98 0 33 1 17 62 
0 95 34 47 36 0 0 54 51 19 0 0 95 0 0 28 0 85 8 0 85 11 22 85 34 72 0 0 22 37 3 0 0 0 0 0 0 82 
0 18 38 55 0 26 80 1 0 59 86 0 0 36 32 0 0 96 98 55 26 26 97 10 33 1 63 77 59 0 58 85 12 87 90 0 11 
96 18 54 26 98 72 75 64 0 18 60 0 33 0 57 53 46 0 9 13 93 85 75 18 64 15 7 22 57 0 75 32 51 4 81 74 
19 2 0 37 70 94 29 50 70 0 0 85 100 70 60 48 0 0 69 0 26 22 64 97 39 75 51 0 51 42 100 0 97 86 38 
67 0 19 67 5 0 89 0 36 91 54 41 0 0 74 0 86 0 71 31 0 35 29 34 41 18 0 11 77 85 0 57 62 0 
92 11 94 47 0 93 0 65 26 0 92 14 0 93 0 0 86 6 27 11 69 49 30 42 0 57 50 58 52 96 0 0 28 
0 0 50 0 16 0 56 61 0 50 14 50 72 0 0 41 24 0 34 39 39 79 0 58 53 0 58 61 35 56 1 29 
64 97 20 97 76 15 87 47 0 49 0 0 75 41 0 0 38 40 62 97 0 59 0 47 0 50 0 0 0 0 15 
70 0 51 0 6 16 83 50 0 19 74 0 96 49 13 77 10 30 51 46 8 88 35 5 0 0 88 97 0 58 
72 87 85 0 0 40 73 0 43 0 3 0 54 45 0 0 55 71 0 0 0 35 0 61 2 81 60 0 55 
30 0 0 87 13 0 0 0 100 45 56 0 89 85 23 60 0 6 0 36 0 67 46 0 0 50 79 92 
64 0 96 50 48 0 39 0 89 42 28 7 32 59 0 96 57 0 81 59 0 24 0 45 96 75 92 
30 25 14 27 20 21 33 20 0 76 26 0 59 0 42 33 0 20 31 13 50 45 96 1 37 43 
0 91 25 27 0 22 92 0 70 69 0 49 60 63 55 79 0 15 50 79 0 36 0 5 0 
0 29 0 46 0 17 77 29 10 99 36 74 37 0 72 0 45 99 8 12 0 0 76 8 
51 11 0 66 8 24 0 80 0 0 12 38 0 20 0 92 94 20 84 62 0 0 72 
64 0 0 49 0 29 0 0 0 8 0 91 49 47 45 61 98 67 40 86 0 39 
0 46 30 97 72 0 59 98 79 0 82 100 89 65 43 74 95 80 0 89 10 
27 45 0 13 25 83 0 0 42 93 0 0 63 41 78 0 13 78 31 0 
78 0 31 68 71 72 34 90 35 0 30 36 0 62 18 90 0 0 0 
70 7 0 53 76 18 24 0 0 13 67 52 0 86 95 0 19 57 
0 100 0 29 27 84 0 82 31 87 39 65 91 27 11 2 0 
8 41 96 19 71 99 52 68 62 36 8 75 50 97 92 16 
37 9 0 0 0 0 100 30 0 74 7 43 74 92 81 
80 0 0 0 34 52 56 10 0 98 0 32 62 23 
77 5 0 49 63 47 3 81 86 35 33 69 0 
89 1 57 47 41 57 47 25 16 40 23 56 
80 0 47 0 34 70 0 17 38 99 0 
0 71 97 19 77 85 0 65 35 74 
0 35 21 23 0 55 24 0 14 
62 56 94 99 43 0 19 49 
21 67 71 26 0 52 66 
93 89 23 38 6 29 
42 56 34 0 28 
0 0 55 29 
0 85 92 
28 43 
0 

#i: 19
39 0 6 44 43 0 71 0 1 0 20 31 4 48 88 26 100 85 87 18 73 26 7 0 77 70 4 34 24 75 81 24 12 81 0 75 23 4 28 
89 8 0 21 83 96 77 98 10 39 68 63 0 39 41 83 32 68 84 38 34 90 0 1 98 0 14 21 0 0 0 0 0 0 32 68 55 86 
46 10 0 26 54 62 88 0 92 0 17 26 44 70 0 0 34 51 80 55 43 0 0 0 40 7 0 97 0 9 4 0 82 0 12 41 0 
31 46 83 0 85 0 32 17 45 40 80 86 20 0 84 39 1 77 75 5 45 0 71 81 42 91 47 0 70 0 67 0 90 0 42 42 
100 4 13 100 0 63 59 71 84 53 56 0 81 91 85 30 15 68 19 33 29 99 29 43 82 24 35 37 30 44 36 37 69 93 71 
62 0 33 80 0 16 11 0 89 75 32 34 76 0 0 14 0 0 19 61 8 0 54 44 0 0 0 86 94 32 42 78 6 0 
50 4 34 72 60 30 0 40 0 39 81 39 0 93 0 25 59 0 84 5 0 25 100 0 8 17 80 57 97 90 19 0 23 
81 44 0 67 81 37 0 55 87 84 79 0 90 80 0 70 57 18 0 89 0 46 31 0 73 79 82 92 64 58 38 64 
92 0 39 39 0 56 61 0 75 20 0 0 0 0 0 50 33 76 53 42 43 0 67 48 53 70 51 1 12 4 16 
69 93 22 22 47 77 0 69 0 0 57 31 5 0 79 0 0 89 3 90 92 92 0 22 0 34 56 0 77 40 
49 0 89 81 31 55 5 6 16 9 58 98 63 0 41 0 81 0 0 74 81 70 47 0 57 58 68 16 80 
70 61 0 88 0 56 5 0 39 71 0 40 0 15 0 0 50 55 0 0 63 0 48 94 48 23 88 50 
0 1 22 28 67 22 94 0 31 18 0 0 0 22 0 54 0 95 26 79 92 39 0 11 0 45 80 
49 0 0 89 60 0 55 2 62 45 8 79 69 79 37 80 86 79 36 90 63 0 2 79 53 100 
0 39 65 0 63 83 33 23 57 32 85 0 54 32 0 0 20 0 57 0 39 23 0 0 0 
96 0 68 0 0 47 28 17 0 0 21 86 81 0 40 74 65 10 40 5 0 84 0 90 
36 37 16 96 0 37 21 0 22 96 49 0 33 0 84 85 0 15 56 84 0 46 21 
0 34 68 15 1 0 13 88 0 34 80 96 5 63 65 55 37 69 86 36 67 0 
45 48 24 59 57 31 0 80 0 36 0 86 86 100 79 75 47 0 0 16 0 
0 58 40 78 0 0 45 77 0 62 0 71 80 48 90 0 48 30 75 9 
23 34 19 82 27 18 63 45 31 0 12 44 17 5 0 26 86 7 0 
90 1 45 45 35 0 52 53 26 63 21 47 75 0 90 0 35 81 
50 4 7 8 0 60 46 37 84 95 26 10 81 6 82 45 47 
80 88 20 0 69 21 75 0 64 99 99 60 92 52 34 0 
65 33 98 49 88 0 54 11 0 82 94 16 81 61 0 
7 94 8 50 0 0 20 60 53 79 0 0 88 0 
100 31 37 4 71 88 97 90 41 0 0 4 50 
0 2 7 0 51 74 57 8 15 0 44 28 
0 70 71 50 82 13 0 1 1 61 22 
30 23 0 0 51 64 68 13 67 81 
70 49 39 18 83 69 29 36 0 
0 13 0 97 81 0 23 25 
47 86 31 54 71 76 54 
85 21 15 19 15 84 
39 41 58 16 98 
1 0 54 0 
50 59 6 
0 80 
34 

#i: 20
57 36 22 0 90 14 72 0 0 65 9 74 75 0 50 0 49 0 86 0 19 0 19 18 0 52 13 0 28 3 19 0 15 0 0 57 54 76 
0 82 45 39 11 39 72 0 0 58 57 71 0 79 89 0 40 100 17 78 0 22 0 0 27 1 0 10 0 1 52 27 43 0 0 88 100 
19 97 3 0 16 94 66 26 12 0 93 8 35 2 70 0 25 20 0 26 60 33 52 54 92 0 9 71 40 91 0 87 43 0 72 68 
6 46 21 77 0 0 52 31 68 4 66 6 0 65 0 33 3 40 52 82 5 47 33 87 12 67 47 15 75 30 0 31 0 40 0 
87 1 0 61 44 58 12 95 3 0 43 59 16 65 64 0 76 20 81 99 15 26 63 72 0 0 78 0 58 55 45 37 80 55 
0 75 58 78 0 66 0 4 0 38 54 77 35 35 0 0 33 100 40 0 32 0 0 65 44 20 0 11 85 86 20 0 0 
47 26 53 79 37 21 0 47 4 70 54 12 96 0 0 95 25 19 61 80 3 40 7 71 0 7 70 75 87 44 77 66 
0 53 66 55 97 37 0 73 0 0 20 64 0 93 89 0 56 14 0 0 74 43 23 21 86 94 0 0 27 96 6 
0 0 24 17 0 66 34 25 60 77 73 89 59 61 48 0 69 37 95 61 45 62 84 68 90 0 44 13 58 0 
56 100 81 59 12 37 0 0 57 70 44 65 0 65 59 0 19 23 41 97 0 16 0 88 13 27 46 0 22 
5 18 0 85 25 88 15 89 80 44 0 0 69 79 18 0 29 0 70 61 11 73 94 89 65 0 97 18 
25 0 42 89 97 43 11 49 27 14 88 15 91 79 0 0 18 77 22 80 89 19 0 0 70 74 78 
19 68 4 22 0 48 65 38 81 7 0 96 69 46 0 25 19 19 41 0 78 32 0 23 25 90 
0 41 84 0 54 36 67 65 0 52 5 30 53 32 36 0 13 0 0 61 62 10 32 87 82 
0 0 0 12 98 9 31 21 58 23 24 99 95 3 0 66 14 40 95 90 69 11 13 60 
0 23 42 48 99 21 84 95 41 0 0 0 29 29 86 77 0 0 12 44 63 17 82 
43 75 56 60 38 0 17 27 50 56 26 88 69 90 0 63 0 38 0 82 87 3 
0 4 47 10 57 0 85 88 0 82 10 80 0 63 89 0 0 15 60 52 0 
0 70 1 0 0 20 0 80 95 57 41 64 89 0 0 10 70 79 70 14 
80 0 39 65 84 10 95 4 5 82 63 96 0 87 70 43 0 27 30 
99 65 38 73 87 74 0 0 33 15 17 20 34 94 84 0 49 54 
0 94 44 37 27 12 58 19 59 16 1 0 56 39 50 18 34 
20 77 79 50 0 91 52 3 75 1 32 0 53 99 18 0 
43 14 88 46 65 60 0 91 84 0 4 23 91 86 48 
1 78 40 50 63 91 0 89 96 0 55 0 34 90 
68 9 58 100 0 0 20 27 65 64 61 2 1 
42 67 16 56 38 76 56 49 0 18 14 84 
46 0 7 18 68 74 45 0 55 88 22 
0 76 56 77 44 21 80 58 23 0 
25 97 26 16 10 58 0 1 25 
0 0 76 92 44 62 53 0 
36 0 94 44 33 0 0 
85 97 5 0 21 27 
54 43 0 22 58 
10 78 31 67 
0 0 0 
40 0 
21 

#i: 21
40 81 0 20 83 32 14 79 82 82 0 34 55 57 0 99 44 0 100 0 42 57 57 44 42 66 39 55 32 0 0 34 0 0 60 50 19 
9 46 25 53 57 78 69 0 0 43 0 0 0 22 17 0 49 9 45 99 20 99 37 37 0 85 34 41 57 32 61 21 0 0 72 6 
0 29 15 85 12 78 69 35 48 0 0 58 89 95 9 29 68 12 62 27 0 36 36 25 19 80 67 64 94 0 37 3 0 0 29 
0 98 62 76 62 41 41 0 67 0 12 0 74 99 0 0 8 47 28 0 0 44 2 11 78 98 60 86 36 0 0 57 84 0 
98 55 73 0 65 58 29 12 78 48 0 14 15 33 29 53 45 15 81 61 0 28 63 89 43 48 45 65 85 18 75 62 0 
53 0 69 75 76 57 0 91 0 70 26 7 53 42 47 92 0 0 43 0 4 67 0 0 33 75 39 0 74 0 0 78 
71 76 9 0 88 0 80 12 10 18 44 89 33 23 84 0 66 0 39 35 29 7 91 0 9 0 31 85 56 0 65 
72 0 63 6 71 84 43 97 67 0 0 54 55 0 67 7 0 94 0 90 59 2 26 26 50 40 0 0 45 0 
73 21 79 81 39 36 82 4 13 75 5 33 9 0 2 55 100 24 63 61 53 0 16 47 76 52 4 3 0 
11 38 48 0 77 59 12 0 0 0 27 0 1 3 45 74 24 0 50 12 0 68 17 94 43 53 58 89 
16 42 0 8 5 10 0 37 97 2 97 0 89 44 55 35 89 61 0 0 56 41 100 38 48 99 0 
59 31 89 44 59 0 46 17 0 0 87 0 7 85 0 59 0 27 62 30 61 3 6 48 93 0 
88 0 65 56 99 40 16 23 67 0 0 0 77 31 99 38 30 47 36 61 28 28 59 4 26 
0 83 64 0 4 80 44 91 0 53 94 23 84 34 26 45 0 43 27 0 0 0 89 50 
47 5 0 81 0 35 60 0 71 0 32 0 15 84 96 0 7 28 69 75 75 40 0 
0 10 94 76 97 80 0 59 79 26 97 0 22 94 90 0 93 27 36 1 99 49 
0 76 63 52 0 10 89 100 0 59 0 37 88 0 94 0 0 98 12 0 82 
11 18 0 16 89 0 65 18 55 0 33 39 100 99 20 36 71 0 60 0 
90 17 58 0 49 0 69 92 2 35 0 14 5 15 85 43 0 0 0 
34 0 31 15 90 46 17 70 0 34 15 86 13 69 5 89 4 0 
85 60 7 79 25 95 0 0 15 0 9 64 26 17 99 0 16 
9 62 62 39 62 0 79 65 99 33 2 0 6 0 39 94 
73 0 0 64 0 37 23 73 0 40 0 70 35 49 39 
7 59 15 32 30 21 12 89 26 89 0 100 17 3 
0 55 61 65 95 94 17 6 51 70 0 31 0 
0 52 65 15 55 47 89 99 19 61 0 37 
32 27 37 0 0 63 0 54 0 0 64 
0 95 13 38 28 86 84 45 99 83 
76 0 61 80 20 81 0 78 42 
9 0 18 94 42 0 49 16 
70 92 3 97 54 34 15 
25 22 92 74 50 85 
54 14 79 56 47 
7 86 35 0 
15 0 70 
7 24 
71 

#i: 22
41 0 0 10 0 94 74 0 0 5 31 53 43 96 79 0 69 32 86 0 81 57 33 27 10 0 98 10 0 33 24 0 0 0 86 59 
72 97 65 0 77 89 44 30 80 0 0 0 100 11 0 5 0 72 24 19 0 0 45 73 76 0 0 74 44 30 6 30 97 90 0 
14 44 14 0 0 26 54 98 75 4 96 58 83 0 33 25 0 65 95 38 39 0 49 67 28 100 71 0 93 6 13 0 45 82 
73 56 48 67 93 0 0 73 5 77 0 85 34 94 64 63 64 63 87 22 62 23 33 77 84 66 84 10 0 0 22 59 40 
47 99 0 87 43 0 0 79 70 11 0 26 72 57 52 0 0 13 99 41 96 54 53 43 0 68 68 51 64 0 67 42 
78 75 0 0 45 51 43 0 0 0 7 0 30 7 99 0 61 89 79 52 0 0 94 0 0 0 0 11 80 39 86 
0 96 23 100 46 0 0 87 54 0 0 8 0 44 34 90 0 18 6 0 31 100 58 60 100 29 11 4 6 0 
0 22 36 39 23 0 81 0 3 43 16 0 84 0 0 0 3 100 0 66 52 71 0 47 54 61 73 41 51 
33 13 74 73 0 21 44 0 36 1 18 77 85 28 0 0 55 16 98 98 40 47 0 66 0 4 48 98 
0 17 0 59 79 41 32 8 0 69 50 0 0 49 0 46 0 31 0 56 37 73 4 97 0 56 64 
74 66 48 28 0 61 56 10 17 0 89 3 30 0 71 72 96 98 58 0 50 83 69 27 5 0 
55 33 81 44 5 0 0 32 12 12 1 35 67 67 52 1 77 71 6 76 0 52 95 1 52 
19 92 9 40 8 19 0 0 19 91 67 12 87 26 0 77 18 76 39 0 80 34 79 56 
0 24 99 84 22 73 0 59 87 0 77 46 67 27 73 28 6 38 27 6 0 94 72 
67 37 0 65 0 85 15 8 0 59 91 35 20 0 60 22 52 19 4 53 75 23 
75 10 0 24 33 15 52 98 34 61 75 15 7 19 0 0 39 86 66 26 0 
28 61 27 30 83 18 33 74 59 0 0 55 30 0 77 89 33 0 94 59 
0 37 72 76 11 23 21 76 45 89 69 57 83 0 26 0 75 0 21 
82 4 68 15 83 40 0 31 42 6 92 66 36 11 5 52 8 0 
55 40 0 0 20 0 0 11 23 80 0 0 92 22 0 0 37 
67 50 4 36 0 93 13 0 56 0 36 78 0 15 0 64 
31 41 0 55 0 28 30 81 60 0 24 37 87 67 0 
43 28 24 0 95 37 38 83 97 52 0 0 37 10 
66 72 39 78 95 24 92 15 33 42 54 57 68 
75 0 0 60 29 42 76 0 0 95 25 61 
37 47 13 4 77 17 0 41 100 95 77 
72 76 0 22 52 0 40 35 51 23 
67 0 84 0 26 0 57 0 53 
0 8 66 37 0 0 0 11 
76 73 22 0 55 83 0 
94 23 18 33 41 94 
76 0 77 73 56 
65 22 82 8 
45 68 97 
97 40 
55 

#i: 23
0 98 56 11 37 40 55 0 65 76 94 59 15 0 8 45 0 0 27 0 57 53 81 0 62 79 45 94 0 54 75 0 67 59 47 
0 34 59 77 0 46 31 73 27 22 24 0 0 8 22 0 49 67 0 70 17 26 54 58 0 80 0 17 47 8 3 72 0 41 
96 23 0 2 68 32 92 16 0 79 68 50 86 30 65 0 79 26 46 76 68 22 0 23 68 88 75 64 72 82 0 97 31 
43 0 89 30 0 29 67 27 54 66 15 0 57 30 0 74 56 54 0 58 97 0 70 95 40 35 7 87 77 63 0 0 
11 60 0 16 0 59 0 78 16 52 82 0 0 2 56 0 58 37 23 55 0 37 80 37 58 37 10 96 78 40 0 
60 91 91 31 24 55 42 26 18 64 11 35 28 21 86 0 0 65 50 3 0 78 6 0 73 95 1 12 0 67 
0 26 81 0 46 74 0 58 28 36 10 18 0 27 89 78 0 34 38 0 67 84 90 71 76 83 82 84 75 
0 11 17 100 0 44 0 90 10 25 100 39 11 92 33 30 0 0 14 0 91 25 23 41 35 67 0 53 
24 51 0 55 57 96 23 0 0 33 35 72 0 8 10 56 86 100 52 3 42 17 24 46 41 8 87 
47 1 46 65 0 0 8 100 0 0 47 89 8 30 51 10 3 68 0 88 83 53 0 0 30 0 
15 39 82 82 56 17 35 50 38 53 57 84 88 0 87 0 52 90 43 31 0 73 9 76 0 
70 85 0 56 48 0 87 25 4 61 35 0 74 0 55 33 4 88 54 0 26 75 0 76 
91 98 5 54 59 76 33 15 40 5 56 73 44 0 0 25 43 78 37 56 41 60 15 
57 46 96 73 27 92 96 11 100 14 40 44 0 20 100 55 53 99 20 98 24 77 
75 5 76 60 30 80 23 45 70 23 28 73 0 0 58 0 54 81 36 25 5 
0 17 8 28 46 35 85 0 40 73 10 34 0 38 12 57 0 12 93 81 
38 76 41 50 23 68 51 0 80 39 49 0 98 7 80 64 66 8 62 
71 19 0 63 10 6 93 47 28 67 0 38 56 60 23 0 79 20 
39 0 64 22 31 88 34 11 0 45 13 67 51 26 72 0 83 
19 17 0 13 36 80 0 43 0 35 96 7 16 0 23 89 
17 0 88 23 93 17 58 55 0 41 49 0 82 7 72 
0 48 64 74 0 53 8 60 85 0 82 47 0 58 
36 0 2 0 0 54 20 14 5 21 0 0 68 
0 4 45 80 86 0 50 0 28 0 0 28 
10 0 0 0 28 0 54 20 49 90 41 
46 93 67 38 0 31 80 94 20 74 
0 40 3 11 98 20 96 9 19 
0 23 81 47 70 39 74 82 
0 56 96 89 98 0 0 
61 24 99 4 75 0 
0 88 0 32 0 
20 100 49 46 
91 19 0 
36 100 
9 

#i: 24
95 11 42 27 0 0 26 88 53 0 26 31 0 45 45 63 2 51 51 0 98 47 0 28 61 0 82 97 86 37 68 0 82 0 
65 36 76 0 42 19 70 0 69 0 97 17 36 31 45 13 0 33 0 30 97 44 67 72 0 0 0 0 0 89 14 55 19 
72 19 46 81 24 69 9 20 35 58 75 0 66 95 37 55 0 75 50 69 31 58 96 11 73 51 45 0 0 46 0 23 
56 14 85 0 89 95 62 93 3 83 76 89 3 11 36 11 89 0 69 89 55 8 0 77 96 90 97 17 28 0 35 
16 66 45 62 0 39 34 79 0 0 0 86 9 41 0 0 90 16 63 86 54 44 74 36 0 30 85 3 0 68 
85 78 0 0 7 0 7 1 81 97 23 5 25 5 96 44 0 44 98 78 71 22 76 37 0 82 27 38 0 
11 81 14 97 0 52 25 86 97 0 54 14 0 91 0 82 0 25 0 20 20 0 77 60 7 57 40 62 
59 0 0 26 71 60 0 85 14 31 99 0 44 46 51 0 39 3 75 55 62 45 5 80 43 91 0 
100 98 25 0 0 20 92 69 0 51 0 94 79 98 70 5 0 0 93 77 11 89 9 77 97 0 
17 52 13 78 5 99 100 7 8 78 3 11 0 57 0 75 66 6 87 56 7 69 47 0 27 
90 0 66 14 59 36 81 35 0 21 39 0 68 67 49 8 63 79 39 82 0 41 44 0 
62 0 49 39 66 0 72 71 54 52 0 48 0 66 0 72 0 0 86 100 83 4 15 
93 4 90 0 73 48 6 0 50 0 52 0 33 4 93 9 0 92 83 93 83 0 
20 0 40 60 62 7 7 0 0 28 0 90 70 54 52 74 0 0 0 70 74 
2 4 0 5 10 0 22 0 0 24 2 0 51 31 18 0 68 0 17 29 
0 44 61 60 37 0 0 0 64 2 2 4 94 39 42 30 72 92 0 
35 35 75 57 68 0 56 56 35 13 73 55 7 0 0 25 35 86 
28 60 76 54 33 26 88 38 33 21 0 75 3 99 0 98 100 
16 45 0 0 0 48 0 40 99 46 80 0 50 51 80 86 
71 94 8 7 60 71 54 3 40 9 0 9 74 45 6 
42 0 51 41 82 96 98 31 43 54 18 53 52 0 
0 43 0 96 46 25 0 51 86 36 0 85 34 
63 97 17 95 36 74 0 25 9 90 24 93 
51 0 83 0 33 80 51 0 0 66 40 
21 78 77 68 97 21 0 0 30 0 
75 15 0 0 0 12 18 97 0 
55 0 13 53 88 86 31 0 
0 29 80 53 54 37 0 
0 0 27 0 82 42 
51 0 0 63 9 
81 0 82 0 
0 9 1 
0 69 
58 

#i: 25
51 90 83 13 0 35 0 0 28 59 64 4 5 39 98 0 0 28 0 74 72 0 4 3 0 0 7 29 82 0 75 6 0 
92 99 0 36 0 71 29 30 17 70 20 89 72 86 67 87 41 11 63 7 0 63 0 92 50 72 72 15 58 70 1 86 
58 0 33 94 76 5 84 77 5 75 22 33 0 0 16 88 47 29 81 96 43 100 0 90 12 54 61 44 26 21 7 
7 36 94 22 0 0 29 93 6 0 0 69 67 74 60 0 32 3 42 100 73 0 0 50 2 96 11 0 73 99 
76 8 0 87 3 0 54 33 74 92 62 83 61 41 62 41 0 6 52 0 51 22 80 0 0 78 0 0 52 
23 31 15 23 35 0 84 75 68 61 53 35 24 74 0 43 78 59 82 98 73 0 45 57 63 78 0 69 
16 0 0 54 2 93 66 89 92 44 43 63 0 45 0 0 11 29 15 29 59 38 72 0 18 32 13 
0 22 0 14 55 4 64 0 24 9 0 13 0 47 34 54 0 0 0 88 0 48 94 40 0 0 
9 22 93 0 13 50 0 16 57 25 0 70 63 9 2 35 23 0 29 27 46 56 30 0 4 
46 0 27 0 0 74 24 1 51 0 16 79 90 67 77 72 9 0 40 0 76 1 59 33 
25 0 89 30 2 20 95 0 96 0 13 73 22 3 0 32 49 87 66 0 0 99 7 
0 61 47 11 76 0 0 50 97 75 20 0 33 28 65 80 59 36 24 38 74 67 
41 0 20 0 33 24 58 66 81 35 33 54 20 12 77 0 80 80 38 92 55 
0 44 24 93 61 31 74 0 25 0 91 75 39 17 0 43 0 0 32 61 
27 48 35 66 50 91 97 77 0 80 19 43 0 57 0 0 86 90 10 
73 10 4 87 89 35 65 59 71 67 56 0 4 52 0 14 0 85 
52 50 67 75 26 77 0 0 85 0 83 58 0 2 45 98 49 
0 81 0 1 48 15 73 25 64 58 2 41 68 7 0 93 
86 71 92 17 34 90 0 73 7 0 69 72 65 14 0 
88 15 0 94 0 0 0 86 67 60 0 28 76 0 
35 8 45 0 29 29 38 33 24 0 47 0 82 
91 0 33 11 92 0 43 100 59 68 62 92 
0 91 96 46 76 51 0 38 92 0 4 
3 88 90 79 61 0 25 60 47 7 
46 98 63 0 17 94 0 75 56 
0 0 0 90 48 40 24 34 
0 68 0 0 27 17 3 
72 0 26 27 0 48 
75 24 0 5 94 
61 59 1 0 
97 31 0 
93 0 
0 

#i: 26
0 54 0 51 64 0 41 3 0 82 25 45 0 0 22 7 12 83 89 44 65 60 65 33 12 34 0 11 49 25 0 42 
5 17 91 99 0 20 18 0 62 0 61 0 30 15 59 0 34 1 31 41 95 95 39 31 95 83 91 85 61 11 70 
0 27 32 50 63 0 0 84 80 91 75 0 56 46 51 34 7 21 0 66 93 0 9 0 22 88 43 26 62 0 
0 42 79 56 9 0 55 27 91 85 0 0 58 0 79 40 16 13 95 90 49 42 18 33 38 74 3 57 0 
17 96 91 60 50 0 0 97 91 0 0 74 0 14 78 45 50 81 72 7 70 91 23 0 16 41 10 43 
61 36 0 0 77 57 0 0 0 0 13 37 92 98 2 26 87 49 94 46 0 8 90 74 0 2 0 
14 33 70 80 0 32 0 89 62 38 0 97 44 18 0 39 32 0 90 65 6 14 35 89 0 69 
0 4 100 0 78 0 0 18 27 95 0 99 62 12 0 0 0 77 0 45 83 0 30 38 84 
0 68 7 21 2 77 87 76 85 34 86 41 22 0 90 43 67 51 100 77 25 5 80 21 
29 0 1 11 34 96 65 93 80 0 1 39 74 12 56 24 21 25 0 83 93 74 0 
0 82 0 0 16 85 90 0 80 42 16 90 83 32 38 90 0 100 8 20 32 13 
96 76 0 0 40 61 0 70 31 43 66 0 89 74 0 71 40 0 72 34 47 
0 33 23 70 42 65 40 6 0 48 31 27 54 50 0 89 83 0 62 0 
0 21 12 27 35 64 53 34 12 76 7 0 51 71 34 70 6 65 70 
66 83 0 27 79 48 0 17 5 0 86 0 0 36 37 92 50 52 
30 0 27 84 19 69 71 73 68 7 14 93 67 75 15 0 0 
0 59 64 0 0 66 0 80 0 95 69 0 50 0 69 0 
15 0 60 13 67 94 17 37 28 0 94 1 0 7 0 
84 0 74 7 1 0 1 50 87 38 0 0 67 83 
0 45 48 0 34 1 82 0 0 46 39 80 69 
38 46 15 25 65 13 62 40 9 61 86 5 
0 78 0 10 0 41 19 0 94 0 79 
53 38 14 0 54 0 75 0 86 54 
0 13 0 55 67 31 0 86 93 
97 98 87 25 42 74 9 0 
13 74 16 0 0 22 0 
41 62 47 72 66 61 
93 53 98 0 29 
0 0 81 86 
0 0 58 
82 50 
88 

#i: 27
0 5 56 0 98 0 96 12 0 84 75 65 0 18 95 59 0 0 9 57 1 0 0 28 48 1 24 53 28 8 91 
65 59 64 0 80 32 89 56 48 58 26 0 0 35 0 10 29 0 73 80 5 70 9 92 55 0 73 47 38 0 
10 0 50 0 71 0 69 45 0 65 78 84 19 7 0 0 95 37 10 0 20 29 0 33 0 11 0 13 11 
0 9 53 0 0 50 71 100 0 21 22 0 25 65 25 63 51 98 3 74 36 55 44 1 0 79 0 0 
62 51 67 95 83 0 95 38 30 0 0 19 11 63 70 26 37 87 0 31 62 16 95 0 0 0 43 
72 0 81 89 57 0 55 65 0 59 23 74 25 37 13 0 6 91 35 90 60 0 0 0 53 85 
37 0 53 0 0 16 34 18 0 92 27 13 45 0 89 49 55 51 49 37 8 82 0 27 53 
0 55 13 79 35 70 22 31 12 15 15 31 4 50 15 69 70 82 0 10 0 42 48 34 
76 0 97 88 90 33 97 87 20 0 41 25 65 0 69 16 87 24 45 35 0 53 0 
5 0 71 74 66 94 50 39 36 96 15 63 92 0 83 85 7 0 0 58 0 41 
0 0 67 44 39 15 0 0 50 90 7 84 90 68 59 0 23 0 0 55 0 
75 69 4 38 30 0 7 0 58 0 73 52 98 24 58 0 0 86 0 94 
16 32 0 83 0 21 54 78 98 24 0 0 45 51 51 57 0 46 0 
0 20 91 83 3 2 4 0 55 82 70 8 54 67 0 19 82 86 
59 75 90 0 54 6 0 18 53 32 0 0 89 0 0 0 0 
0 0 65 91 79 90 99 0 23 65 0 45 35 9 17 57 
92 0 85 0 74 34 0 81 83 0 55 26 13 69 31 
93 0 0 66 73 33 35 26 0 31 85 37 0 37 
22 23 0 0 88 0 43 51 45 32 37 0 46 
43 89 76 42 0 0 0 12 87 0 2 36 
39 0 59 35 43 67 0 47 54 47 0 
0 52 43 22 1 0 37 81 0 62 
24 0 47 68 60 92 0 15 59 
30 19 28 45 88 66 0 47 
0 0 30 43 62 0 64 
98 64 71 91 12 0 
2 0 0 3 0 
31 38 91 81 
24 28 91 
0 60 
94 

#i: 28
71 78 0 65 54 17 0 31 0 40 15 0 12 0 7 79 0 0 0 0 24 25 0 0 73 37 0 9 52 79 
93 50 84 48 0 83 0 81 26 21 2 90 61 0 7 78 44 20 0 55 77 10 37 46 17 74 72 0 54 
33 12 57 0 19 73 0 0 20 0 0 0 5 67 0 0 37 76 98 4 78 53 71 9 0 0 43 30 
27 0 0 0 74 70 10 15 0 91 0 61 10 11 79 53 0 0 42 13 98 36 80 70 57 24 1 
97 24 10 64 3 99 83 11 51 77 39 0 60 67 81 78 74 85 55 13 0 15 48 51 34 0 
0 0 97 67 21 7 88 47 0 18 0 30 67 10 0 18 9 47 59 11 0 73 0 12 48 
37 83 0 12 47 65 70 6 76 0 70 2 0 97 0 27 55 0 0 0 14 7 66 15 
19 19 5 59 88 31 89 3 87 0 0 58 49 87 0 0 63 94 88 0 0 67 92 
73 69 16 98 0 11 9 0 72 41 60 34 96 89 46 64 0 100 35 91 90 97 
81 8 20 75 91 0 0 38 54 88 0 82 69 0 62 26 71 34 80 39 0 
66 0 95 0 58 93 72 66 0 64 0 14 71 0 62 39 44 0 0 95 
61 55 9 52 59 78 1 58 0 81 53 84 73 93 8 89 60 31 57 
38 0 50 75 90 90 89 47 79 0 66 37 56 13 0 12 13 66 
2 22 61 86 77 92 77 58 0 0 2 53 0 12 65 13 62 
81 0 47 52 0 98 0 16 0 22 73 0 8 0 0 40 
0 0 0 95 21 0 44 96 63 34 85 91 2 33 0 
0 17 0 50 7 0 0 85 80 79 3 62 15 18 
90 0 26 95 65 90 17 96 27 42 67 0 2 
54 66 27 31 73 0 97 1 0 34 0 66 
72 0 71 8 21 41 82 18 50 0 56 
64 2 77 7 69 57 0 99 0 1 
5 81 0 0 0 40 81 51 68 
14 15 87 85 69 38 31 21 
57 0 24 76 64 100 14 
8 4 35 40 77 100 
0 0 49 0 0 
0 15 0 18 
0 86 80 
43 72 
55 

#i: 29
29 4 44 72 20 7 92 87 70 95 0 0 83 0 98 89 61 58 15 0 46 37 87 0 0 41 0 0 84 
76 13 0 0 47 0 80 0 70 54 51 54 41 48 45 0 0 77 50 0 47 97 0 54 37 0 0 92 
8 33 0 12 1 68 67 65 24 23 73 0 47 56 81 89 0 0 44 70 0 55 44 80 58 0 0 
0 49 61 98 97 49 35 78 43 0 70 79 67 51 19 64 0 0 83 42 83 83 56 35 23 0 
38 93 0 93 34 24 0 73 54 30 18 81 0 48 56 57 86 94 83 0 24 26 65 95 0 
85 97 72 43 56 91 22 59 6 0 47 38 4 95 39 0 0 44 96 78 7 45 0 0 
97 21 64 45 67 42 97 0 32 100 84 13 37 67 91 73 22 14 24 60 73 20 0 
72 0 0 0 0 20 18 84 35 0 0 33 91 96 0 0 32 81 53 74 62 32 
55 0 53 79 44 25 28 51 0 20 67 80 33 26 12 95 7 0 9 59 62 
73 42 41 85 75 0 63 14 0 54 43 29 0 39 0 43 21 51 70 85 
0 0 0 0 8 21 90 81 0 67 0 3 77 32 13 19 22 0 70 
78 0 12 34 41 28 0 14 35 48 0 96 45 0 0 98 0 0 
63 80 42 36 0 84 0 35 0 81 6 0 63 78 50 45 17 
90 20 50 58 44 3 0 86 0 81 27 0 96 84 0 47 
100 0 0 81 74 0 5 65 81 0 77 0 66 46 15 
78 0 0 42 42 90 40 12 15 83 98 55 39 66 
45 25 0 87 54 49 67 57 30 70 0 84 0 
46 0 96 13 0 49 100 56 28 15 3 91 
79 0 57 65 78 79 96 40 2 39 100 
0 0 51 79 13 0 87 74 8 50 
99 35 100 25 3 83 5 0 0 
57 61 87 23 37 57 0 34 
16 0 14 20 24 72 97 
22 44 70 0 24 11 
19 12 74 7 0 
89 0 69 54 
99 51 1 
9 36 
30 

#i: 30
37 81 98 6 76 42 0 85 23 18 0 81 0 79 24 0 70 0 27 78 75 6 58 0 48 0 0 84 
60 42 89 33 26 44 5 46 0 64 88 23 10 0 0 30 46 87 0 92 8 78 0 98 98 62 25 
0 59 43 30 32 69 0 0 54 46 90 99 93 54 85 58 0 33 3 3 95 76 9 34 92 95 
11 0 14 0 0 4 11 28 52 0 30 21 71 0 100 18 43 87 61 37 28 26 96 79 0 
44 0 80 60 27 0 14 22 85 64 59 56 0 69 27 53 0 0 69 28 21 48 0 87 
67 0 0 41 0 0 89 3 48 61 84 43 66 20 6 20 0 72 0 46 13 67 25 
40 74 93 37 0 1 63 0 0 83 0 0 97 0 80 0 90 6 13 63 20 0 
92 29 51 47 40 33 61 0 86 33 9 89 6 89 38 60 0 53 12 6 16 
90 89 19 60 61 0 59 14 0 24 0 2 0 94 0 50 83 40 61 13 
0 55 0 0 61 23 0 80 49 0 60 0 90 79 82 73 31 41 99 
49 41 97 71 36 0 76 54 55 0 95 53 0 42 50 30 36 47 
0 0 91 59 0 0 29 0 0 58 76 0 46 0 44 0 75 
81 42 72 98 21 61 67 6 11 0 45 44 0 77 22 41 
33 0 29 1 86 65 8 54 48 0 85 38 76 65 65 
0 0 92 0 21 0 12 38 32 60 99 62 58 36 
86 0 44 66 1 16 65 30 27 77 26 42 41 
88 9 71 91 86 20 0 75 25 0 17 46 
15 64 18 24 0 95 0 8 85 0 82 
61 43 12 46 90 55 100 0 40 42 
10 7 97 53 85 74 34 79 27 
2 69 0 0 0 51 35 54 
0 48 59 50 34 7 17 
27 71 0 88 28 0 
60 83 0 68 40 
88 0 33 6 
0 0 78 
47 0 
91 

#i: 31
29 30 57 64 31 36 0 0 69 0 0 33 86 26 20 95 75 53 0 24 67 72 42 45 0 85 0 
4 0 43 0 41 0 63 83 98 89 6 40 6 87 41 64 62 24 4 98 0 45 0 42 20 50 
50 11 46 5 0 89 0 91 86 51 43 0 0 61 0 78 24 0 0 42 92 0 42 70 26 
0 57 0 2 54 57 0 10 0 44 29 95 84 63 90 0 86 67 0 100 0 98 0 0 
100 25 44 65 0 34 89 82 0 69 10 87 70 96 0 0 53 2 95 0 0 0 50 
33 0 16 73 41 0 41 0 2 0 54 0 98 0 0 0 58 76 49 59 0 0 
0 40 100 54 0 0 0 0 49 12 85 51 0 0 98 74 14 18 42 78 37 
0 0 81 53 48 71 0 10 34 0 41 52 92 0 85 28 43 57 58 36 
49 43 73 54 5 0 98 5 50 0 26 63 0 14 33 0 76 42 68 
0 44 0 82 77 86 42 78 84 94 0 55 27 17 0 0 0 58 
73 87 20 9 12 42 52 7 0 62 87 0 0 23 3 10 65 
14 93 59 70 86 58 80 0 99 41 0 47 14 0 100 21 
90 82 0 26 39 94 70 0 0 88 0 67 31 0 0 
97 66 81 56 62 56 0 32 75 12 70 54 63 0 
98 29 32 20 52 14 6 44 71 8 0 56 78 
11 0 63 49 43 89 7 96 74 63 31 12 
66 0 0 67 61 0 80 16 88 0 0 
32 24 80 0 0 0 35 0 0 14 
1 4 38 0 61 97 11 54 7 
54 4 26 81 0 0 31 0 
58 68 77 40 43 66 0 
36 26 56 43 91 7 
67 53 23 98 48 
32 85 99 0 
0 71 0 
0 46 
0 

#i: 32
98 47 0 25 37 54 51 62 86 30 84 51 51 100 55 20 0 9 73 0 0 0 82 40 8 84 
0 28 0 85 0 3 14 79 83 0 69 33 74 60 0 91 23 27 81 27 23 26 55 0 0 
22 61 69 41 72 31 9 47 32 49 43 0 0 0 58 0 0 99 0 0 18 1 0 99 
0 47 86 0 46 0 73 84 15 65 34 83 1 0 74 87 0 94 0 0 69 0 61 
7 6 73 0 0 0 0 40 20 0 0 52 0 77 9 5 91 0 0 0 47 81 
18 22 45 0 48 92 91 19 89 82 23 0 77 53 14 0 76 13 16 61 93 
51 66 38 100 69 0 15 0 2 67 100 60 39 0 30 81 0 5 46 10 
70 90 94 88 0 0 75 73 79 60 93 0 35 0 0 46 70 44 38 
0 74 81 9 14 2 0 75 53 87 43 65 0 17 96 44 48 50 
43 94 56 61 54 64 0 11 0 63 15 15 0 0 50 0 45 
53 2 13 0 71 67 62 0 5 33 35 84 96 0 0 24 
32 4 0 17 32 0 83 90 26 76 92 0 0 0 0 
0 67 8 29 30 0 0 30 0 87 21 32 0 3 
24 63 0 89 0 56 0 0 60 97 48 99 0 
54 85 61 0 90 0 50 0 41 47 66 0 
41 12 76 59 79 47 0 42 56 68 70 
49 0 42 19 48 22 1 88 0 0 
44 0 73 37 0 90 28 0 0 
93 20 64 76 69 60 49 69 
47 78 39 59 48 10 0 
86 70 6 0 82 63 
35 68 77 33 0 
13 86 73 0 
73 0 26 
83 1 
0 

#i: 33
25 96 46 11 20 3 29 86 54 0 0 4 88 53 61 11 0 75 56 54 0 24 37 85 0 
0 6 46 30 88 46 6 7 100 0 0 0 25 1 57 13 0 84 0 0 0 75 87 0 
86 16 50 75 41 95 32 97 35 16 0 4 83 12 80 0 74 16 0 30 29 56 0 
79 0 2 44 85 99 32 0 78 22 32 54 11 59 81 0 0 97 97 0 44 0 
29 42 75 78 0 64 32 21 0 86 88 0 0 62 81 72 0 0 20 17 36 
10 68 81 1 39 41 0 82 63 20 0 100 94 84 54 3 74 0 22 95 
53 76 88 50 32 62 54 13 39 55 93 60 39 8 88 3 91 62 67 
59 0 15 0 49 94 30 7 32 24 0 0 98 54 0 85 35 54 
77 43 21 76 58 39 39 6 15 0 93 58 24 0 0 42 34 
78 9 77 0 21 87 18 0 77 31 23 0 69 0 46 92 
33 0 43 43 0 22 0 73 14 78 68 92 82 60 55 
22 0 100 90 27 89 45 25 24 69 9 0 96 0 
38 46 32 47 23 66 30 5 77 20 11 41 0 
0 17 40 54 79 1 0 83 57 0 69 100 
67 2 0 0 75 8 0 45 51 45 27 
0 45 17 3 61 5 18 40 40 88 
64 20 12 74 0 0 0 58 72 
0 0 92 0 97 71 29 83 
40 9 99 33 54 0 70 
16 3 93 0 94 30 
94 0 33 16 0 
0 39 23 0 
68 19 0 
0 0 
44 

#i: 34
29 40 26 25 74 12 21 29 82 24 0 38 99 0 31 100 69 98 51 0 73 67 0 62 
0 88 63 53 37 0 14 54 44 53 66 96 4 0 13 0 59 90 0 37 45 18 88 
8 84 15 61 65 94 21 87 47 3 23 0 51 0 82 0 71 0 5 89 0 99 
100 0 99 0 17 0 98 0 94 85 0 19 51 85 57 61 29 87 3 71 0 
65 0 51 45 45 69 29 47 16 42 20 94 6 0 27 81 68 19 20 22 
84 65 0 70 33 0 66 37 35 0 26 66 0 0 0 71 53 18 54 
44 95 4 6 67 51 99 0 16 0 47 0 0 83 50 48 46 47 
59 33 25 86 0 67 0 95 0 0 94 36 21 46 93 55 0 
70 0 74 93 58 35 82 46 59 85 57 0 45 0 0 34 
0 59 74 98 58 9 96 83 81 16 0 0 58 0 100 
95 44 62 69 59 29 70 100 71 65 26 33 66 0 
74 0 0 0 0 90 81 66 26 23 98 90 37 
65 94 0 87 0 66 33 68 52 7 0 8 
73 0 0 37 39 0 78 0 15 29 0 
0 69 53 56 0 49 17 59 29 0 
64 93 0 73 69 0 13 42 85 
0 94 14 54 0 0 98 20 
89 0 29 0 71 8 100 
8 0 42 39 53 33 
0 44 17 18 46 
51 0 0 0 
95 28 80 
22 56 
47 

#i: 35
65 0 91 0 51 51 88 26 56 0 21 76 0 88 0 0 24 40 44 14 2 76 20 
6 0 0 0 71 34 0 68 0 46 44 89 80 50 20 49 77 86 79 84 0 54 
23 82 10 27 45 86 62 0 59 67 85 61 83 37 0 4 93 71 8 61 0 
22 0 33 0 0 0 32 19 43 0 52 95 86 22 37 91 96 97 96 36 
85 0 9 31 27 7 26 81 29 56 0 86 91 5 0 38 89 89 2 
87 33 54 0 61 0 20 0 5 23 35 97 74 23 0 39 0 12 
0 56 33 82 0 96 29 0 0 0 54 37 16 94 27 53 72 
62 54 14 67 0 78 8 0 45 26 85 50 46 11 71 0 
0 0 69 95 26 46 0 22 80 2 0 18 95 64 0 
9 23 72 14 0 42 81 38 56 0 64 34 15 68 
14 4 26 90 32 0 60 47 79 0 57 0 95 
0 84 65 91 0 5 1 11 64 0 0 15 
60 45 91 19 71 88 20 91 50 67 45 
92 30 0 0 27 82 53 98 23 96 
79 0 52 40 49 33 23 29 58 
93 23 0 76 0 17 94 40 
0 29 32 55 17 37 0 
17 69 41 58 49 85 
55 83 0 96 89 
0 0 0 31 
74 70 0 
24 25 
0 

#i: 36
19 0 18 0 87 12 51 56 53 52 41 4 80 0 90 37 70 75 0 38 0 10 
66 0 0 29 0 12 57 22 88 92 58 23 48 84 0 0 54 0 0 23 99 
6 0 44 0 50 71 0 0 17 33 39 38 0 0 14 0 75 43 0 0 
0 51 44 52 23 29 17 48 56 81 17 80 5 100 12 0 73 75 2 
96 0 61 83 0 24 78 72 0 0 0 0 0 57 15 59 41 85 
14 77 0 92 0 39 72 68 78 0 55 15 31 16 63 3 49 
16 90 62 81 2 26 0 7 93 0 83 0 51 60 49 46 
71 0 53 37 50 79 6 0 83 78 33 0 19 25 0 
27 12 0 32 0 54 25 42 77 1 0 7 0 34 
35 79 41 0 40 71 0 53 75 0 0 93 44 
58 74 0 0 0 35 84 77 0 61 0 52 
71 44 0 24 10 54 0 28 0 56 48 
0 30 2 76 80 53 0 0 20 65 
76 71 95 93 56 9 0 12 0 
9 59 28 77 65 72 41 10 
15 21 50 99 23 0 0 
3 81 0 13 63 0 
65 0 15 0 36 
49 22 54 20 
3 0 0 
71 98 
100 

#i: 37
1 1 0 95 100 86 56 0 0 47 43 31 0 78 0 0 0 88 30 0 35 
0 73 0 0 3 75 60 7 8 76 93 0 0 40 79 46 8 82 0 0 
0 0 98 75 97 0 35 69 62 75 0 38 38 86 74 76 16 0 84 
32 45 1 39 84 1 83 57 0 55 7 32 16 60 3 98 24 92 
32 30 70 31 3 47 85 53 48 29 87 0 17 10 71 73 0 
56 0 0 72 0 74 85 13 0 47 40 79 44 80 49 16 
0 0 3 66 67 94 0 0 79 86 14 0 67 0 57 
92 55 49 0 29 60 42 18 99 65 86 0 94 48 
77 78 100 0 84 65 0 11 95 23 83 46 92 
25 87 71 9 0 51 0 0 54 47 72 67 
0 78 58 22 1 36 0 1 0 0 16 
0 78 41 77 0 89 0 84 5 9 
26 61 52 86 65 8 68 50 64 
92 0 38 0 71 95 37 52 
59 76 0 24 99 0 98 
14 0 0 0 54 37 
0 0 0 83 50 
8 84 0 0 
39 67 49 
80 49 
28 

#i: 38
0 0 0 95 22 42 75 34 0 73 24 0 0 57 95 0 42 1 0 0 
0 98 0 76 42 39 44 96 14 60 14 4 0 11 75 100 0 0 61 
93 28 80 0 6 46 0 59 36 0 0 19 75 74 92 64 0 62 
82 39 100 19 84 8 91 74 71 77 0 0 11 33 0 31 76 
93 0 32 60 40 72 83 0 67 25 0 49 55 19 2 88 
2 29 0 45 79 62 31 74 53 0 50 67 0 25 94 
17 75 0 89 73 85 99 0 10 70 67 0 50 0 
8 58 5 80 0 0 0 9 68 0 63 60 95 
0 26 67 4 28 52 98 73 39 47 0 59 
6 0 50 88 43 25 0 6 0 0 0 
54 0 78 0 63 15 61 92 35 82 
85 21 77 0 16 49 33 93 43 
20 0 0 64 27 44 2 72 
0 85 62 29 53 75 0 
99 56 0 82 49 60 
0 0 13 30 19 
42 15 37 6 
10 68 0 
35 0 
58 

#i: 39
22 91 91 0 11 34 28 61 98 50 59 21 0 0 73 58 70 10 68 
40 7 85 45 44 0 67 0 0 0 13 0 3 88 84 86 75 20 
0 28 26 70 85 62 4 10 0 93 54 44 50 83 81 86 46 
55 57 61 75 89 87 74 39 0 80 0 77 0 55 9 67 
53 8 0 64 88 69 61 0 35 100 0 0 97 6 25 
74 34 0 10 0 71 57 78 49 38 0 67 0 6 
0 76 20 4 2 18 0 66 0 0 50 91 96 
87 53 0 0 0 89 75 0 0 0 0 63 
74 28 37 0 93 42 80 0 3 74 44 
78 82 0 67 73 0 57 0 70 14 
0 13 3 0 82 99 43 73 73 
0 17 47 55 66 20 16 82 
27 1 93 52 52 93 0 
30 83 0 52 22 0 
63 0 62 50 94 
17 46 61 0 
30 74 83 
89 48 
36 

#i: 40
27 41 0 1 0 3 86 0 30 0 56 69 86 5 31 66 32 54 
9 75 79 98 35 83 71 97 84 78 74 99 54 76 25 72 0 
0 5 0 0 50 49 0 44 1 26 76 0 18 11 23 51 
54 69 96 3 74 86 22 14 29 19 91 0 32 89 14 
22 50 95 96 38 98 32 62 67 0 41 79 2 12 
51 0 0 0 22 9 90 49 60 11 89 31 97 
60 0 0 86 0 83 0 89 6 0 27 61 
0 5 19 0 48 54 26 0 6 4 37 
48 59 88 0 59 57 23 0 10 86 
28 0 8 10 90 22 45 73 0 
98 81 21 32 61 34 0 0 
54 0 15 0 71 46 67 
75 22 0 55 0 23 
56 76 73 0 37 
82 38 76 0 
22 0 96 
45 77 
0 

#i: 41
0 0 45 73 86 96 46 67 93 0 99 94 7 0 82 44 0 
0 0 0 87 0 0 50 0 61 0 0 49 69 36 49 97 
0 80 1 34 0 99 28 95 0 92 0 0 89 9 91 
31 20 0 0 0 33 46 10 0 22 0 0 12 35 
37 0 0 41 0 39 82 71 0 0 16 91 89 
0 0 72 0 10 36 99 38 0 1 49 15 
0 0 45 23 0 2 66 2 91 65 0 
92 0 70 90 83 0 0 94 76 88 
77 85 96 72 99 39 4 40 70 
24 0 84 97 16 33 76 81 
0 82 85 58 57 10 69 
45 0 77 17 76 0 
0 76 39 4 56 
21 93 100 39 
10 90 10 
54 0 
71 

#i: 42
3 64 86 48 36 0 0 22 78 76 51 50 73 73 47 41 
59 0 91 30 0 19 66 0 50 81 5 0 47 29 62 
41 71 44 3 78 0 30 67 0 91 92 7 29 0 
86 14 0 54 92 80 52 0 0 37 89 91 92 
0 30 27 16 29 76 31 0 32 0 50 56 
65 86 23 46 11 49 0 86 6 12 71 
0 64 76 90 0 44 0 34 35 63 
54 46 16 58 65 17 81 41 0 
0 65 18 65 0 0 34 98 
27 0 14 77 59 97 80 
0 11 0 20 72 65 
80 55 6 93 3 
0 85 35 55 
9 67 41 
9 12 
17 

#i: 43
0 23 55 0 83 45 51 0 86 48 50 33 81 0 54 
41 68 67 15 88 0 0 0 78 55 74 43 73 0 
64 54 49 5 4 0 77 13 75 91 53 0 76 
29 28 88 73 19 98 0 0 13 95 0 57 
0 66 34 0 34 94 10 82 47 41 46 
80 69 0 25 0 0 61 48 19 0 
23 0 4 0 17 82 0 1 0 
9 47 48 67 22 0 81 71 
9 0 35 45 21 0 0 
0 33 93 22 58 92 
99 12 16 36 96 
97 0 0 29 
21 73 71 
0 15 
0 

#i: 44
37 80 0 94 67 0 4 0 0 0 64 22 59 99 
29 87 0 25 22 28 41 7 58 70 73 69 83 
0 94 15 22 0 10 31 83 54 2 90 66 
19 0 4 1 18 12 80 26 57 7 60 
21 0 76 29 68 68 46 39 99 87 
24 27 99 0 96 37 2 9 30 
0 41 75 98 0 47 9 0 
11 83 0 26 42 96 35 
78 0 32 0 50 53 
88 23 0 13 0 
50 78 35 31 
36 92 0 
0 39 
68 

#i: 45
82 0 76 64 12 13 5 67 93 5 95 20 84 
91 86 91 0 76 13 79 0 47 25 61 6 
7 54 85 49 0 95 68 82 2 0 1 
83 15 65 58 85 56 2 68 66 49 
0 62 96 50 0 33 74 69 37 
27 0 0 67 82 0 4 90 
65 0 0 76 25 16 16 
67 95 0 50 21 0 
0 0 34 36 0 
0 0 9 67 
34 28 73 
64 0 
0 

#i: 46
79 70 8 95 0 61 96 14 56 55 1 0 
67 77 86 0 59 8 0 26 0 18 61 
57 89 26 60 63 85 0 83 0 77 
4 91 7 34 13 58 0 75 0 
68 0 72 0 5 13 96 74 
26 5 59 82 0 0 90 
0 52 7 47 16 18 
0 83 87 0 20 
89 0 40 0 
8 95 13 
38 93 
81 

#i: 47
76 77 60 88 23 0 47 46 0 16 62 
55 45 84 67 92 12 92 77 34 0 
0 9 0 58 0 85 13 44 32 
33 100 0 87 0 47 33 55 
16 59 84 55 55 0 2 
0 53 40 0 81 72 
85 86 24 37 44 
0 39 8 0 
88 0 33 
31 16 
26 

#i: 48
0 36 0 70 45 0 32 0 35 60 
87 94 0 37 14 28 11 13 92 
97 0 0 5 64 52 0 0 
55 90 77 85 82 35 12 
98 50 0 56 4 54 
3 86 35 8 24 
29 0 0 74 
0 31 97 
7 11 
0 

#i: 49
0 34 0 80 47 8 62 85 65 
0 76 44 52 76 40 1 0 
0 34 86 2 0 0 73 
28 0 46 48 66 89 
4 0 5 3 96 
6 27 55 60 
0 0 83 
37 55 
0 

#i: 50
0 14 29 67 34 88 93 94 
41 76 95 53 79 56 14 
13 12 67 19 0 17 
96 0 60 61 100 
27 99 60 0 
44 76 50 
36 41 
83 

#i: 51
9 45 12 33 93 42 0 
24 9 41 54 89 93 
39 0 73 0 52 
95 41 0 22 
0 0 96 
7 70 
3 

#i: 52
32 0 0 51 27 24 
0 0 2 10 39 
67 83 1 26 
34 45 0 
67 0 
53 

#i: 53
1 72 0 25 30 
24 69 81 0 
35 10 36 
34 52 
28 

#i: 54
91 54 0 2 
77 0 0 
69 36 
70 

#i: 55
0 0 0 
0 37 
72 

#i: 56
45 0 
0 

#i: 57
29 

#i: 58

#i: 59

ckp-60-0.75.txt